0	0.2		0.2		0.2		0.2		0.2		0
1	0.20035		0.19966		0.20005		0.20013		0.1998		0
2	0.20086		0.19926		0.20006		0.20026		0.19956		0
3	0.20153		0.19879		0.20004		0.20039		0.19925		0
4	0.20243		0.19822		0.19998		0.20051		0.19885		0
5	0.20367		0.19753		0.19987		0.2006		0.19833		0
6	0.20545		0.19665		0.19965		0.20062		0.19763		0
7	0.20799		0.19551		0.19928		0.20055		0.19668		0
8	0.21116		0.19412		0.1988		0.20045		0.19548		0
9	0.21447		0.19256		0.19835		0.2005		0.19412		0
10	0.21775		0.19083		0.19798		0.20087		0.19258		0
11	0.2209		0.18884		0.19773		0.20174		0.1908		0
12	0.22382		0.18655		0.19753		0.20342		0.18869		0
13	0.22653		0.18392		0.19724		0.20604		0.18626		0
14	0.22935		0.18109		0.19679		0.20915		0.18362		0
15	0.23263		0.17813		0.19617		0.21221		0.18085		0
16	0.23642		0.17508		0.19542		0.21509		0.17799		0
17	0.24042		0.172		0.19463		0.21785		0.1751		0
18	0.24438		0.16893		0.19391		0.22055		0.17224		0
19	0.24825		0.16586		0.19334		0.22317		0.16938		0
20	0.25197		0.16279		0.19303		0.22567		0.16653		0
21	0.25546		0.15971		0.19317		0.228		0.16368		0
22	0.25863		0.1566		0.19385		0.23011		0.16081		0
23	0.26157		0.1535		0.19485		0.2321		0.15797		0
24	0.26439		0.15046		0.19585		0.23407		0.15522		0
25	0.2671		0.14748		0.1968		0.23607		0.15255		0
26	0.26969		0.14456		0.19767		0.2381		0.14998		0
27	0.27213		0.14169		0.19847		0.24018		0.14752		0
28	0.27443		0.13888		0.1992		0.24231		0.14519		0
29	0.27657		0.13613		0.19986		0.24445		0.14299		0
30	0.27857		0.13344		0.20048		0.24657		0.14094		0
31	0.28044		0.13083		0.20106		0.24862		0.13906		0
32	0.28219		0.12828		0.20162		0.2506		0.13731		0
33	0.28383		0.1258		0.2022		0.25251		0.13566		0
34	0.28537		0.12339		0.20279		0.25437		0.13408		0
35	0.28683		0.12105		0.20342		0.25616		0.13254		0
36	0.2882		0.11878		0.2041		0.2579		0.13102		0
37	0.28948		0.11656		0.20484		0.25958		0.12953		0
38	0.29068		0.11441		0.20563		0.26121		0.12807		0
39	0.2918		0.11232		0.20645		0.26279		0.12663		0
40	0.29285		0.11029		0.20729		0.26433		0.12523		0
41	0.29386		0.10832		0.20812		0.26584		0.12386		0
42	0.29481		0.10641		0.20894		0.26731		0.12252		0
43	0.29571		0.10455		0.20975		0.26877		0.12121		0
44	0.29657		0.10275		0.21055		0.2702		0.11994		0
45	0.29737		0.101		0.21133		0.2716		0.11871		0
46	0.29814		0.099294		0.21209		0.27297		0.11751		0
47	0.29886		0.09764		0.21285		0.27431		0.11634		0
48	0.29953		0.096033		0.21359		0.27563		0.11521		0
49	0.30015		0.094471		0.21432		0.27693		0.11412		0
50	0.30074		0.092952		0.21505		0.27821		0.11305		0
51	0.30129		0.091476		0.21576		0.27946		0.11202		0
52	0.3018		0.09004		0.21647		0.28068		0.11101		0
53	0.30226		0.088643		0.21718		0.28189		0.11002		0
54	0.30269		0.087284		0.21789		0.28307		0.10906		0
55	0.30308		0.08596		0.2186		0.28424		0.10812		0
56	0.30345		0.084672		0.2193		0.28538		0.1072		0
57	0.30378		0.083417		0.22002		0.2865		0.10629		0
58	0.30407		0.082194		0.22074		0.2876		0.1054		0
59	0.30432		0.081003		0.22147		0.28869		0.10452		0
60	0.30454		0.079841		0.22221		0.28975		0.10365		0
61	0.30474		0.078708		0.22297		0.29079		0.1028		0
62	0.3049		0.077603		0.22375		0.2918		0.10195		0
63	0.30501		0.076525		0.22455		0.29279		0.10112		0
64	0.30509		0.075473		0.22538		0.29376		0.10029		0
65	0.30512		0.074446		0.22625		0.2947		0.099478		0
66	0.30513		0.073443		0.22715		0.29561		0.098673		0
67	0.3051		0.072463		0.22808		0.29648		0.097876		0
68	0.30502		0.071506		0.22906		0.29733		0.097088		0
69	0.3049		0.070571		0.23008		0.29814		0.09631		0
70	0.30474		0.069657		0.23113		0.29893		0.09554		0
71	0.30456		0.068764		0.23221		0.29969		0.09478		0
72	0.30435		0.067891		0.2333		0.30043		0.094028		0
73	0.30411		0.067037		0.23441		0.30115		0.093287		0
74	0.30385		0.066203		0.23553		0.30186		0.092556		0
75	0.30357		0.065387		0.23665		0.30255		0.091834		0
76	0.30328		0.064589		0.23778		0.30323		0.091122		0
77	0.30298		0.063809		0.23891		0.30389		0.09042		3
78	0.30265		0.063046		0.24004		0.30454		0.089728		3
79	0.3023		0.062299		0.24117		0.30518		0.089045		3
80	0.30194		0.061567		0.24231		0.30581		0.088372		3
81	0.30157		0.060852		0.24345		0.30642		0.087709		3
82	0.30119		0.060151		0.24459		0.30701		0.087055		3
83	0.30078		0.059465		0.24574		0.3076		0.08641		3
84	0.30036		0.058793		0.24689		0.30818		0.085776		3
85	0.29993		0.058135		0.24804		0.30874		0.085151		3
86	0.29949		0.057491		0.2492		0.30928		0.084535		3
87	0.29904		0.056859		0.25036		0.30982		0.083929		3
88	0.29857		0.056241		0.25152		0.31034		0.083334		3
89	0.29808		0.055634		0.25268		0.31085		0.082748		3
90	0.29759		0.05504		0.25385		0.31135		0.082172		3
91	0.29709		0.054457		0.25502		0.31183		0.081606		3
92	0.29658		0.053886		0.25619		0.3123		0.081051		3
93	0.29605		0.053326		0.25736		0.31275		0.080506		3
94	0.29551		0.052777		0.25854		0.3132		0.079973		3
95	0.29477		0.052335		0.25957		0.31387		0.079455		3
96	0.29405		0.051886		0.26061		0.31452		0.07893		3
97	0.29332		0.051445		0.26166		0.31515		0.078425		3
98	0.29257		0.051012		0.2627		0.31578		0.077938		3
99	0.29182		0.050586		0.26374		0.31638		0.077467		3
100	0.29106		0.050167		0.26478		0.31698		0.077013		3
101	0.2903		0.049756		0.26582		0.31755		0.076577		3
102	0.28954		0.049352		0.26685		0.3181		0.076161		3
103	0.28876		0.048956		0.26788		0.31864		0.075766		3
104	0.28796		0.04856		0.2689		0.31919		0.075394		3
105	0.28714		0.048159		0.26989		0.31976		0.075043		3
106	0.28608		0.047898		0.27066		0.32061		0.074743		3
107	0.28506		0.047591		0.27139		0.32153		0.074418		3
108	0.28406		0.047284		0.27209		0.32241		0.07415		3
109	0.28308		0.046974		0.27275		0.32327		0.073932		3
110	0.28223		0.046683		0.27347		0.32382		0.073797		3
111	0.28141		0.04643		0.27412		0.32431		0.073731		3
112	0.28051		0.046158		0.2746		0.32507		0.07366		3
113	0.27971		0.045882		0.27507		0.32575		0.073594		3
114	0.279		0.045609		0.27552		0.32633		0.073539		3
115	0.27838		0.045343		0.27596		0.32682		0.073496		3
116	0.27785		0.045083		0.27638		0.32723		0.073461		3
117	0.27739		0.04484		0.27676		0.32758		0.073435		3
118	0.27698		0.044627		0.27708		0.32789		0.073415		3
119	0.27665		0.044418		0.27736		0.32819		0.073388		3
120	0.27639		0.044219		0.27759		0.32845		0.07336		3
121	0.2762		0.044016		0.27776		0.32869		0.073331		3
122	0.2761		0.043821		0.27789		0.32889		0.073301		3
123	0.27607		0.043627		0.27798		0.32905		0.073271		3
124	0.27607		0.043437		0.27805		0.3292		0.073241		3
125	0.27607		0.043247		0.27812		0.32935		0.073211		3
126	0.27611		0.043061		0.27817		0.32948		0.073183		3
127	0.27619		0.042876		0.2782		0.32958		0.073155		3
128	0.27631		0.042695		0.27821		0.32966		0.073127		3
129	0.27648		0.042513		0.27818		0.32973		0.073097		3
130	0.27669		0.042336		0.27813		0.32977		0.073066		3
131	0.27688		0.042165		0.27807		0.32985		0.073035		3
132	0.27706		0.041986		0.278		0.32994		0.073004		3
133	0.27724		0.041809		0.27793		0.33005		0.072973		3
134	0.27742		0.041627		0.27785		0.33017		0.072938		3
135	0.2776		0.041448		0.27778		0.33026		0.072904		3
136	0.27779		0.041273		0.27772		0.33035		0.07287		3
137	0.27797		0.041099		0.27767		0.33042		0.072837		3
138	0.27815		0.040922		0.27764		0.33049		0.072803		3
139	0.27832		0.040749		0.27761		0.33055		0.072769		3
140	0.27847		0.04058		0.27758		0.33064		0.072732		3
141	0.2786		0.040407		0.27757		0.33073		0.072692		3
142	0.27871		0.04024		0.27757		0.33083		0.07265		3
143	0.27874		0.040076		0.27756		0.33102		0.072601		3
144	0.27874		0.0399		0.27757		0.33123		0.072553		3
145	0.27876		0.039723		0.27759		0.33143		0.072504		3
146	0.2788		0.039545		0.27763		0.33157		0.072457		3
147	0.27886		0.039371		0.27769		0.33167		0.072412		3
148	0.27895		0.039196		0.27776		0.33173		0.072369		3
149	0.27913		0.038973		0.27793		0.33166		0.072311		3
150	0.27937		0.038716		0.27813		0.33158		0.072205		3
151	0.27964		0.03846		0.27837		0.33141		0.07211		3
152	0.27992		0.038208		0.27862		0.33122		0.072032		3
153	0.2802		0.037957		0.27886		0.33101		0.071964		3
154	0.28048		0.037708		0.2791		0.33081		0.071903		3
155	0.28076		0.03746		0.27933		0.3306		0.071847		3
156	0.28116		0.037216		0.27969		0.33013		0.071802		3
157	0.28159		0.036975		0.28007		0.32962		0.071757		3
158	0.28203		0.03671		0.28046		0.3291		0.071699		3
159	0.28248		0.036448		0.28086		0.32857		0.071641		3
160	0.28293		0.036193		0.28124		0.32805		0.071589		3
161	0.28336		0.035942		0.28163		0.32753		0.071539		3
162	0.28379		0.035697		0.282		0.32702		0.07149		3
163	0.28436		0.035455		0.28251		0.32623		0.071446		3
164	0.28492		0.035217		0.28301		0.32544		0.071403		3
165	0.28548		0.034985		0.2835		0.32468		0.07136		3
166	0.28601		0.034755		0.28398		0.32394		0.071318		3
167	0.28653		0.034531		0.28443		0.32323		0.071277		3
168	0.28703		0.034311		0.28487		0.32256		0.071236		3
169	0.28749		0.034097		0.28527		0.32195		0.071196		3
170	0.28792		0.033887		0.28563		0.3214		0.071155		3
171	0.28832		0.033679		0.28596		0.32092		0.071112		3
172	0.28868		0.033475		0.28626		0.32052		0.071067		3
173	0.28899		0.033274		0.2865		0.32022		0.071021		3
174	0.28925		0.033077		0.28669		0.32001		0.070971		3
175	0.28945		0.032883		0.28683		0.31991		0.070919		3
176	0.28961		0.032692		0.28693		0.31991		0.070864		3
177	0.28973		0.032505		0.28698		0.31997		0.070808		3
178	0.28984		0.032323		0.28702		0.32006		0.070752		3
179	0.28994		0.032144		0.28705		0.32017		0.070696		3
180	0.29001		0.032008		0.28706		0.32027		0.070651		3
181	0.2901		0.031868		0.28708		0.32037		0.07059		3
182	0.29018		0.031732		0.28709		0.32046		0.070537		3
183	0.29026		0.031599		0.28711		0.32055		0.070488		3
184	0.29034		0.03147		0.28712		0.32064		0.070443		3
185	0.29041		0.031344		0.28713		0.32072		0.070399		3
186	0.29049		0.031221		0.28713		0.3208		0.070358		3
187	0.29056		0.0311		0.28714		0.32088		0.070318		3
188	0.29064		0.030982		0.28714		0.32096		0.070279		3
189	0.29071		0.030867		0.28715		0.32104		0.070241		3
190	0.29078		0.030753		0.28715		0.32112		0.070203		3
191	0.29082		0.030693		0.28714		0.32117		0.070177		3
192	0.29084		0.030615		0.28713		0.32131		0.070101		3
193	0.29087		0.030517		0.28715		0.32133		0.070139		3
194	0.29086		0.030402		0.28715		0.32148		0.070118		3
195	0.29082		0.030267		0.28712		0.32175		0.070033		3
196	0.29079		0.030209		0.28715		0.32178		0.07007		3
197	0.29069		0.030141		0.28714		0.322		0.070024		3
198	0.29059		0.030079		0.28712		0.32223		0.069978		3
199	0.2905		0.03001		0.28711		0.32244		0.069943		3
200	0.29041		0.029934		0.28708		0.32268		0.069893		3
201	0.29033		0.029856		0.28707		0.3229		0.069839		3
202	0.29026		0.029774		0.28706		0.32312		0.069784		3
203	0.2902		0.02969		0.28706		0.32332		0.069728		3
204	0.29014		0.029611		0.28705		0.32352		0.06968		3
205	0.29008		0.029543		0.28705		0.32369		0.069642		3
206	0.29002		0.029485		0.28704		0.32385		0.069608		3
207	0.28997		0.029437		0.28703		0.32399		0.069572		3
208	0.28992		0.029397		0.28703		0.32412		0.069535		3
209	0.28988		0.029363		0.28703		0.32423		0.069498		3
210	0.28986		0.029334		0.28703		0.32432		0.069461		3
211	0.28985		0.029304		0.28703		0.32439		0.069434		3
212	0.28986		0.029272		0.28702		0.32444		0.069412		3
213	0.28988		0.029238		0.28701		0.32448		0.069392		3
214	0.28992		0.029202		0.287		0.3245		0.069372		3
215	0.28998		0.029163		0.28699		0.32452		0.06935		3
216	0.29005		0.029119		0.28699		0.32452		0.069326		3
217	0.29015		0.029071		0.28697		0.3245		0.069299		3
218	0.29027		0.029017		0.28696		0.32449		0.069266		3
219	0.2904		0.028951		0.28694		0.32448		0.069222		3
220	0.29056		0.028874		0.28693		0.32447		0.069166		3
221	0.29074		0.028792		0.28691		0.32444		0.069115		3
222	0.29095		0.028714		0.28688		0.32438		0.069081		3
223	0.29116		0.028638		0.28683		0.32432		0.069049		3
224	0.29141		0.028562		0.28677		0.32424		0.069013		3
225	0.29169		0.028485		0.2867		0.32416		0.06897		3
226	0.29198		0.028407		0.28663		0.32405		0.068934		3
227	0.29226		0.028332		0.28656		0.32394		0.068906		3
228	0.2925		0.028257		0.2865		0.32386		0.068879		3
229	0.29268		0.028176		0.28648		0.32383		0.068835		3
230	0.29284		0.028084		0.28645		0.32387		0.068755		3
231	0.29297		0.027988		0.28646		0.32391		0.068666		3
232	0.29306		0.027895		0.28649		0.32396		0.068592		3
233	0.29308		0.027781		0.28655		0.32414		0.068456		3
234	0.29313		0.027669		0.28659		0.32428		0.06833		3
235	0.29321		0.027584		0.2866		0.32432		0.068286		3
236	0.29332		0.027504		0.2866		0.32432		0.068254		3
237	0.29344		0.02743		0.2866		0.32429		0.068235		3
238	0.29359		0.027365		0.28659		0.32422		0.06824		3
239	0.29376		0.027306		0.28655		0.32412		0.068258		3
240	0.29395		0.027243		0.28648		0.32408		0.068254		3
241	0.29414		0.027171		0.2863		0.32422		0.068169		3
242	0.29443		0.027096		0.28619		0.32428		0.068015		3
243	0.29476		0.027039		0.28612		0.3242		0.067882		3
244	0.29514		0.026998		0.28602		0.32408		0.067769		3
245	0.29551		0.026963		0.28592		0.32393		0.067684		3
246	0.29586		0.026927		0.28582		0.32376		0.067639		3
247	0.29618		0.026891		0.28572		0.3236		0.067614		3
248	0.29648		0.026857		0.28562		0.32345		0.067597		3
249	0.29677		0.026824		0.28553		0.3233		0.067585		3
250	0.29706		0.026795		0.28543		0.32314		0.067577		3
251	0.29728		0.026771		0.28535		0.32301		0.067585		3
252	0.2975		0.026748		0.28527		0.32289		0.067587		3
253	0.29772		0.026726		0.28518		0.32278		0.067587		3
254	0.29793		0.026704		0.2851		0.32268		0.067584		3
255	0.29813		0.02668		0.28502		0.32259		0.067576		3
256	0.29832		0.026654		0.28494		0.32252		0.067564		3
257	0.2985		0.026627		0.28488		0.32245		0.067547		3
258	0.29868		0.026602		0.28481		0.32237		0.06753		3
259	0.29886		0.026575		0.28476		0.32229		0.067509		3
260	0.29904		0.02655		0.2847		0.32221		0.067488		3
261	0.29921		0.026522		0.28465		0.32214		0.067467		3
262	0.29938		0.026497		0.2846		0.32207		0.067445		3
263	0.29954		0.026467		0.28456		0.32201		0.067422		3
264	0.29969		0.026436		0.28451		0.32196		0.067397		3
265	0.29984		0.026406		0.28447		0.32192		0.067372		3
266	0.29997		0.026376		0.28443		0.32187		0.06735		3
267	0.3001		0.026347		0.28439		0.32183		0.067328		3
268	0.30022		0.026317		0.28435		0.3218		0.067308		3
269	0.30034		0.026289		0.28432		0.32176		0.067291		3
270	0.30047		0.026263		0.28427		0.32172		0.067276		3
271	0.30058		0.026238		0.28424		0.32169		0.067262		3
272	0.30068		0.026212		0.2842		0.32166		0.067249		3
273	0.30077		0.026186		0.28417		0.32163		0.067237		3
274	0.30087		0.026162		0.28414		0.32161		0.067226		3
275	0.30095		0.026136		0.28411		0.32159		0.067215		3
276	0.30104		0.026113		0.28408		0.32156		0.067207		3
277	0.30112		0.02609		0.28405		0.32155		0.067198		3
278	0.30119		0.026066		0.28402		0.32153		0.067189		3
279	0.30126		0.026043		0.28399		0.32152		0.06718		3
280	0.30133		0.026022		0.28397		0.32151		0.067172		3
281	0.30141		0.026001		0.28394		0.32149		0.067165		3
282	0.30147		0.02598		0.28391		0.32148		0.067158		3
283	0.30154		0.02596		0.28388		0.32147		0.06715		3
284	0.3016		0.025941		0.28386		0.32146		0.067143		3
285	0.30167		0.025923		0.28383		0.32145		0.067137		3
286	0.30172		0.025904		0.28381		0.32144		0.06713		3
287	0.30177		0.025884		0.28378		0.32144		0.067122		3
288	0.30181		0.025862		0.28376		0.32145		0.067111		3
289	0.30184		0.025839		0.28375		0.32148		0.067097		3
290	0.30187		0.025814		0.28373		0.32151		0.06708		3
291	0.30188		0.025807		0.28371		0.32152		0.067086		3
292	0.30189		0.025784		0.28374		0.3215		0.06709		3
293	0.30188		0.025774		0.28374		0.32151		0.067091		3
294	0.30188		0.02576		0.28373		0.32156		0.06708		3
295	0.30187		0.025747		0.28371		0.3216		0.067069		3
296	0.30187		0.025732		0.2837		0.32165		0.067057		3
297	0.30186		0.025716		0.28368		0.32169		0.067045		3
298	0.30186		0.0257		0.28367		0.32174		0.067031		3
299	0.30185		0.025683		0.28366		0.32179		0.067018		3
300	0.30184		0.025666		0.28365		0.32184		0.067003		3
301	0.30181		0.02568		0.28364		0.32185		0.067023		3
302	0.30179		0.025676		0.28363		0.32192		0.06698		3
303	0.30175		0.025673		0.28363		0.32199		0.066956		3
304	0.30168		0.02567		0.28363		0.32207		0.066944		3
305	0.30158		0.025663		0.28364		0.32219		0.066928		3
306	0.30149		0.025657		0.28363		0.32232		0.06691		3
307	0.30141		0.025648		0.28362		0.32244		0.066885		3
308	0.30136		0.025638		0.2836		0.32254		0.06686		3
309	0.30133		0.025628		0.28359		0.32262		0.066839		3
310	0.30132		0.02562		0.28356		0.32268		0.066822		3
311	0.30133		0.025613		0.28353		0.32271		0.06681		3
312	0.30137		0.025611		0.28349		0.32272		0.066808		3
313	0.30143		0.025609		0.28343		0.32273		0.0668		3
314	0.30151		0.025607		0.28337		0.32272		0.06679		3
315	0.3016		0.025606		0.28331		0.3227		0.066782		3
316	0.30172		0.025604		0.28323		0.32267		0.066775		3
317	0.30184		0.025603		0.28315		0.32263		0.06677		3
318	0.30201		0.025602		0.28306		0.32257		0.066765		3
319	0.30218		0.0256		0.28296		0.3225		0.06676		3
320	0.30237		0.025599		0.28285		0.32242		0.066758		3
321	0.30257		0.025598		0.28274		0.32234		0.066756		3
322	0.30278		0.025597		0.28262		0.32225		0.066754		3
323	0.30301		0.025596		0.28249		0.32215		0.066753		3
324	0.30327		0.025595		0.28236		0.32203		0.066751		3
325	0.30353		0.025594		0.28221		0.32191		0.066749		3
326	0.30379		0.025593		0.28207		0.32181		0.066745		3
327	0.30403		0.025592		0.28193		0.32171		0.066742		3
328	0.30426		0.025591		0.28179		0.32162		0.066738		3
329	0.30448		0.02559		0.28166		0.32154		0.066733		3
330	0.30468		0.025589		0.28154		0.32146		0.066728		3
331	0.30484		0.025587		0.28145		0.32141		0.066723		3
332	0.30499		0.025586		0.28136		0.32135		0.066719		3
333	0.30514		0.025585		0.28128		0.32128		0.066715		3
334	0.3053		0.025585		0.2812		0.32121		0.066712		3
335	0.30545		0.025584		0.28113		0.32113		0.066709		3
336	0.30561		0.025583		0.28107		0.32103		0.066706		3
337	0.30576		0.025583		0.28102		0.32093		0.066704		3
338	0.30593		0.025582		0.28096		0.32082		0.066703		3
339	0.30611		0.025582		0.28091		0.32069		0.066704		3
340	0.30628		0.025582		0.28086		0.32057		0.066705		3
341	0.30644		0.025581		0.28082		0.32046		0.066705		3
342	0.30659		0.02558		0.28077		0.32035		0.066706		3
343	0.30675		0.025579		0.28072		0.32024		0.066707		3
344	0.30689		0.025578		0.28068		0.32014		0.066708		3
345	0.30703		0.025578		0.28064		0.32004		0.06671		3
346	0.30717		0.025577		0.2806		0.31995		0.066711		3
347	0.30729		0.025576		0.28056		0.31986		0.066713		3
348	0.30742		0.025575		0.28051		0.31977		0.066715		3
349	0.30755		0.025572		0.28047		0.31969		0.066717		3
350	0.30766		0.025569		0.28043		0.31962		0.066716		3
351	0.30776		0.025566		0.2804		0.31956		0.066714		3
352	0.30787		0.025563		0.28036		0.31949		0.066712		3
353	0.30797		0.02556		0.28033		0.31943		0.066709		3
354	0.30806		0.025556		0.2803		0.31938		0.066705		3
355	0.30815		0.025552		0.28027		0.31933		0.066701		3
356	0.30824		0.025549		0.28024		0.31927		0.066697		3
357	0.30832		0.025545		0.28022		0.31922		0.066693		3
358	0.30842		0.025542		0.28019		0.31916		0.066689		3
359	0.30849		0.025538		0.28017		0.31912		0.066684		3
360	0.30856		0.025535		0.28015		0.31907		0.06668		3
361	0.30865		0.02553		0.28012		0.31903		0.066673		3
362	0.30873		0.025525		0.2801		0.31898		0.066666		3
363	0.30881		0.02552		0.28008		0.31894		0.066658		3
364	0.30888		0.025515		0.28006		0.31889		0.066651		3
365	0.30896		0.02551		0.28004		0.31885		0.066644		3
366	0.30903		0.025505		0.28002		0.31881		0.066637		3
367	0.3091		0.0255		0.28		0.31877		0.06663		3
368	0.30917		0.025496		0.27999		0.31873		0.066624		3
369	0.30923		0.025491		0.27997		0.31869		0.066617		3
370	0.30929		0.025486		0.27996		0.31865		0.06661		3
371	0.30936		0.025482		0.27994		0.31862		0.066604		3
372	0.30942		0.025477		0.27992		0.31857		0.066599		3
373	0.3095		0.025473		0.27991		0.31853		0.066594		3
374	0.30956		0.025469		0.27989		0.31849		0.066589		3
375	0.30963		0.025465		0.27988		0.31845		0.066583		3
376	0.30969		0.02546		0.27986		0.31841		0.066578		3
377	0.30976		0.025456		0.27984		0.31837		0.066574		3
378	0.30984		0.025453		0.27982		0.31832		0.06657		3
379	0.3099		0.025449		0.27981		0.31828		0.066565		3
380	0.30996		0.025445		0.27979		0.31824		0.066559		3
381	0.31002		0.025441		0.27978		0.3182		0.066554		3
382	0.31009		0.025437		0.27976		0.31817		0.066549		3
383	0.31015		0.025433		0.27975		0.31813		0.066544		3
384	0.31021		0.025429		0.27973		0.31809		0.066539		3
385	0.31027		0.025425		0.27972		0.31805		0.066534		3
386	0.31034		0.025421		0.2797		0.31801		0.06653		3
387	0.3104		0.025418		0.27969		0.31797		0.066525		3
388	0.31046		0.025414		0.27968		0.31793		0.06652		3
389	0.31053		0.02541		0.27966		0.31789		0.066515		3
390	0.31059		0.025407		0.27965		0.31785		0.06651		3
391	0.31065		0.025403		0.27963		0.31781		0.066506		3
392	0.31071		0.025399		0.27962		0.31777		0.066501		3
393	0.31078		0.025396		0.27961		0.31773		0.066497		3
394	0.31084		0.025392		0.27959		0.31768		0.066492		3
395	0.3109		0.025389		0.27958		0.31764		0.066487		3
396	0.31096		0.025386		0.27956		0.3176		0.066483		3
397	0.31103		0.025382		0.27955		0.31756		0.066479		3
398	0.31109		0.025379		0.27954		0.31752		0.066474		3
399	0.31115		0.025376		0.27952		0.31748		0.06647		3
400	0.31121		0.025372		0.27951		0.31744		0.066466		3
401	0.31128		0.025369		0.2795		0.3174		0.066461		3
402	0.31134		0.025366		0.27949		0.31735		0.066457		3
403	0.3114		0.025363		0.27947		0.31731		0.066453		3
404	0.31146		0.02536		0.27946		0.31727		0.066449		3
405	0.31152		0.025357		0.27945		0.31723		0.066444		3
406	0.31158		0.025354		0.27944		0.31719		0.06644		3
407	0.31164		0.025351		0.27942		0.31715		0.066436		3
408	0.31171		0.025348		0.27941		0.3171		0.066432		3
409	0.31177		0.025345		0.2794		0.31706		0.066428		3
410	0.31183		0.025342		0.27939		0.31702		0.066423		3
411	0.31189		0.025339		0.27938		0.31698		0.066419		3
412	0.31195		0.025336		0.27936		0.31693		0.066415		3
413	0.31201		0.025333		0.27935		0.31689		0.066411		3
414	0.31207		0.025331		0.27934		0.31685		0.066407		3
415	0.31213		0.025328		0.27933		0.31681		0.066403		3
416	0.31219		0.025325		0.27932		0.31676		0.066399		3
417	0.31225		0.025323		0.27931		0.31672		0.066394		3
418	0.31231		0.02532		0.2793		0.31668		0.066391		3
419	0.31237		0.025318		0.27929		0.31663		0.066386		3
420	0.31243		0.025315		0.27928		0.31659		0.066382		3
421	0.31249		0.025313		0.27927		0.31655		0.066378		3
422	0.31255		0.02531		0.27926		0.31651		0.066374		3
423	0.31261		0.025308		0.27925		0.31646		0.06637		3
424	0.31267		0.025306		0.27924		0.31642		0.066366		3
425	0.31273		0.025303		0.27923		0.31638		0.066362		3
426	0.31278		0.025301		0.27922		0.31634		0.066358		3
427	0.31284		0.025299		0.27922		0.31629		0.066354		3
428	0.31289		0.025296		0.27921		0.31625		0.06635		3
429	0.31295		0.025294		0.2792		0.31621		0.066346		3
430	0.313		0.025292		0.27919		0.31617		0.066341		3
431	0.31306		0.02529		0.27919		0.31613		0.066337		3
432	0.31312		0.025288		0.27918		0.31609		0.066333		3
433	0.31317		0.025286		0.27917		0.31604		0.066329		3
434	0.31323		0.025284		0.27916		0.316		0.066325		3
435	0.31328		0.025282		0.27916		0.31596		0.066321		3
436	0.31333		0.02528		0.27915		0.31592		0.066317		3
437	0.31339		0.025278		0.27915		0.31587		0.066313		3
438	0.31344		0.025276		0.27914		0.31583		0.066309		3
439	0.3135		0.025274		0.27913		0.31579		0.066305		3
440	0.31355		0.025272		0.27913		0.31575		0.066301		3
441	0.3136		0.025271		0.27912		0.3157		0.066297		3
442	0.31366		0.025269		0.27912		0.31566		0.066293		3
443	0.31371		0.025267		0.27911		0.31562		0.066289		3
444	0.31377		0.025266		0.27911		0.31557		0.066285		3
445	0.31382		0.025264		0.27911		0.31553		0.066281		3
446	0.31387		0.025262		0.2791		0.31549		0.066277		3
447	0.31392		0.025261		0.2791		0.31545		0.066273		3
448	0.31398		0.025259		0.27909		0.3154		0.066269		3
449	0.31403		0.025258		0.27909		0.31536		0.066265		3
450	0.31408		0.025256		0.27909		0.31532		0.066261		3
451	0.31413		0.025255		0.27908		0.31527		0.066257		3
452	0.31418		0.025253		0.27908		0.31523		0.066253		3
453	0.31424		0.025252		0.27908		0.31518		0.06625		3
454	0.31429		0.025252		0.27908		0.31514		0.066247		3
455	0.31432		0.025252		0.27909		0.31508		0.06625		3
456	0.31437		0.025251		0.27909		0.31504		0.066242		3
457	0.3144		0.025251		0.27911		0.315		0.066243		3
458	0.31443		0.02525		0.27912		0.31496		0.066237		3
459	0.31446		0.025248		0.27913		0.31494		0.066225		3
460	0.31449		0.025246		0.27913		0.31491		0.066213		3
461	0.31452		0.025245		0.27914		0.31489		0.066202		3
462	0.31455		0.025243		0.27914		0.31487		0.066191		3
463	0.31458		0.025241		0.27915		0.31485		0.06618		3
464	0.31461		0.025239		0.27916		0.31483		0.066168		3
465	0.31464		0.025236		0.27916		0.3148		0.066157		3
466	0.31467		0.025234		0.27917		0.31479		0.066144		3
467	0.31469		0.025231		0.27918		0.31477		0.066132		3
468	0.31471		0.025227		0.27919		0.31477		0.066113		3
469	0.31469		0.025234		0.27922		0.31473		0.066134		3
470	0.31458		0.025244		0.27936		0.31464		0.066179		3
471	0.31456		0.025237		0.2794		0.31465		0.066152		3
472	0.31447		0.025248		0.2795		0.31459		0.066192		3
473	0.31447		0.025244		0.27952		0.3146		0.066166		3
474	0.31448		0.025241		0.27954		0.3146		0.066146		3
475	0.3145		0.025238		0.27955		0.31459		0.066128		3
476	0.31453		0.025235		0.27955		0.31457		0.066112		3
477	0.31458		0.025233		0.27956		0.31453		0.066099		0
478	0.31466		0.025231		0.27956		0.31447		0.066087		0
479	0.31475		0.025229		0.27955		0.31439		0.066073		0
480	0.31485		0.025226		0.27955		0.31431		0.066058		0
481	0.31498		0.025223		0.27954		0.31421		0.066044		0
482	0.31511		0.02522		0.27954		0.3141		0.066031		0
483	0.31527		0.025217		0.27953		0.31397		0.066018		0
484	0.31544		0.025214		0.27951		0.31383		0.066005		0
485	0.31565		0.025211		0.2795		0.31366		0.065993		0
486	0.31586		0.025208		0.27948		0.31348		0.06598		0
487	0.31609		0.025205		0.27945		0.31329		0.065967		0
488	0.31633		0.025202		0.27943		0.31309		0.065955		0
489	0.31658		0.025198		0.27941		0.31287		0.06594		0
490	0.31685		0.025194		0.27938		0.31265		0.065924		0
491	0.31714		0.02519		0.27935		0.31241		0.065907		0
492	0.31744		0.025186		0.27932		0.31216		0.06589		0
493	0.31775		0.025182		0.2793		0.3119		0.065874		0
494	0.31804		0.025178		0.27928		0.31165		0.065858		0
495	0.31831		0.025174		0.27927		0.3114		0.065841		0
496	0.31857		0.025171		0.27927		0.31117		0.065824		0
497	0.31877		0.025168		0.27928		0.31097		0.065807		0
498	0.31894		0.025164		0.27931		0.3108		0.065791		0
499	0.31909		0.025161		0.27934		0.31064		0.065773		0
500	0.31922		0.025157		0.27937		0.3105		0.065754		0
501	0.31932		0.025153		0.27941		0.31039		0.06573		0
502	0.31939		0.025148		0.27945		0.31031		0.065706		0
503	0.31941		0.025143		0.2795		0.31027		0.065683		0
504	0.31939		0.025141		0.27954		0.31027		0.065663		0
505	0.31938		0.025138		0.27958		0.31026		0.065642		0
506	0.31938		0.025135		0.27961		0.31025		0.065622		0
507	0.31938		0.025132		0.27964		0.31024		0.065606		0
508	0.31939		0.025131		0.27967		0.31022		0.065595		0
509	0.3194		0.025129		0.27969		0.31019		0.065587		0
510	0.31942		0.025128		0.27971		0.31017		0.065573		0
511	0.31949		0.025115		0.2797		0.31018		0.06551		0
512	0.31953		0.025102		0.27972		0.31018		0.065457		0
513	0.31957		0.025091		0.27975		0.31017		0.065419		0
514	0.31961		0.025081		0.27977		0.31015		0.065392		0
515	0.31965		0.025067		0.27979		0.31014		0.065355		0
516	0.31969		0.025056		0.27981		0.31012		0.065329		0
517	0.31973		0.025045		0.27983		0.31009		0.065308		0
518	0.31977		0.025036		0.27983		0.31007		0.065292		0
519	0.31981		0.025029		0.27984		0.31004		0.065277		0
520	0.31984		0.025022		0.27986		0.31001		0.065264		0
521	0.31988		0.025017		0.27987		0.30998		0.065252		0
522	0.31991		0.025012		0.27989		0.30995		0.065241		0
523	0.31994		0.025008		0.27991		0.30991		0.06523		0
524	0.31997		0.025005		0.27993		0.30988		0.065221		0
525	0.32		0.025001		0.27995		0.30984		0.065205		0
526	0.32004		0.024996		0.27997		0.3098		0.065188		0
527	0.32008		0.024992		0.27999		0.30977		0.065172		0
528	0.32011		0.024988		0.28001		0.30973		0.065158		0
529	0.32014		0.024984		0.28003		0.3097		0.065146		0
530	0.32017		0.024981		0.28006		0.30966		0.065134		0
531	0.32021		0.024978		0.28008		0.30961		0.065124		0
532	0.32024		0.024976		0.2801		0.30957		0.065114		0
533	0.32027		0.024973		0.28012		0.30953		0.065106		0
534	0.32031		0.024971		0.28015		0.30948		0.065098		0
535	0.32034		0.024969		0.28017		0.30943		0.065091		0
536	0.32037		0.024966		0.28019		0.30938		0.065085		0
537	0.32041		0.024964		0.28022		0.30933		0.065079		0
538	0.32044		0.024962		0.28024		0.30928		0.065074		0
539	0.32048		0.02496		0.28026		0.30923		0.065068		0
540	0.32052		0.024958		0.28029		0.30917		0.065063		0
541	0.32055		0.024955		0.28031		0.30913		0.065052		0
542	0.32054		0.024958		0.28036		0.30907		0.065068		0
543	0.32055		0.024957		0.2804		0.30903		0.065066		0
544	0.32058		0.024955		0.28042		0.30899		0.065057		0
545	0.3206		0.024953		0.28044		0.30896		0.06505		0
546	0.32063		0.024951		0.28046		0.30892		0.065044		0
547	0.32065		0.024949		0.28047		0.30889		0.065039		0
548	0.32067		0.024948		0.28049		0.30885		0.065034		0
549	0.3207		0.024947		0.28051		0.30882		0.06503		0
550	0.32072		0.024946		0.28053		0.30878		0.065026		0
551	0.32074		0.024945		0.28054		0.30875		0.065021		0
552	0.32076		0.024944		0.28056		0.30871		0.065017		0
553	0.32078		0.024942		0.28058		0.30868		0.065014		0
554	0.32085		0.024927		0.28058		0.30869		0.064959		0
555	0.32074		0.024945		0.28066		0.30863		0.065026		0
556	0.32071		0.024951		0.28068		0.30862		0.065042		0
557	0.32077		0.024945		0.28063		0.30866		0.065001		0
558	0.32063		0.024957		0.28072		0.30864		0.06505		0
559	0.32062		0.024951		0.28071		0.3087		0.065023		0
560	0.32059		0.024948		0.28071		0.30875		0.065003		0
561	0.32058		0.024944		0.28069		0.3088		0.064977		0
562	0.32058		0.024938		0.28068		0.30886		0.064948		0
563	0.32058		0.024933		0.28066		0.30891		0.06492		0
564	0.32057		0.024927		0.28065		0.30896		0.064891		0
565	0.32057		0.024921		0.28064		0.309		0.064863		0
566	0.32056		0.024917		0.28063		0.30904		0.064845		0
567	0.32056		0.024913		0.28061		0.30908		0.064828		0
568	0.32056		0.024909		0.2806		0.30912		0.064808		0
569	0.32057		0.024904		0.28059		0.30916		0.064782		0
570	0.32058		0.024897		0.28058		0.3092		0.064751		0
571	0.32059		0.02489		0.28057		0.30923		0.064723		0
572	0.3206		0.024884		0.28057		0.30925		0.064701		0
573	0.32061		0.024878		0.28057		0.30926		0.06468		0
574	0.32063		0.024874		0.28058		0.30925		0.064666		0
575	0.32065		0.024871		0.28059		0.30924		0.064654		0
576	0.32068		0.024867		0.2806		0.30921		0.064643		0
577	0.32071		0.024864		0.28062		0.30918		0.064631		0
578	0.32076		0.02486		0.28064		0.30913		0.064618		0
579	0.32081		0.024856		0.28066		0.30907		0.064602		0
580	0.32087		0.024851		0.2807		0.309		0.064585		0
581	0.32094		0.024844		0.28074		0.30892		0.064562		0
582	0.32103		0.024834		0.28078		0.30882		0.064529		0
583	0.32113		0.024823		0.28084		0.30871		0.064495		0
584	0.32122		0.024815		0.28092		0.30857		0.064477		0
585	0.32134		0.024806		0.28098		0.30842		0.064459		0
586	0.32147		0.024796		0.28106		0.30823		0.064439		0
587	0.32164		0.024785		0.28114		0.30803		0.064412		0
588	0.3218		0.024774		0.28124		0.30779		0.064389		0
589	0.32195		0.024765		0.28133		0.30757		0.064376		0
590	0.32209		0.024758		0.28142		0.30737		0.064367		0
591	0.32219		0.024747		0.28149		0.30723		0.064347		0
592	0.32232		0.024728		0.28152		0.30713		0.064301		0
593	0.32245		0.024703		0.28154		0.30707		0.064233		0
594	0.32252		0.024683		0.28156		0.30705		0.064189		0
595	0.32257		0.02465		0.28153		0.30716		0.064101		0
596	0.32266		0.02461		0.28149		0.30725		0.063993		0
597	0.32274		0.024585		0.28147		0.30726		0.063935		0
598	0.32279		0.024576		0.28148		0.30723		0.063923		0
599	0.32284		0.024571		0.2815		0.30717		0.063921		0
600	0.32287		0.024576		0.28154		0.30707		0.063945		0
601	0.32291		0.024586		0.28158		0.30694		0.063981		0
602	0.32297		0.0246		0.28163		0.30678		0.06402		0
603	0.32317		0.024605		0.2816		0.30661		0.064012		0
604	0.32352		0.024589		0.28151		0.30646		0.063915		0
605	0.32374		0.024568		0.28161		0.30628		0.063803		0
606	0.32397		0.024547		0.28174		0.30605		0.063702		0
607	0.32423		0.024524		0.28186		0.30578		0.063604		0
608	0.32447		0.0245		0.282		0.3055		0.063523		0
609	0.32468		0.024483		0.28213		0.30522		0.063475		0
610	0.32487		0.024471		0.28226		0.30496		0.06345		0
611	0.32502		0.024463		0.28236		0.30471		0.06344		0
612	0.32517		0.024455		0.28246		0.30449		0.063431		0
613	0.3253		0.024449		0.28255		0.30427		0.063424		0
614	0.32542		0.024443		0.28263		0.30409		0.06342		0
615	0.32553		0.024442		0.28269		0.30391		0.063427		0
616	0.32564		0.02444		0.28274		0.30375		0.063427		0
617	0.32576		0.024437		0.28279		0.3036		0.063423		0
618	0.32587		0.024433		0.28282		0.30346		0.063415		0
619	0.32598		0.024429		0.28286		0.30333		0.063402		0
620	0.32608		0.024425		0.28291		0.3032		0.063388		0
621	0.32617		0.024421		0.28295		0.30308		0.063372		0
622	0.32626		0.024417		0.283		0.30297		0.063354		0
623	0.32633		0.024412		0.28305		0.30287		0.063335		0
624	0.32641		0.024408		0.2831		0.30277		0.063317		0
625	0.32648		0.024403		0.28315		0.30266		0.063298		0
626	0.32656		0.024397		0.2832		0.30257		0.063278		0
627	0.32662		0.024392		0.28324		0.30248		0.063258		0
628	0.32669		0.024387		0.28329		0.3024		0.063239		0
629	0.32675		0.024382		0.28333		0.30232		0.063222		0
630	0.3268		0.024377		0.28337		0.30224		0.063206		0
631	0.32685		0.024372		0.2834		0.30218		0.063192		0
632	0.3269		0.024368		0.28343		0.30212		0.063179		0
633	0.32694		0.024364		0.28346		0.30207		0.063168		0
634	0.32698		0.02436		0.28349		0.30201		0.063158		0
635	0.32702		0.024356		0.28352		0.30196		0.063149		0
636	0.32706		0.024353		0.28355		0.3019		0.063142		0
637	0.32709		0.02435		0.28357		0.30185		0.063135		0
638	0.32712		0.024347		0.28359		0.30182		0.063129		0
639	0.32715		0.024344		0.28361		0.30177		0.063123		0
640	0.32717		0.024341		0.28363		0.30174		0.063117		0
641	0.3272		0.024338		0.28365		0.30171		0.063112		0
642	0.32722		0.024336		0.28367		0.30166		0.063107		0
643	0.32724		0.024333		0.28368		0.30164		0.063103		0
644	0.32726		0.024331		0.2837		0.30161		0.063098		0
645	0.32729		0.024329		0.28371		0.30158		0.063094		0
646	0.32731		0.024327		0.28373		0.30154		0.06309		0
647	0.32733		0.024325		0.28375		0.30152		0.063086		0
648	0.32734		0.024323		0.28376		0.30149		0.063082		0
649	0.32735		0.024322		0.28377		0.30148		0.063078		0
650	0.32733		0.024323		0.28379		0.30147		0.063084		0
651	0.32735		0.024321		0.28379		0.30146		0.063076		0
652	0.32733		0.024321		0.28381		0.30146		0.063078		0
653	0.32734		0.024319		0.28381		0.30146		0.063069		0
654	0.32732		0.02432		0.28383		0.30146		0.063069		0
655	0.32727		0.024321		0.28386		0.30148		0.063072		0
656	0.32727		0.024319		0.28386		0.30148		0.063062		0
657	0.32727		0.024318		0.28386		0.30149		0.063053		0
658	0.32728		0.024316		0.28386		0.3015		0.063043		0
659	0.32729		0.024314		0.28386		0.3015		0.063033		0
660	0.32729		0.024312		0.28386		0.30151		0.063022		0
661	0.3273		0.02431		0.28386		0.30152		0.063011		0
662	0.3273		0.024308		0.28386		0.30153		0.063		0
663	0.32731		0.024305		0.28386		0.30155		0.062986		0
664	0.32732		0.0243		0.28385		0.30157		0.062965		0
665	0.32726		0.024309		0.28386		0.30158		0.062992		0
666	0.32724		0.024304		0.28387		0.30162		0.062965		0
667	0.32723		0.024301		0.28386		0.30166		0.062944		0
668	0.32722		0.024299		0.28385		0.3017		0.062928		0
669	0.32724		0.024295		0.28384		0.30172		0.062908		0
670	0.32726		0.024291		0.28383		0.30173		0.062887		0
671	0.32727		0.024288		0.28383		0.30174		0.062869		0
672	0.32729		0.024285		0.28384		0.30173		0.062854		0
673	0.32731		0.024282		0.28385		0.30172		0.06284		0
674	0.32734		0.02428		0.28386		0.3017		0.062829		0
675	0.32737		0.024277		0.28387		0.30167		0.062811		0
676	0.32741		0.024273		0.28389		0.30163		0.062794		0
677	0.32745		0.024269		0.28391		0.30159		0.062778		0
678	0.32749		0.024265		0.28394		0.30155		0.062761		0
679	0.32754		0.024261		0.28397		0.30149		0.062744		0
680	0.3276		0.024257		0.284		0.30142		0.062727		0
681	0.32765		0.024252		0.28403		0.30135		0.062709		0
682	0.32772		0.024248		0.28407		0.30127		0.062692		0
683	0.32778		0.024243		0.28411		0.30119		0.062675		0
684	0.32785		0.024239		0.28414		0.30111		0.062656		0
685	0.32793		0.024234		0.28418		0.30102		0.062637		0
686	0.32801		0.024229		0.28422		0.30093		0.062616		0
687	0.32809		0.024223		0.28426		0.30084		0.062594		0
688	0.32816		0.024218		0.28429		0.30075		0.062572		0
689	0.32823		0.024213		0.28432		0.30068		0.06255		0
690	0.32829		0.024208		0.28435		0.30062		0.062528		0
691	0.32835		0.024203		0.28437		0.30057		0.062505		0
692	0.32838		0.024198		0.28439		0.30054		0.062484		0
693	0.32841		0.024194		0.28441		0.30052		0.062465		0
694	0.32843		0.02419		0.28442		0.30051		0.062447		0
695	0.32845		0.024187		0.28443		0.30051		0.062431		0
696	0.32846		0.024184		0.28443		0.30051		0.062415		0
697	0.32847		0.024181		0.28443		0.30052		0.0624		0
698	0.32847		0.024178		0.28443		0.30053		0.062384		0
699	0.32848		0.024176		0.28443		0.30054		0.062369		0
700	0.32848		0.024175		0.28443		0.30055		0.062359		0
701	0.32849		0.024173		0.28443		0.30056		0.062349		0
702	0.32849		0.024173		0.28443		0.30056		0.062344		0
703	0.32849		0.024172		0.28443		0.30056		0.062341		0
704	0.3285		0.024172		0.28443		0.30056		0.062338		0
705	0.3285		0.024171		0.28443		0.30057		0.062334		0
706	0.32851		0.02417		0.28442		0.30057		0.06233		0
707	0.32851		0.024169		0.28442		0.30057		0.062328		0
708	0.32852		0.024168		0.28442		0.30057		0.062325		0
709	0.32852		0.024168		0.28442		0.30057		0.062322		0
710	0.32852		0.024167		0.28442		0.30057		0.062318		0
711	0.32853		0.024166		0.28442		0.30057		0.062314		0
712	0.32854		0.024165		0.28441		0.30058		0.06231		0
713	0.32855		0.024164		0.28441		0.30058		0.062304		0
714	0.32855		0.024163		0.28441		0.30058		0.062298		0
715	0.32856		0.024161		0.2844		0.30058		0.06229		0
716	0.32857		0.02416		0.2844		0.30058		0.062283		0
717	0.32858		0.024158		0.2844		0.30059		0.062276		0
718	0.32858		0.024157		0.2844		0.30059		0.062268		0
719	0.32859		0.024155		0.2844		0.30059		0.062261		0
720	0.32859		0.024154		0.2844		0.3006		0.062254		0
721	0.3286		0.024153		0.2844		0.3006		0.062248		0
722	0.3286		0.024151		0.2844		0.3006		0.062241		0
723	0.32861		0.024149		0.28441		0.30061		0.062232		0
724	0.32862		0.024147		0.28441		0.30061		0.062222		0
725	0.32862		0.024145		0.28441		0.30061		0.062212		0
726	0.32863		0.024144		0.28441		0.30062		0.062202		0
727	0.32863		0.024142		0.28441		0.30062		0.062193		0
728	0.32864		0.02414		0.28441		0.30062		0.062185		0
729	0.32864		0.024138		0.28441		0.30063		0.062177		0
730	0.32865		0.024137		0.28442		0.30063		0.062168		0
731	0.32865		0.024135		0.28442		0.30063		0.06216		0
732	0.32866		0.024133		0.28442		0.30064		0.062152		0
733	0.32866		0.024132		0.28442		0.30064		0.062145		0
734	0.32867		0.024131		0.28442		0.30064		0.062138		0
735	0.32867		0.024129		0.28442		0.30064		0.062131		0
736	0.32868		0.024128		0.28443		0.30065		0.062124		0
737	0.32868		0.024127		0.28443		0.30065		0.062117		0
738	0.32868		0.024125		0.28443		0.30065		0.062111		0
739	0.32869		0.024124		0.28443		0.30065		0.062104		0
740	0.32869		0.024123		0.28443		0.30066		0.062097		0
741	0.3287		0.024122		0.28443		0.30066		0.062091		0
742	0.3287		0.02412		0.28444		0.30066		0.062084		0
743	0.3287		0.024119		0.28444		0.30066		0.062078		0
744	0.32871		0.024118		0.28444		0.30066		0.062072		0
745	0.32871		0.024117		0.28444		0.30067		0.062065		0
746	0.32871		0.024116		0.28444		0.30067		0.062059		0
747	0.32872		0.024115		0.28444		0.30067		0.062053		0
748	0.32872		0.024114		0.28445		0.30067		0.062047		0
749	0.32872		0.024113		0.28445		0.30068		0.062041		0
750	0.32873		0.024112		0.28445		0.30068		0.062035		0
751	0.32873		0.024111		0.28445		0.30068		0.062029		0
752	0.32873		0.02411		0.28445		0.30068		0.062023		0
753	0.32874		0.024109		0.28445		0.30068		0.062017		0
754	0.32874		0.024108		0.28445		0.30069		0.062011		0
755	0.32874		0.024107		0.28446		0.30069		0.062005		0
756	0.32875		0.024106		0.28446		0.30069		0.062		0
757	0.32875		0.024105		0.28446		0.30069		0.061994		0
758	0.32875		0.024104		0.28446		0.30069		0.061988		0
759	0.32876		0.024103		0.28446		0.3007		0.061983		0
760	0.32876		0.024102		0.28446		0.3007		0.061977		0
761	0.32876		0.024101		0.28446		0.3007		0.061971		0
762	0.32877		0.0241		0.28447		0.3007		0.061965		0
763	0.32877		0.0241		0.28447		0.30071		0.06196		0
764	0.32877		0.024099		0.28447		0.30071		0.061954		0
765	0.32877		0.024098		0.28447		0.30071		0.061948		0
