0 0 0.2 0.2 0.2 0.2 0.2 
1 0 0.202 0.2 0.2 0.198 0.2 
2 0 0.202 0.199 0.201 0.197 0.201 
3 0 0.202 0.199 0.201 0.197 0.201 
4 0 0.202 0.199 0.201 0.197 0.201 
5 0 0.201 0.199 0.201 0.197 0.201 
6 4 0.201 0.198 0.201 0.197 0.202 
7 4 0.201 0.198 0.202 0.197 0.202 
8 4 0.201 0.198 0.202 0.197 0.202 
9 4 0.201 0.198 0.202 0.197 0.202 
10 4 0.201 0.198 0.202 0.197 0.202 
11 4 0.201 0.197 0.202 0.197 0.202 
12 4 0.201 0.197 0.203 0.197 0.203 
13 4 0.2 0.197 0.203 0.197 0.203 
14 4 0.2 0.197 0.203 0.197 0.203 
15 4 0.2 0.197 0.203 0.197 0.203 
16 2 0.2 0.196 0.204 0.197 0.204 
17 2 0.2 0.196 0.204 0.196 0.204 
18 2 0.2 0.196 0.204 0.196 0.204 
19 2 0.199 0.196 0.204 0.196 0.204 
20 2 0.199 0.195 0.205 0.196 0.205 
21 2 0.199 0.195 0.205 0.196 0.205 
22 2 0.199 0.195 0.205 0.196 0.205 
23 2 0.199 0.194 0.206 0.196 0.205 
24 2 0.198 0.194 0.206 0.196 0.206 
25 2 0.198 0.194 0.207 0.196 0.206 
26 2 0.198 0.193 0.207 0.195 0.206 
27 2 0.198 0.193 0.208 0.195 0.207 
28 2 0.197 0.193 0.208 0.195 0.207 
29 2 0.197 0.192 0.209 0.195 0.207 
30 2 0.197 0.192 0.209 0.195 0.208 
31 2 0.196 0.191 0.21 0.194 0.208 
32 2 0.196 0.191 0.211 0.194 0.209 
33 2 0.195 0.19 0.212 0.194 0.209 
34 2 0.195 0.19 0.213 0.193 0.209 
35 2 0.194 0.189 0.214 0.193 0.21 
36 2 0.194 0.188 0.215 0.193 0.21 
37 2 0.193 0.188 0.217 0.192 0.211 
38 2 0.192 0.187 0.219 0.191 0.211 
39 2 0.191 0.186 0.221 0.19 0.212 
40 2 0.19 0.184 0.224 0.189 0.212 
41 2 0.188 0.183 0.229 0.188 0.212 
42 2 0.187 0.181 0.234 0.186 0.212 
43 2 0.184 0.178 0.242 0.184 0.212 
44 2 0.181 0.176 0.251 0.181 0.211 
45 2 0.178 0.172 0.262 0.178 0.21 
46 2 0.173 0.168 0.275 0.174 0.209 
47 2 0.169 0.164 0.288 0.17 0.209 
48 2 0.164 0.159 0.302 0.165 0.209 
49 2 0.159 0.154 0.316 0.16 0.21 
50 2 0.154 0.149 0.329 0.155 0.212 
51 2 0.149 0.144 0.343 0.15 0.215 
52 2 0.143 0.139 0.356 0.145 0.217 
53 2 0.138 0.134 0.369 0.139 0.22 
54 2 0.132 0.129 0.383 0.134 0.222 
55 2 0.127 0.123 0.397 0.129 0.224 
56 2 0.122 0.118 0.411 0.124 0.225 
57 2 0.117 0.113 0.427 0.118 0.225 
58 2 0.111 0.108 0.444 0.113 0.224 
59 2 0.105 0.103 0.464 0.107 0.22 
60 2 0.0992 0.0966 0.489 0.101 0.214 
61 2 0.0927 0.0903 0.518 0.0947 0.204 
62 2 0.0865 0.0843 0.546 0.0884 0.195 
63 2 0.0806 0.0786 0.574 0.0824 0.184 
64 2 0.0751 0.0732 0.601 0.0768 0.174 
65 2 0.0699 0.0682 0.626 0.0716 0.165 
66 2 0.0652 0.0636 0.649 0.0668 0.155 
67 2 0.0608 0.0594 0.671 0.0624 0.146 
68 2 0.0568 0.0555 0.692 0.0583 0.138 
69 2 0.0531 0.0519 0.711 0.0546 0.13 
70 2 0.0498 0.0487 0.728 0.0512 0.122 
71 2 0.0467 0.0457 0.744 0.0481 0.115 
72 2 0.044 0.043 0.759 0.0452 0.109 
73 2 0.0414 0.0405 0.772 0.0426 0.103 
74 2 0.0391 0.0383 0.785 0.0403 0.0977 
75 2 0.037 0.0362 0.796 0.0381 0.0928 
76 2 0.0351 0.0343 0.806 0.0361 0.0882 
77 2 0.0333 0.0326 0.816 0.0343 0.084 
78 2 0.0317 0.031 0.825 0.0327 0.0801 
79 2 0.0302 0.0295 0.833 0.0311 0.0765 
80 2 0.0288 0.0282 0.84 0.0297 0.0732 
81 2 0.0275 0.0269 0.847 0.0284 0.0701 
82 2 0.0263 0.0258 0.853 0.0272 0.0672 
83 2 0.0252 0.0247 0.859 0.0261 0.0646 
84 2 0.0242 0.0237 0.865 0.025 0.0621 
85 2 0.0232 0.0228 0.87 0.024 0.0597 
86 2 0.0223 0.0219 0.875 0.0231 0.0574 
87 2 0.0214 0.021 0.88 0.0222 0.0552 
88 2 0.0206 0.0202 0.885 0.0213 0.0531 
89 2 0.0199 0.0195 0.889 0.0206 0.0512 
90 2 0.0192 0.0188 0.893 0.0199 0.0495 
91 2 0.0185 0.0182 0.896 0.0192 0.0479 
92 2 0.0179 0.0176 0.899 0.0186 0.0464 
93 2 0.0174 0.0171 0.902 0.018 0.0451 
94 2 0.0169 0.0166 0.905 0.0175 0.0438 
95 2 0.0164 0.0161 0.908 0.017 0.0426 
96 2 0.0159 0.0156 0.91 0.0165 0.0415 
97 2 0.0155 0.0152 0.913 0.0161 0.0404 
98 2 0.0151 0.0148 0.915 0.0157 0.0394 
99 2 0.0147 0.0144 0.917 0.0152 0.0384 
100 2 0.0143 0.014 0.919 0.0149 0.0375 
101 2 0.0139 0.0137 0.921 0.0145 0.0366 
102 2 0.0136 0.0134 0.923 0.0142 0.0358 
103 2 0.0133 0.013 0.925 0.0138 0.035 
104 2 0.013 0.0127 0.927 0.0135 0.0342 
105 2 0.0127 0.0124 0.928 0.0132 0.0335 
106 2 0.0124 0.0122 0.93 0.0129 0.0328 
107 2 0.0121 0.0119 0.931 0.0126 0.0321 
108 2 0.0119 0.0117 0.933 0.0124 0.0315 
109 2 0.0116 0.0114 0.934 0.0121 0.0309 
110 2 0.0114 0.0112 0.935 0.0119 0.0303 
111 2 0.0111 0.0109 0.937 0.0116 0.0297 
112 2 0.0109 0.0107 0.938 0.0114 0.0292 
113 2 0.0107 0.0105 0.939 0.0112 0.0286 
114 2 0.0105 0.0103 0.94 0.011 0.0281 
115 2 0.0103 0.0101 0.941 0.0108 0.0276 
116 2 0.0101 0.00994 0.942 0.0106 0.0271 
117 2 0.00994 0.00976 0.943 0.0104 0.0267 
118 2 0.00976 0.00959 0.944 0.0102 0.0262 
119 2 0.00959 0.00942 0.945 0.01 0.0258 
120 2 0.00942 0.00926 0.946 0.00984 0.0254 
121 2 0.00926 0.0091 0.947 0.00968 0.025 
122 2 0.00911 0.00895 0.948 0.00952 0.0246 
123 2 0.00896 0.0088 0.949 0.00936 0.0242 
124 2 0.00881 0.00866 0.949 0.00921 0.0238 
125 2 0.00867 0.00852 0.95 0.00907 0.0235 
126 2 0.00854 0.00839 0.951 0.00893 0.0231 
127 2 0.0084 0.00826 0.952 0.00879 0.0228 
128 2 0.00827 0.00813 0.952 0.00866 0.0225 
129 2 0.00815 0.00801 0.953 0.00853 0.0222 
130 2 0.00803 0.00789 0.954 0.00841 0.0219 
131 2 0.00791 0.00778 0.954 0.00828 0.0216 
132 2 0.0078 0.00766 0.955 0.00817 0.0213 
133 2 0.00769 0.00756 0.956 0.00805 0.021 
134 2 0.00758 0.00745 0.956 0.00794 0.0207 
135 2 0.00747 0.00735 0.957 0.00783 0.0204 
136 2 0.00737 0.00725 0.957 0.00773 0.0202 
137 2 0.00727 0.00715 0.958 0.00762 0.0199 
138 2 0.00717 0.00705 0.959 0.00752 0.0197 
139 2 0.00708 0.00696 0.959 0.00742 0.0194 
140 2 0.00699 0.00687 0.96 0.00733 0.0192 
141 2 0.0069 0.00678 0.96 0.00724 0.019 
142 2 0.00681 0.0067 0.961 0.00715 0.0187 
143 2 0.00673 0.00661 0.961 0.00706 0.0185 
144 2 0.00664 0.00653 0.962 0.00697 0.0183 
145 2 0.00656 0.00645 0.962 0.00689 0.0181 
146 2 0.00648 0.00637 0.962 0.0068 0.0179 
147 2 0.0064 0.0063 0.963 0.00672 0.0177 
148 2 0.00633 0.00622 0.963 0.00665 0.0175 
149 2 0.00625 0.00615 0.964 0.00657 0.0173 
150 2 0.00618 0.00608 0.964 0.00649 0.0171 
151 2 0.00611 0.00601 0.965 0.00642 0.0169 
152 2 0.00604 0.00594 0.965 0.00635 0.0168 
153 2 0.00597 0.00587 0.965 0.00628 0.0166 
154 2 0.0059 0.00581 0.966 0.00621 0.0164 
155 2 0.00584 0.00574 0.966 0.00614 0.0162 
156 2 0.00577 0.00567 0.966 0.00606 0.016 
157 2 0.0057 0.0056 0.967 0.00599 0.0158 
158 2 0.00563 0.00554 0.967 0.00592 0.0157 
159 2 0.00556 0.00547 0.968 0.00585 0.0155 
160 2 0.0055 0.00541 0.968 0.00578 0.0153 
161 2 0.00544 0.00535 0.968 0.00572 0.0152 
162 2 0.00538 0.00529 0.969 0.00566 0.015 
163 2 0.00533 0.00524 0.969 0.0056 0.0149 
164 2 0.00528 0.0052 0.969 0.00556 0.0148 
165 2 0.00525 0.00517 0.969 0.00553 0.0147 
166 2 0.00523 0.00514 0.969 0.00551 0.0147 
167 2 0.00521 0.00512 0.97 0.00548 0.0147 
168 2 0.00519 0.00511 0.97 0.00547 0.0147 
169 2 0.00517 0.00509 0.97 0.00545 0.0147 
170 2 0.00516 0.00507 0.97 0.00543 0.0147 
171 2 0.00514 0.00506 0.97 0.00542 0.0147 
172 2 0.00513 0.00504 0.97 0.00541 0.0147 
173 2 0.00511 0.00503 0.97 0.00539 0.0147 
174 2 0.0051 0.00502 0.97 0.00538 0.0147 
175 2 0.00509 0.00501 0.97 0.00537 0.0148 
176 2 0.00508 0.005 0.97 0.00536 0.0148 
177 2 0.00507 0.00498 0.97 0.00535 0.0148 
178 2 0.00506 0.00497 0.97 0.00534 0.0148 
179 2 0.00505 0.00497 0.97 0.00533 0.0149 
180 2 0.00504 0.00496 0.97 0.00532 0.0149 
181 2 0.00503 0.00495 0.97 0.00531 0.0149 
182 2 0.00502 0.00494 0.97 0.00531 0.015 
183 2 0.00501 0.00493 0.97 0.0053 0.015 
184 2 0.005 0.00492 0.97 0.00529 0.0151 
185 2 0.005 0.00492 0.97 0.00529 0.0151 
186 2 0.00499 0.00491 0.97 0.00528 0.0151 
187 2 0.00498 0.0049 0.97 0.00527 0.0152 
188 2 0.00498 0.0049 0.97 0.00527 0.0152 
189 2 0.00497 0.00489 0.97 0.00526 0.0153 
190 2 0.00496 0.00489 0.97 0.00526 0.0153 
191 2 0.00496 0.00488 0.97 0.00525 0.0154 
192 2 0.00495 0.00487 0.969 0.00525 0.0155 
193 2 0.00495 0.00487 0.969 0.00525 0.0155 
194 2 0.00494 0.00487 0.969 0.00524 0.0156 
195 2 0.00494 0.00486 0.969 0.00524 0.0156 
196 2 0.00494 0.00486 0.969 0.00524 0.0157 
197 2 0.00494 0.00486 0.969 0.00524 0.0158 
198 2 0.00495 0.00487 0.969 0.00525 0.0159 
199 2 0.00496 0.00488 0.969 0.00526 0.016 
200 2 0.00497 0.00489 0.969 0.00528 0.0162 
201 2 0.00499 0.00491 0.968 0.0053 0.0164 
202 2 0.00501 0.00493 0.968 0.00533 0.0166 
203 2 0.00504 0.00496 0.968 0.00536 0.0168 
204 2 0.00506 0.00498 0.968 0.00539 0.017 
205 2 0.00509 0.00501 0.967 0.00542 0.0173 
206 2 0.00512 0.00504 0.967 0.00545 0.0175 
207 2 0.00515 0.00507 0.967 0.00549 0.0178 
208 2 0.00519 0.0051 0.966 0.00552 0.0181 
209 2 0.00522 0.00514 0.966 0.00556 0.0184 
210 2 0.00526 0.00518 0.965 0.00561 0.0187 
211 2 0.0053 0.00521 0.965 0.00565 0.019 
212 2 0.00534 0.00525 0.964 0.0057 0.0193 
213 2 0.00538 0.0053 0.964 0.00574 0.0197 
214 2 0.00543 0.00534 0.963 0.00579 0.0201 
215 2 0.00548 0.00539 0.963 0.00585 0.0205 
216 2 0.00552 0.00543 0.962 0.0059 0.0209 
217 2 0.00558 0.00549 0.962 0.00596 0.0214 
218 2 0.00563 0.00554 0.961 0.00602 0.0218 
219 2 0.00569 0.00559 0.96 0.00608 0.0223 
220 2 0.00574 0.00565 0.96 0.00615 0.0228 
221 2 0.00581 0.00571 0.959 0.00621 0.0234 
222 2 0.00587 0.00577 0.958 0.00629 0.024 
223 2 0.00594 0.00584 0.957 0.00636 0.0246 
224 2 0.00601 0.00591 0.956 0.00644 0.0253 
225 2 0.00608 0.00598 0.955 0.00652 0.026 
226 2 0.00616 0.00605 0.954 0.0066 0.0267 
227 2 0.00624 0.00613 0.953 0.00669 0.0275 
228 2 0.00632 0.00622 0.952 0.00679 0.0283 
229 2 0.00641 0.0063 0.951 0.00689 0.0292 
230 2 0.0065 0.0064 0.95 0.00699 0.0302 
231 2 0.0066 0.00649 0.949 0.0071 0.0312 
232 2 0.00671 0.00659 0.947 0.00721 0.0323 
233 2 0.00681 0.0067 0.946 0.00733 0.0335 
234 2 0.00693 0.00681 0.944 0.00746 0.0347 
235 2 0.00705 0.00693 0.942 0.0076 0.0361 
236 2 0.00718 0.00706 0.94 0.00774 0.0376 
237 2 0.00732 0.00719 0.938 0.00789 0.0392 
238 2 0.00746 0.00734 0.936 0.00805 0.041 
239 2 0.00762 0.00749 0.934 0.00822 0.0429 
240 2 0.00778 0.00765 0.931 0.0084 0.045 
241 2 0.00795 0.00782 0.928 0.0086 0.0473 
242 2 0.00814 0.008 0.925 0.0088 0.0499 
243 2 0.00834 0.0082 0.922 0.00903 0.0527 
244 2 0.00856 0.00841 0.918 0.00926 0.0558 
245 2 0.00879 0.00864 0.914 0.00952 0.0593 
246 2 0.00903 0.00888 0.909 0.00979 0.0633 
247 2 0.0093 0.00915 0.904 0.0101 0.0677 
248 2 0.0096 0.00943 0.898 0.0104 0.0728 
249 2 0.00991 0.00974 0.891 0.0108 0.0785 
250 2 0.0103 0.0101 0.883 0.0111 0.0851 
251 2 0.0106 0.0104 0.875 0.0116 0.0927 
252 2 0.011 0.0108 0.865 0.012 0.101 
253 2 0.0115 0.0113 0.853 0.0125 0.112 
254 2 0.0119 0.0117 0.84 0.013 0.123 
255 2 0.0124 0.0122 0.825 0.0135 0.136 
256 2 0.0129 0.0127 0.809 0.0141 0.151 
257 2 0.0134 0.0131 0.791 0.0146 0.168 
258 2 0.0139 0.0136 0.77 0.0152 0.187 
259 2 0.0144 0.0141 0.748 0.0157 0.208 
260 2 0.0148 0.0146 0.722 0.0162 0.232 
261 2 0.0153 0.015 0.695 0.0167 0.258 
262 2 0.0157 0.0154 0.665 0.0172 0.287 
263 2 0.016 0.0157 0.632 0.0176 0.319 
264 2 0.0163 0.016 0.596 0.0179 0.353 
265 2 0.0165 0.0162 0.559 0.0181 0.39 
266 2 0.0165 0.0162 0.521 0.0182 0.428 
267 2 0.0165 0.0162 0.482 0.0182 0.467 
268 4 0.0163 0.016 0.444 0.018 0.505 
269 4 0.0161 0.0158 0.407 0.0177 0.543 
270 4 0.0158 0.0155 0.373 0.0174 0.579 
271 4 0.0154 0.0151 0.341 0.017 0.612 
272 4 0.0149 0.0147 0.311 0.0165 0.643 
273 4 0.0144 0.0142 0.284 0.016 0.671 
274 4 0.014 0.0137 0.26 0.0154 0.697 
275 4 0.0135 0.0133 0.239 0.0149 0.719 
276 4 0.013 0.0128 0.22 0.0144 0.74 
277 4 0.0126 0.0123 0.203 0.0139 0.758 
278 4 0.0121 0.0119 0.188 0.0134 0.775 
279 4 0.0117 0.0115 0.174 0.013 0.79 
280 4 0.0113 0.0111 0.162 0.0125 0.803 
281 4 0.0109 0.0107 0.151 0.0121 0.815 
282 4 0.0105 0.0103 0.141 0.0117 0.826 
283 4 0.0102 0.00999 0.132 0.0113 0.837 
284 4 0.00981 0.00964 0.123 0.0109 0.847 
285 4 0.00946 0.0093 0.115 0.0105 0.856 
286 4 0.00915 0.00899 0.108 0.0102 0.863 
287 4 0.00887 0.00871 0.102 0.00984 0.87 
288 4 0.00861 0.00846 0.0968 0.00955 0.877 
289 4 0.00836 0.00822 0.0919 0.00928 0.882 
290 4 0.00814 0.00799 0.0876 0.00904 0.887 
291 4 0.00793 0.0078 0.0838 0.00881 0.892 
292 4 0.00777 0.00763 0.0808 0.00863 0.895 
293 4 0.00764 0.00751 0.0785 0.00849 0.898 
294 4 0.00753 0.0074 0.0766 0.00837 0.9 
295 4 0.00744 0.00731 0.075 0.00827 0.902 
296 4 0.00735 0.00723 0.0736 0.00818 0.904 
297 4 0.00728 0.00715 0.0723 0.0081 0.905 
298 4 0.00721 0.00708 0.0712 0.00803 0.906 
299 4 0.00715 0.00702 0.0702 0.00796 0.908 
300 4 0.00709 0.00697 0.0693 0.0079 0.909 
301 4 0.00704 0.00691 0.0684 0.00784 0.91 
302 4 0.00699 0.00687 0.0676 0.00779 0.911 
303 4 0.00694 0.00682 0.0669 0.00774 0.912 
304 4 0.0069 0.00678 0.0663 0.0077 0.912 
305 4 0.00686 0.00674 0.0657 0.00765 0.913 
306 4 0.00682 0.0067 0.0651 0.00761 0.914 
307 4 0.00679 0.00667 0.0645 0.00758 0.914 
308 4 0.00675 0.00663 0.064 0.00754 0.915 
309 4 0.00672 0.0066 0.0636 0.00751 0.916 
310 4 0.00669 0.00657 0.0631 0.00748 0.916 
311 4 0.00666 0.00654 0.0627 0.00745 0.917 
312 4 0.00663 0.00652 0.0623 0.00742 0.917 
313 4 0.00661 0.00649 0.0619 0.00739 0.918 
314 4 0.00658 0.00646 0.0616 0.00737 0.918 
315 4 0.00656 0.00644 0.0612 0.00734 0.918 
316 4 0.00653 0.00642 0.0609 0.00732 0.919 
317 4 0.00651 0.00639 0.0606 0.0073 0.919 
318 4 0.00649 0.00637 0.0603 0.00727 0.92 
319 4 0.00647 0.00635 0.06 0.00725 0.92 
320 4 0.00645 0.00633 0.0597 0.00723 0.92 
321 4 0.00643 0.00631 0.0595 0.00721 0.921 
322 4 0.00641 0.0063 0.0592 0.0072 0.921 
323 4 0.00639 0.00628 0.059 0.00718 0.921 
324 4 0.00638 0.00626 0.0588 0.00716 0.921 
325 4 0.00636 0.00624 0.0585 0.00715 0.922 
326 4 0.00634 0.00623 0.0583 0.00713 0.922 
327 4 0.00633 0.00621 0.0581 0.00712 0.922 
328 4 0.00631 0.0062 0.0579 0.0071 0.922 
329 4 0.0063 0.00618 0.0577 0.00709 0.923 
330 4 0.00628 0.00617 0.0576 0.00707 0.923 
331 4 0.00627 0.00616 0.0574 0.00706 0.923 
332 4 0.00626 0.00614 0.0572 0.00705 0.923 
333 4 0.00624 0.00613 0.0571 0.00704 0.924 
334 4 0.00623 0.00612 0.0569 0.00702 0.924 
335 4 0.00622 0.00611 0.0568 0.00701 0.924 
336 4 0.00621 0.00609 0.0566 0.007 0.924 
337 4 0.0062 0.00608 0.0565 0.00699 0.924 
338 4 0.00619 0.00607 0.0563 0.00698 0.924 
339 4 0.00617 0.00606 0.0562 0.00697 0.925 
340 4 0.00616 0.00605 0.0561 0.00696 0.925 
341 4 0.00615 0.00604 0.056 0.00695 0.925 
342 4 0.00614 0.00603 0.0559 0.00694 0.925 
343 4 0.00613 0.00602 0.0558 0.00693 0.925 
344 4 0.00612 0.00601 0.0556 0.00693 0.925 
345 4 0.00612 0.006 0.0555 0.00692 0.925 
346 4 0.00611 0.00599 0.0554 0.00691 0.926 
347 4 0.0061 0.00598 0.0554 0.0069 0.926 
348 4 0.00609 0.00598 0.0553 0.0069 0.926 
349 4 0.00608 0.00597 0.0552 0.00689 0.926 
350 4 0.00607 0.00596 0.0551 0.00688 0.926 
351 4 0.00607 0.00595 0.055 0.00688 0.926 
352 4 0.00606 0.00594 0.0549 0.00687 0.926 
353 4 0.00605 0.00594 0.0548 0.00686 0.926 
354 4 0.00604 0.00593 0.0548 0.00686 0.926 
355 4 0.00604 0.00592 0.0547 0.00685 0.926 
356 4 0.00603 0.00592 0.0546 0.00685 0.927 
357 4 0.00602 0.00591 0.0546 0.00684 0.927 
358 4 0.00602 0.0059 0.0545 0.00684 0.927 
359 4 0.00601 0.0059 0.0545 0.00683 0.927 
360 4 0.006 0.00589 0.0544 0.00683 0.927 
361 4 0.006 0.00588 0.0543 0.00682 0.927 
362 4 0.00599 0.00588 0.0543 0.00682 0.927 
363 4 0.00599 0.00587 0.0542 0.00681 0.927 
364 4 0.00598 0.00587 0.0542 0.00681 0.927 
365 4 0.00598 0.00586 0.0541 0.0068 0.927 
366 4 0.00597 0.00586 0.0541 0.0068 0.927 
367 4 0.00597 0.00585 0.0541 0.0068 0.927 
368 4 0.00596 0.00585 0.054 0.00679 0.927 
369 4 0.00596 0.00584 0.054 0.00679 0.927 
370 4 0.00595 0.00584 0.0539 0.00679 0.927 
371 4 0.00595 0.00583 0.0539 0.00678 0.928 
372 4 0.00594 0.00583 0.0539 0.00678 0.928 
373 4 0.00594 0.00582 0.0538 0.00678 0.928 
374 4 0.00593 0.00582 0.0538 0.00677 0.928 
375 4 0.00593 0.00581 0.0538 0.00677 0.928 
376 4 0.00592 0.00581 0.0538 0.00677 0.928 
377 4 0.00592 0.00581 0.0537 0.00677 0.928 
378 4 0.00592 0.0058 0.0537 0.00676 0.928 
379 4 0.00591 0.0058 0.0537 0.00676 0.928 
380 4 0.00593 0.00582 0.0538 0.00679 0.928 
381 4 0.00595 0.00583 0.0539 0.00681 0.928 
382 4 0.00596 0.00584 0.0539 0.00683 0.927 
383 4 0.00597 0.00585 0.0539 0.00684 0.927 
384 4 0.00598 0.00586 0.0538 0.00686 0.927 
385 4 0.00599 0.00587 0.0538 0.00687 0.927 
386 4 0.00599 0.00588 0.0537 0.00688 0.928 
387 4 0.006 0.00588 0.0536 0.00689 0.928 
388 4 0.00601 0.00589 0.0536 0.0069 0.928 
389 4 0.00601 0.00589 0.0535 0.00691 0.928 
390 4 0.00602 0.0059 0.0534 0.00692 0.928 
391 4 0.00602 0.0059 0.0533 0.00693 0.928 
392 4 0.00603 0.00591 0.0532 0.00694 0.928 
393 4 0.00603 0.00591 0.0531 0.00695 0.928 
394 4 0.00604 0.00592 0.0531 0.00696 0.928 
395 4 0.00605 0.00592 0.053 0.00697 0.928 
396 4 0.00605 0.00593 0.0529 0.00698 0.928 
397 4 0.00606 0.00594 0.0528 0.00699 0.928 
398 4 0.00606 0.00594 0.0528 0.007 0.928 
399 4 0.00607 0.00595 0.0527 0.00702 0.928 
400 4 0.00608 0.00595 0.0527 0.00703 0.928 
401 4 0.00609 0.00596 0.0526 0.00704 0.928 
402 4 0.00609 0.00597 0.0526 0.00705 0.928 
403 4 0.0061 0.00598 0.0525 0.00707 0.928 
404 4 0.00611 0.00598 0.0525 0.00708 0.928 
405 4 0.00612 0.00599 0.0524 0.00709 0.928 
406 4 0.00613 0.006 0.0524 0.00711 0.928 
407 4 0.00614 0.00601 0.0524 0.00712 0.928 
408 4 0.00614 0.00602 0.0523 0.00713 0.928 
409 4 0.00615 0.00603 0.0523 0.00715 0.928 
410 4 0.00616 0.00603 0.0523 0.00716 0.928 
411 4 0.00617 0.00604 0.0523 0.00718 0.928 
412 4 0.00618 0.00605 0.0522 0.00719 0.928 
413 4 0.00619 0.00606 0.0522 0.00721 0.928 
414 4 0.00626 0.00613 0.0525 0.00729 0.928 
415 4 0.00626 0.00613 0.0524 0.0073 0.928 
416 4 0.00627 0.00614 0.0524 0.00731 0.928 
417 4 0.00633 0.0062 0.0526 0.0074 0.927 
418 4 0.00634 0.0062 0.0526 0.0074 0.928 
419 4 0.0064 0.00626 0.0528 0.00748 0.927 
420 4 0.0064 0.00626 0.0527 0.00749 0.927 
421 4 0.00646 0.00632 0.0529 0.00756 0.927 
422 4 0.00646 0.00632 0.0528 0.00757 0.927 
423 4 0.00646 0.00632 0.0528 0.00757 0.927 
424 4 0.00652 0.00638 0.0531 0.00766 0.926 
425 4 0.00652 0.00637 0.0529 0.00765 0.927 
426 4 0.00658 0.00643 0.0532 0.00773 0.926 
427 4 0.00657 0.00642 0.0531 0.00773 0.926 
428 4 0.00663 0.00648 0.0534 0.0078 0.926 
429 4 0.00662 0.00647 0.0533 0.00779 0.926 
430 4 0.00668 0.00653 0.0536 0.00788 0.925 
431 4 0.00667 0.00652 0.0535 0.00786 0.925 
432 4 0.00673 0.00658 0.0539 0.00794 0.925 
433 4 0.00672 0.00657 0.0537 0.00793 0.925 
434 4 0.00678 0.00663 0.0541 0.00801 0.924 
435 4 0.00677 0.00661 0.054 0.008 0.925 
436 4 0.00683 0.00668 0.0545 0.00808 0.924 
437 4 0.00682 0.00666 0.0544 0.00807 0.924 
438 4 0.00689 0.00673 0.0549 0.00815 0.923 
439 4 0.00694 0.00678 0.0552 0.00823 0.923 
440 4 0.00699 0.00683 0.0555 0.00829 0.922 
441 4 0.00703 0.00687 0.0557 0.00835 0.922 
442 4 0.00707 0.00691 0.0558 0.0084 0.922 
443 4 0.00711 0.00694 0.0559 0.00845 0.922 
444 4 0.00714 0.00698 0.056 0.0085 0.921 
445 4 0.00718 0.00701 0.0562 0.00855 0.921 
446 4 0.00722 0.00705 0.0563 0.0086 0.921 
447 4 0.00725 0.00708 0.0564 0.00864 0.921 
448 4 0.00729 0.00712 0.0565 0.00869 0.92 
449 4 0.00732 0.00715 0.0567 0.00874 0.92 
450 4 0.00736 0.00719 0.0568 0.00879 0.92 
451 4 0.0074 0.00722 0.057 0.00884 0.92 
452 4 0.00743 0.00725 0.0571 0.00888 0.919 
453 4 0.00747 0.00729 0.0573 0.00894 0.919 
454 4 0.00751 0.00733 0.0575 0.00899 0.919 
455 4 0.00754 0.00736 0.0576 0.00903 0.918 
456 4 0.00758 0.0074 0.0578 0.00908 0.918 
457 4 0.00762 0.00743 0.058 0.00913 0.918 
458 4 0.00766 0.00747 0.0582 0.00919 0.917 
459 4 0.0077 0.00751 0.0584 0.00924 0.917 
460 4 0.00774 0.00755 0.0586 0.00929 0.917 
461 4 0.00778 0.00759 0.0589 0.00935 0.916 
462 4 0.00783 0.00764 0.0591 0.00941 0.916 
463 4 0.00788 0.00769 0.0594 0.00948 0.916 
464 4 0.00794 0.00775 0.0596 0.00956 0.915 
465 4 0.00799 0.00779 0.0598 0.00962 0.915 
466 4 0.00804 0.00784 0.06 0.00969 0.914 
467 4 0.00809 0.00789 0.0602 0.00975 0.914 
468 4 0.00814 0.00794 0.0604 0.00982 0.914 
469 4 0.00819 0.00799 0.0606 0.00988 0.913 
470 4 0.00824 0.00803 0.0608 0.00994 0.913 
471 4 0.00829 0.00808 0.061 0.01 0.913 
472 4 0.00835 0.00814 0.0613 0.0101 0.912 
473 4 0.0084 0.00819 0.0615 0.0102 0.912 
474 4 0.00846 0.00824 0.0617 0.0102 0.911 
475 4 0.00852 0.0083 0.0619 0.0103 0.911 
476 4 0.00857 0.00835 0.0622 0.0104 0.911 
477 4 0.00863 0.00841 0.0624 0.0104 0.91 
478 4 0.00869 0.00846 0.0627 0.0105 0.91 
479 4 0.00875 0.00853 0.063 0.0106 0.909 
480 4 0.00881 0.00858 0.0632 0.0107 0.909 
481 4 0.00888 0.00865 0.0635 0.0108 0.908 
482 4 0.00894 0.0087 0.0637 0.0108 0.908 
483 4 0.009 0.00876 0.064 0.0109 0.907 
484 4 0.00907 0.00883 0.0643 0.011 0.907 
485 4 0.00913 0.00889 0.0646 0.0111 0.906 
486 4 0.0092 0.00895 0.065 0.0112 0.906 
487 4 0.00927 0.00902 0.0653 0.0112 0.905 
488 4 0.00933 0.00908 0.0656 0.0113 0.905 
489 4 0.00941 0.00915 0.0659 0.0114 0.904 
490 4 0.00948 0.00922 0.0663 0.0115 0.904 
491 4 0.00955 0.00929 0.0666 0.0116 0.903 
492 4 0.00963 0.00936 0.067 0.0117 0.902 
493 4 0.0097 0.00944 0.0674 0.0118 0.902 
494 4 0.00979 0.00952 0.0678 0.0119 0.901 
495 4 0.00987 0.0096 0.0681 0.012 0.9 
496 4 0.00995 0.00967 0.0685 0.0121 0.9 
497 4 0.01 0.00975 0.0689 0.0122 0.899 
498 4 0.0101 0.00982 0.0693 0.0123 0.899 
499 4 0.0102 0.0099 0.0697 0.0124 0.898 
500 4 0.0103 0.00998 0.07 0.0124 0.897 
501 4 0.0103 0.0101 0.0705 0.0125 0.897 
502 4 0.0104 0.0101 0.0709 0.0127 0.896 
503 4 0.0105 0.0102 0.0713 0.0128 0.895 
504 4 0.0106 0.0103 0.0717 0.0128 0.895 
505 4 0.0107 0.0104 0.0722 0.013 0.894 
506 4 0.0108 0.0105 0.0726 0.0131 0.893 
507 4 0.0109 0.0106 0.0731 0.0132 0.892 
508 4 0.011 0.0106 0.0735 0.0133 0.892 
509 4 0.0111 0.0107 0.074 0.0134 0.891 
510 4 0.0111 0.0108 0.0744 0.0135 0.89 
511 4 0.0112 0.0109 0.0749 0.0136 0.889 
512 4 0.0113 0.011 0.0754 0.0137 0.889 
513 4 0.0114 0.0111 0.0759 0.0138 0.888 
514 4 0.0115 0.0112 0.0764 0.0139 0.887 
515 4 0.0116 0.0113 0.0768 0.0141 0.886 
516 4 0.0117 0.0114 0.0774 0.0142 0.885 
517 4 0.0118 0.0115 0.0779 0.0143 0.884 
518 4 0.0119 0.0116 0.0784 0.0144 0.884 
519 4 0.012 0.0117 0.0789 0.0145 0.883 
520 4 0.0121 0.0118 0.0795 0.0147 0.882 
521 4 0.0122 0.0119 0.08 0.0148 0.881 
522 4 0.0124 0.012 0.0806 0.0149 0.88 
523 4 0.0125 0.0121 0.0811 0.015 0.879 
524 4 0.0126 0.0122 0.0817 0.0152 0.878 
525 4 0.0127 0.0123 0.0823 0.0153 0.877 
526 4 0.0128 0.0124 0.0828 0.0154 0.877 
527 4 0.0129 0.0125 0.0833 0.0155 0.876 
528 4 0.013 0.0126 0.084 0.0157 0.875 
529 4 0.0132 0.0127 0.0846 0.0158 0.874 
530 4 0.0133 0.0128 0.0851 0.016 0.873 
531 4 0.0134 0.013 0.0857 0.0161 0.872 
532 4 0.0135 0.0131 0.0864 0.0163 0.871 
533 4 0.0136 0.0132 0.087 0.0164 0.87 
534 4 0.0138 0.0133 0.0876 0.0165 0.869 
535 4 0.0139 0.0134 0.0883 0.0167 0.868 
536 4 0.014 0.0136 0.089 0.0169 0.867 
537 4 0.0142 0.0137 0.0897 0.017 0.865 
538 4 0.0143 0.0138 0.0903 0.0172 0.864 
539 4 0.0144 0.014 0.0911 0.0173 0.863 
540 4 0.0146 0.0141 0.0918 0.0175 0.862 
541 4 0.0148 0.0143 0.0926 0.0177 0.861 
542 4 0.0149 0.0144 0.0933 0.0179 0.86 
543 4 0.0151 0.0146 0.0941 0.018 0.858 
544 4 0.0152 0.0147 0.0949 0.0182 0.857 
545 4 0.0154 0.0149 0.0957 0.0184 0.856 
546 4 0.0156 0.015 0.0965 0.0186 0.854 
547 4 0.0157 0.0152 0.0974 0.0188 0.853 
548 4 0.0159 0.0154 0.0982 0.0191 0.851 
549 4 0.0161 0.0156 0.0991 0.0193 0.85 
550 4 0.0163 0.0158 0.1 0.0195 0.848 
551 4 0.0165 0.0159 0.101 0.0198 0.847 
552 4 0.0167 0.0161 0.102 0.02 0.846 
553 4 0.0169 0.0163 0.102 0.0202 0.844 
554 4 0.0171 0.0165 0.103 0.0204 0.843 
555 4 0.0173 0.0167 0.104 0.0207 0.841 
556 4 0.0175 0.0169 0.105 0.0209 0.84 
557 4 0.0178 0.0171 0.106 0.0213 0.838 
558 4 0.018 0.0174 0.107 0.0216 0.836 
559 4 0.0183 0.0176 0.108 0.0219 0.834 
560 4 0.0185 0.0178 0.109 0.0221 0.832 
561 4 0.0187 0.018 0.11 0.0224 0.831 
562 4 0.0189 0.0182 0.111 0.0226 0.829 
563 4 0.0191 0.0183 0.112 0.0228 0.828 
564 4 0.0193 0.0185 0.113 0.0231 0.826 
565 4 0.0195 0.0188 0.114 0.0234 0.824 
566 4 0.0198 0.019 0.116 0.0237 0.822 
567 4 0.02 0.0192 0.117 0.0239 0.82 
568 4 0.0202 0.0194 0.118 0.0243 0.818 
569 4 0.0205 0.0197 0.119 0.0246 0.816 
570 4 0.0208 0.02 0.121 0.0249 0.813 
571 4 0.0211 0.0202 0.122 0.0253 0.811 
572 4 0.0214 0.0205 0.124 0.0256 0.809 
573 4 0.0217 0.0208 0.125 0.026 0.806 
574 4 0.022 0.0211 0.127 0.0264 0.804 
575 4 0.0223 0.0214 0.128 0.0268 0.801 
576 4 0.0227 0.0217 0.13 0.0273 0.798 
577 4 0.0231 0.0221 0.132 0.0277 0.795 
578 4 0.0235 0.0225 0.133 0.0283 0.792 
579 4 0.0239 0.0228 0.135 0.0287 0.79 
580 4 0.0243 0.0232 0.137 0.0293 0.787 
581 4 0.0247 0.0236 0.139 0.0298 0.783 
582 4 0.0252 0.0241 0.14 0.0304 0.78 
583 4 0.0255 0.0244 0.142 0.0308 0.777 
584 4 0.0258 0.0246 0.143 0.0311 0.775 
585 4 0.026 0.0249 0.145 0.0314 0.773 
586 4 0.0262 0.025 0.147 0.0316 0.771 
587 4 0.0262 0.025 0.148 0.0316 0.769 
588 4 0.0263 0.0251 0.15 0.0318 0.767 
589 4 0.0265 0.0253 0.152 0.0319 0.764 
590 4 0.0266 0.0254 0.154 0.0321 0.762 
591 4 0.0268 0.0256 0.156 0.0323 0.759 
592 4 0.027 0.0258 0.159 0.0326 0.756 
593 4 0.0272 0.026 0.161 0.0328 0.753 
594 4 0.0274 0.0262 0.164 0.0331 0.75 
595 4 0.0277 0.0264 0.166 0.0333 0.746 
596 4 0.0279 0.0266 0.169 0.0336 0.743 
597 4 0.0281 0.0268 0.171 0.0339 0.74 
598 4 0.0284 0.027 0.174 0.0342 0.737 
599 4 0.0286 0.0272 0.176 0.0344 0.733 
600 4 0.0288 0.0275 0.179 0.0347 0.73 
601 4 0.0291 0.0277 0.182 0.035 0.727 
602 4 0.0293 0.0279 0.184 0.0353 0.723 
603 4 0.0295 0.0281 0.187 0.0356 0.72 
604 4 0.0298 0.0283 0.189 0.0358 0.717 
605 4 0.03 0.0285 0.192 0.0361 0.714 
606 4 0.0302 0.0287 0.194 0.0363 0.71 
607 4 0.0304 0.0289 0.197 0.0366 0.707 
608 4 0.0306 0.0291 0.2 0.0369 0.704 
609 4 0.0309 0.0293 0.202 0.0372 0.7 
610 4 0.0309 0.0294 0.204 0.0372 0.698 
611 4 0.0309 0.0294 0.206 0.0372 0.697 
612 4 0.031 0.0294 0.208 0.0373 0.695 
613 4 0.031 0.0294 0.209 0.0373 0.693 
614 4 0.0311 0.0295 0.211 0.0373 0.691 
615 4 0.0311 0.0295 0.213 0.0374 0.689 
616 4 0.0312 0.0296 0.215 0.0374 0.687 
617 4 0.0312 0.0296 0.217 0.0375 0.685 
618 4 0.0313 0.0297 0.219 0.0376 0.683 
619 4 0.0314 0.0297 0.221 0.0376 0.681 
620 4 0.0314 0.0298 0.223 0.0377 0.679 
621 4 0.0315 0.0298 0.225 0.0378 0.676 
622 4 0.0316 0.0299 0.227 0.0379 0.674 
623 4 0.0317 0.03 0.229 0.038 0.672 
624 4 0.0318 0.0301 0.231 0.0381 0.669 
625 4 0.0319 0.0301 0.233 0.0382 0.667 
626 4 0.032 0.0302 0.235 0.0383 0.665 
627 4 0.0321 0.0303 0.237 0.0385 0.662 
628 4 0.0322 0.0304 0.239 0.0386 0.66 
629 4 0.0323 0.0305 0.241 0.0387 0.657 
630 4 0.0324 0.0306 0.243 0.0389 0.655 
631 4 0.0325 0.0307 0.245 0.039 0.652 
632 4 0.0327 0.0308 0.247 0.0392 0.65 
633 4 0.0328 0.0309 0.25 0.0393 0.647 
634 4 0.0329 0.031 0.252 0.0395 0.645 
635 4 0.033 0.0311 0.254 0.0397 0.642 
636 4 0.0332 0.0313 0.256 0.0398 0.64 
637 4 0.0333 0.0314 0.258 0.04 0.637 
638 4 0.0335 0.0315 0.261 0.0402 0.634 
639 4 0.0336 0.0316 0.263 0.0404 0.631 
640 4 0.0338 0.0318 0.265 0.0406 0.629 
641 4 0.034 0.0319 0.268 0.0408 0.626 
642 4 0.034 0.0319 0.27 0.0409 0.624 
643 4 0.034 0.032 0.271 0.0409 0.622 
644 4 0.034 0.032 0.273 0.0409 0.62 
645 4 0.0341 0.032 0.275 0.041 0.618 
646 4 0.0341 0.032 0.277 0.041 0.616 
647 4 0.0341 0.032 0.279 0.0411 0.614 
648 4 0.0342 0.0321 0.281 0.0411 0.612 
649 4 0.0342 0.0321 0.283 0.0412 0.61 
650 4 0.0343 0.0321 0.285 0.0413 0.608 
651 4 0.0343 0.0322 0.287 0.0413 0.606 
652 4 0.0344 0.0322 0.288 0.0414 0.604 
653 4 0.0344 0.0322 0.29 0.0415 0.601 
654 4 0.0345 0.0323 0.292 0.0416 0.599 
655 4 0.0346 0.0323 0.294 0.0417 0.597 
656 4 0.0346 0.0324 0.296 0.0418 0.595 
657 4 0.0347 0.0324 0.298 0.0419 0.593 
658 4 0.0348 0.0325 0.3 0.042 0.591 
659 4 0.0349 0.0326 0.302 0.0421 0.588 
660 4 0.035 0.0326 0.304 0.0423 0.586 
661 4 0.0351 0.0327 0.306 0.0424 0.584 
662 4 0.0352 0.0328 0.308 0.0425 0.582 
663 4 0.0353 0.0329 0.31 0.0427 0.579 
664 4 0.0354 0.0329 0.312 0.0428 0.577 
665 4 0.0355 0.033 0.314 0.043 0.575 
666 4 0.0356 0.0331 0.316 0.0432 0.572 
667 4 0.0357 0.0332 0.318 0.0433 0.57 
668 4 0.0358 0.0333 0.32 0.0435 0.568 
669 4 0.0359 0.0333 0.321 0.0437 0.566 
670 4 0.036 0.0334 0.323 0.0438 0.563 
671 4 0.0362 0.0335 0.325 0.044 0.561 
672 4 0.0363 0.0336 0.327 0.0442 0.559 
673 4 0.0364 0.0337 0.329 0.0444 0.557 
674 4 0.0366 0.0338 0.33 0.0446 0.555 
675 4 0.0367 0.0339 0.332 0.0448 0.552 
676 4 0.0368 0.034 0.334 0.045 0.55 
677 4 0.037 0.0342 0.336 0.0453 0.548 
678 4 0.0372 0.0343 0.337 0.0455 0.546 
679 4 0.0373 0.0344 0.339 0.0457 0.544 
680 4 0.0375 0.0345 0.34 0.046 0.542 
681 4 0.0377 0.0347 0.342 0.0462 0.54 
682 4 0.0378 0.0348 0.343 0.0465 0.537 
683 4 0.038 0.0349 0.345 0.0468 0.535 
684 4 0.0382 0.0351 0.346 0.0471 0.533 
685 4 0.0384 0.0352 0.348 0.0474 0.531 
686 4 0.0386 0.0354 0.349 0.0477 0.529 
687 4 0.0388 0.0355 0.35 0.048 0.527 
688 4 0.039 0.0357 0.352 0.0483 0.525 
689 4 0.0392 0.0358 0.353 0.0486 0.523 
690 4 0.0394 0.0359 0.354 0.0489 0.522 
691 4 0.0396 0.0361 0.356 0.0492 0.52 
692 4 0.0398 0.0362 0.357 0.0495 0.518 
693 4 0.04 0.0364 0.358 0.0499 0.516 
694 4 0.0402 0.0366 0.359 0.0502 0.514 
695 4 0.0405 0.0367 0.36 0.0506 0.512 
696 4 0.0407 0.0369 0.362 0.051 0.51 
697 4 0.041 0.0371 0.363 0.0514 0.508 
698 4 0.0412 0.0373 0.364 0.0518 0.506 
699 4 0.0415 0.0375 0.365 0.0522 0.504 
700 4 0.0418 0.0377 0.366 0.0527 0.502 
701 4 0.0421 0.0379 0.367 0.0531 0.5 
702 4 0.0424 0.0381 0.368 0.0536 0.497 
703 4 0.0427 0.0383 0.37 0.0541 0.495 
704 4 0.043 0.0385 0.371 0.0546 0.493 
705 4 0.0433 0.0387 0.372 0.0551 0.491 
706 4 0.0437 0.039 0.373 0.0557 0.489 
707 4 0.0446 0.0397 0.374 0.057 0.485 
708 4 0.0448 0.0398 0.375 0.0574 0.483 
709 4 0.0458 0.0405 0.376 0.0588 0.479 
710 4 0.0467 0.0412 0.376 0.0602 0.476 
711 4 0.0476 0.0419 0.377 0.0616 0.472 
712 4 0.0487 0.0427 0.377 0.0632 0.468 
713 4 0.0496 0.0434 0.378 0.0647 0.464 
714 4 0.0506 0.0441 0.378 0.0662 0.461 
715 4 0.0517 0.0448 0.379 0.0679 0.457 
716 4 0.0528 0.0456 0.379 0.0696 0.453 
717 4 0.054 0.0464 0.379 0.0714 0.449 
718 4 0.0553 0.0472 0.379 0.0733 0.445 
719 4 0.0566 0.048 0.379 0.0753 0.441 
720 4 0.058 0.0489 0.379 0.0775 0.437 
721 4 0.0595 0.0498 0.379 0.0798 0.432 
722 4 0.061 0.0507 0.378 0.0822 0.428 
723 4 0.0627 0.0517 0.377 0.0849 0.423 
724 4 0.0644 0.0527 0.376 0.0877 0.419 
725 4 0.0662 0.0537 0.375 0.0907 0.414 
726 4 0.0682 0.0548 0.374 0.094 0.409 
727 4 0.0702 0.0559 0.372 0.0975 0.404 
728 4 0.0722 0.057 0.371 0.101 0.399 
729 4 0.0743 0.0581 0.369 0.105 0.394 
730 4 0.0764 0.0592 0.366 0.109 0.389 
731 4 0.0786 0.0604 0.364 0.114 0.383 
732 4 0.0808 0.0615 0.361 0.118 0.378 
733 4 0.0832 0.0627 0.359 0.123 0.373 
734 4 0.0856 0.0639 0.356 0.128 0.367 
735 4 0.088 0.065 0.352 0.133 0.362 
736 4 0.0905 0.0662 0.349 0.138 0.356 
737 4 0.0931 0.0674 0.345 0.144 0.35 
738 4 0.0957 0.0686 0.342 0.15 0.345 
739 4 0.0984 0.0698 0.337 0.156 0.339 
740 2 0.101 0.0709 0.333 0.162 0.333 
741 2 0.104 0.072 0.329 0.168 0.327 
742 2 0.106 0.073 0.324 0.175 0.321 
743 2 0.109 0.0741 0.32 0.182 0.315 
744 2 0.112 0.0751 0.315 0.19 0.308 
745 2 0.115 0.0761 0.309 0.197 0.302 
746 2 0.118 0.077 0.304 0.205 0.296 
747 2 0.12 0.0779 0.299 0.214 0.29 
748 2 0.123 0.0787 0.293 0.222 0.283 
749 2 0.126 0.0795 0.287 0.231 0.277 
750 2 0.129 0.0802 0.281 0.24 0.27 
751 2 0.132 0.0809 0.275 0.248 0.264 
752 2 0.135 0.0815 0.269 0.257 0.257 
753 3 0.138 0.0821 0.264 0.265 0.251 
754 3 0.147 0.0851 0.255 0.27 0.243 
755 3 0.151 0.0856 0.251 0.275 0.238 
756 3 0.155 0.0863 0.247 0.277 0.234 
757 3 0.168 0.0893 0.239 0.277 0.227 
758 3 0.172 0.0898 0.237 0.278 0.224 
759 3 0.187 0.0926 0.23 0.274 0.217 
760 3 0.193 0.0929 0.227 0.273 0.214 
761 3 0.201 0.0932 0.225 0.271 0.211 
762 3 0.222 0.0953 0.217 0.263 0.203 
763 3 0.233 0.0951 0.213 0.259 0.2 
764 3 0.249 0.0945 0.209 0.252 0.195 
765 0 0.282 0.095 0.198 0.24 0.185 
766 0 0.302 0.0935 0.193 0.232 0.18 
767 0 0.343 0.0923 0.18 0.216 0.168 
768 0 0.367 0.0899 0.174 0.207 0.162 
769 0 0.413 0.087 0.16 0.19 0.15 
770 0 0.439 0.084 0.153 0.18 0.143 
771 0 0.486 0.0798 0.14 0.164 0.131 
772 0 0.512 0.0764 0.133 0.155 0.124 
773 0 0.537 0.0729 0.126 0.146 0.118 
774 0 0.58 0.0681 0.114 0.131 0.107 
775 0 0.602 0.0649 0.108 0.124 0.101 
776 0 0.639 0.0603 0.0977 0.112 0.0916 
777 0 0.657 0.0574 0.0928 0.106 0.087 
778 0 0.688 0.0533 0.0842 0.0956 0.0791 
779 0 0.714 0.0496 0.0769 0.087 0.0722 
780 0 0.724 0.0478 0.0743 0.0837 0.0697 
781 0 0.742 0.0454 0.0694 0.0782 0.0652 
782 0 0.757 0.0432 0.0653 0.0733 0.0613 
783 0 0.77 0.0413 0.0615 0.0689 0.0578 
784 0 0.783 0.0395 0.0581 0.065 0.0547 
785 0 0.794 0.0378 0.0549 0.0614 0.0517 
786 0 0.805 0.0361 0.0519 0.0581 0.0489 
787 0 0.815 0.0346 0.0492 0.0551 0.0463 
788 0 0.824 0.0332 0.0468 0.0524 0.0441 
789 0 0.832 0.0319 0.0446 0.0499 0.042 
790 0 0.839 0.0307 0.0426 0.0477 0.0401 
791 0 0.846 0.0296 0.0407 0.0457 0.0384 
792 0 0.852 0.0286 0.0391 0.0438 0.0368 
793 0 0.857 0.0277 0.0375 0.0421 0.0354 
794 0 0.863 0.0268 0.0361 0.0405 0.0341 
795 0 0.867 0.026 0.0348 0.0391 0.0329 
796 0 0.871 0.0255 0.0339 0.0381 0.032 
797 0 0.873 0.0251 0.0333 0.0374 0.0314 
798 0 0.875 0.0248 0.0327 0.0369 0.0309 
799 0 0.876 0.0246 0.0323 0.0364 0.0305 
800 0 0.878 0.0244 0.0319 0.036 0.0301 
801 0 0.879 0.0243 0.0315 0.0356 0.0298 
802 0 0.88 0.0241 0.0312 0.0353 0.0294 
803 0 0.881 0.024 0.0309 0.035 0.0292 
804 0 0.882 0.0239 0.0307 0.0347 0.0289 
805 0 0.883 0.0238 0.0304 0.0345 0.0287 
806 0 0.883 0.0237 0.0302 0.0343 0.0284 
807 0 0.884 0.0236 0.0299 0.034 0.0282 
808 0 0.885 0.0235 0.0297 0.0338 0.028 
809 0 0.885 0.0235 0.0296 0.0337 0.0278 
810 0 0.886 0.0235 0.0294 0.0335 0.0277 
811 0 0.886 0.0235 0.0292 0.0334 0.0275 
812 0 0.887 0.0235 0.0291 0.0332 0.0273 
813 0 0.887 0.0235 0.0289 0.0331 0.0272 
814 0 0.888 0.0235 0.0288 0.033 0.0271 
815 0 0.888 0.0236 0.0287 0.0329 0.027 
816 0 0.888 0.0237 0.0286 0.0328 0.0269 
817 0 0.888 0.0238 0.0285 0.0328 0.0268 
818 0 0.888 0.0239 0.0284 0.0327 0.0267 
819 0 0.888 0.024 0.0283 0.0327 0.0266 
820 0 0.888 0.0242 0.0282 0.0327 0.0266 
821 0 0.888 0.0244 0.0282 0.0327 0.0265 
822 0 0.888 0.0246 0.0282 0.0327 0.0265 
823 0 0.888 0.0248 0.0281 0.0327 0.0264 
824 0 0.888 0.0251 0.0281 0.0327 0.0264 
825 0 0.887 0.0253 0.0281 0.0328 0.0264 
826 0 0.887 0.0256 0.0281 0.0328 0.0264 
827 0 0.887 0.026 0.0281 0.0329 0.0264 
828 0 0.886 0.0262 0.0281 0.0329 0.0264 
829 0 0.886 0.0266 0.0281 0.033 0.0264 
830 0 0.885 0.0269 0.0281 0.033 0.0264 
831 0 0.885 0.0273 0.0282 0.0331 0.0265 
832 0 0.884 0.0277 0.0282 0.0332 0.0265 
833 0 0.884 0.0281 0.0282 0.0333 0.0265 
834 0 0.883 0.0285 0.0283 0.0334 0.0265 
835 0 0.883 0.0289 0.0283 0.0334 0.0266 
836 0 0.882 0.0293 0.0283 0.0335 0.0266 
837 0 0.882 0.0298 0.0284 0.0336 0.0267 
838 0 0.881 0.0302 0.0284 0.0337 0.0267 
839 0 0.88 0.0307 0.0285 0.0338 0.0267 
840 0 0.88 0.0312 0.0285 0.0339 0.0268 
841 0 0.879 0.0316 0.0286 0.0339 0.0268 
842 0 0.878 0.0321 0.0286 0.034 0.0269 
843 0 0.878 0.0326 0.0286 0.0341 0.0269 
844 0 0.877 0.0331 0.0287 0.0342 0.0269 
845 0 0.877 0.0336 0.0287 0.0342 0.0269 
846 0 0.876 0.034 0.0287 0.0343 0.027 
847 0 0.875 0.0345 0.0288 0.0343 0.027 
848 0 0.875 0.035 0.0288 0.0344 0.027 
849 0 0.874 0.0355 0.0288 0.0344 0.027 
850 0 0.874 0.036 0.0288 0.0344 0.027 
851 0 0.873 0.0364 0.0288 0.0344 0.0271 
852 0 0.873 0.0369 0.0288 0.0345 0.0271 
853 0 0.872 0.0374 0.0288 0.0345 0.0271 
854 0 0.872 0.0378 0.0288 0.0345 0.027 
855 0 0.871 0.0383 0.0288 0.0344 0.027 
856 0 0.871 0.0387 0.0288 0.0344 0.027 
857 0 0.871 0.0391 0.0288 0.0344 0.027 
858 0 0.87 0.0396 0.0288 0.0344 0.027 
859 0 0.869 0.0403 0.0289 0.0345 0.0271 
860 0 0.868 0.041 0.029 0.0347 0.0272 
861 0 0.867 0.0418 0.0292 0.035 0.0274 
862 0 0.865 0.0427 0.0294 0.0352 0.0276 
863 0 0.863 0.0436 0.0297 0.0355 0.0278 
864 0 0.862 0.0446 0.0299 0.0358 0.028 
865 0 0.86 0.0456 0.0302 0.0362 0.0283 
866 0 0.858 0.0466 0.0305 0.0365 0.0286 
867 0 0.856 0.0478 0.0308 0.0369 0.0288 
868 0 0.853 0.0489 0.0311 0.0373 0.0291 
869 0 0.851 0.0502 0.0315 0.0377 0.0295 
870 0 0.849 0.0515 0.0318 0.0382 0.0298 
871 0 0.846 0.0528 0.0322 0.0387 0.0302 
872 0 0.844 0.0541 0.0326 0.0392 0.0305 
873 0 0.841 0.0556 0.0331 0.0397 0.0309 
874 0 0.838 0.0571 0.0335 0.0403 0.0314 
875 0 0.835 0.0585 0.034 0.0409 0.0318 
876 0 0.832 0.0601 0.0345 0.0415 0.0322 
877 0 0.828 0.0617 0.035 0.0422 0.0327 
878 0 0.825 0.0632 0.0355 0.0429 0.0332 
879 0 0.821 0.0651 0.0361 0.0437 0.0338 
880 0 0.817 0.0673 0.0368 0.0446 0.0344 
881 0 0.812 0.0696 0.0375 0.0455 0.0351 
882 0 0.807 0.0723 0.0383 0.0467 0.0358 
883 0 0.801 0.0753 0.0392 0.0479 0.0366 
884 0 0.794 0.0788 0.0401 0.0494 0.0375 
885 0 0.787 0.0826 0.0411 0.0509 0.0384 
886 0 0.779 0.087 0.0422 0.0526 0.0395 
887 0 0.77 0.0919 0.0434 0.0545 0.0406 
888 0 0.76 0.0974 0.0447 0.0566 0.0417 
889 0 0.749 0.104 0.046 0.0588 0.043 
890 0 0.736 0.111 0.0474 0.0613 0.0443 
891 0 0.723 0.119 0.0489 0.0639 0.0457 
892 0 0.708 0.128 0.0504 0.0668 0.0471 
893 0 0.692 0.138 0.0519 0.0698 0.0485 
894 0 0.675 0.149 0.0534 0.073 0.0499 
895 0 0.655 0.162 0.0549 0.0763 0.0513 
896 0 0.635 0.176 0.0563 0.0798 0.0527 
897 0 0.613 0.192 0.0576 0.0832 0.0539 
898 0 0.589 0.21 0.0588 0.0868 0.0551 
899 0 0.563 0.23 0.0599 0.0904 0.0561 
900 0 0.535 0.253 0.0607 0.0938 0.057 
901 0 0.507 0.278 0.0613 0.0969 0.0575 
902 0 0.476 0.305 0.0615 0.0997 0.0578 
903 0 0.445 0.334 0.0614 0.102 0.0577 
904 0 0.413 0.365 0.0609 0.104 0.0573 
905 1 0.382 0.397 0.06 0.105 0.0565 
906 1 0.352 0.43 0.0587 0.105 0.0553 
907 1 0.323 0.463 0.0571 0.104 0.0538 
908 1 0.294 0.496 0.0551 0.103 0.052 
909 1 0.267 0.529 0.053 0.101 0.05 
910 1 0.242 0.562 0.0505 0.0981 0.0477 
911 1 0.218 0.594 0.0479 0.095 0.0453 
912 1 0.196 0.625 0.0452 0.0915 0.0428 
913 1 0.175 0.655 0.0424 0.0874 0.0402 
914 1 0.157 0.683 0.0397 0.0831 0.0376 
915 1 0.141 0.708 0.037 0.0788 0.0351 
916 1 0.127 0.731 0.0346 0.0746 0.0328 
917 1 0.114 0.752 0.0323 0.0706 0.0307 
918 1 0.104 0.77 0.0302 0.067 0.0287 
919 1 0.0948 0.786 0.0284 0.0635 0.027 
920 1 0.0869 0.801 0.0267 0.0602 0.0254 
921 1 0.0802 0.814 0.0251 0.0573 0.0239 
922 1 0.074 0.825 0.0237 0.0544 0.0225 
923 1 0.0681 0.837 0.0223 0.0516 0.0212 
924 1 0.0629 0.847 0.021 0.0489 0.02 
925 1 0.0584 0.856 0.0198 0.0465 0.0189 
926 1 0.0544 0.865 0.0187 0.0442 0.0179 
927 1 0.0507 0.873 0.0177 0.0421 0.0169 
928 1 0.0475 0.879 0.0169 0.0401 0.0161 
929 1 0.0446 0.886 0.016 0.0383 0.0153 
930 1 0.0422 0.891 0.0153 0.0368 0.0146 
931 1 0.0401 0.896 0.0147 0.0354 0.0141 
932 1 0.0385 0.899 0.0142 0.0343 0.0136 
933 1 0.037 0.903 0.0138 0.0333 0.0131 
934 1 0.0358 0.906 0.0134 0.0324 0.0128 
935 1 0.0347 0.908 0.013 0.0315 0.0124 
936 1 0.0336 0.911 0.0126 0.0307 0.0121 
937 1 0.0326 0.913 0.0123 0.0299 0.0118 
938 1 0.0317 0.916 0.012 0.0292 0.0115 
939 1 0.031 0.917 0.0118 0.0287 0.0112 
940 1 0.0312 0.917 0.0118 0.0291 0.0113 
941 1 0.0317 0.915 0.0119 0.0296 0.0114 
942 1 0.0322 0.914 0.012 0.0303 0.0115 
943 1 0.033 0.912 0.0122 0.0311 0.0117 
944 1 0.034 0.91 0.0125 0.032 0.0119 
945 1 0.035 0.907 0.0127 0.0331 0.0122 
946 1 0.0362 0.904 0.013 0.0341 0.0124 
947 1 0.0372 0.902 0.0132 0.035 0.0126 
948 1 0.0377 0.901 0.0133 0.0354 0.0127 
949 1 0.0381 0.9 0.0134 0.0358 0.0128 
950 1 0.0386 0.899 0.0135 0.0363 0.0129 
951 1 0.0394 0.897 0.0136 0.0369 0.013 
952 1 0.0405 0.895 0.0139 0.0378 0.0132 
953 1 0.0417 0.892 0.0141 0.0389 0.0135 
954 1 0.0432 0.888 0.0145 0.0402 0.0138 
955 1 0.0451 0.884 0.0149 0.0418 0.0142 
956 1 0.0472 0.879 0.0154 0.0436 0.0146 
957 1 0.0495 0.874 0.0159 0.0456 0.0151 
958 1 0.052 0.868 0.0164 0.0477 0.0156 
959 1 0.0547 0.862 0.017 0.0501 0.0162 
960 1 0.0575 0.856 0.0176 0.0526 0.0168 
961 1 0.0606 0.848 0.0182 0.0553 0.0174 
962 1 0.0639 0.841 0.0189 0.0582 0.018 
963 1 0.0675 0.833 0.0196 0.0613 0.0187 
964 1 0.0711 0.825 0.0203 0.0646 0.0193 
965 1 0.075 0.816 0.0211 0.0681 0.02 
966 1 0.0789 0.807 0.0218 0.0716 0.0207 
967 1 0.0826 0.799 0.0225 0.0751 0.0214 
968 1 0.0859 0.791 0.023 0.0781 0.0219 
969 1 0.0879 0.786 0.0234 0.0801 0.0222 
970 1 0.0882 0.786 0.0234 0.0807 0.0222 
971 1 0.0878 0.786 0.0232 0.0806 0.022 
972 1 0.087 0.788 0.023 0.0802 0.0219 
973 1 0.0862 0.79 0.0228 0.0798 0.0217 
974 1 0.0852 0.792 0.0226 0.0792 0.0214 
975 1 0.0844 0.793 0.0224 0.0788 0.0213 
976 1 0.0836 0.795 0.0222 0.0784 0.0211 
977 1 0.0829 0.796 0.022 0.078 0.0209 
978 1 0.0822 0.798 0.0218 0.0776 0.0207 
979 1 0.0817 0.799 0.0217 0.0773 0.0206 
980 1 0.0812 0.8 0.0215 0.0771 0.0205 
981 1 0.081 0.8 0.0214 0.0771 0.0204 
982 1 0.0809 0.8 0.0214 0.0771 0.0203 
