0 0 0.2 0.2 0.2 0.2 0.2 
1 0 0.203 0.2 0.196 0.198 0.203 
2 0 0.203 0.2 0.195 0.198 0.203 
3 4 0.203 0.2 0.195 0.198 0.203 
4 4 0.203 0.2 0.195 0.198 0.203 
5 4 0.203 0.2 0.195 0.198 0.203 
6 4 0.203 0.2 0.195 0.198 0.203 
7 4 0.203 0.2 0.195 0.198 0.203 
8 4 0.203 0.2 0.194 0.198 0.204 
9 4 0.203 0.2 0.194 0.198 0.204 
10 4 0.203 0.2 0.194 0.199 0.204 
11 4 0.203 0.2 0.194 0.199 0.204 
12 4 0.203 0.201 0.194 0.199 0.204 
13 4 0.203 0.201 0.194 0.199 0.204 
14 4 0.203 0.201 0.194 0.199 0.204 
15 4 0.203 0.201 0.194 0.199 0.204 
16 4 0.203 0.201 0.193 0.199 0.204 
17 4 0.203 0.201 0.193 0.199 0.204 
18 4 0.203 0.201 0.193 0.199 0.204 
19 4 0.203 0.201 0.193 0.199 0.204 
20 4 0.203 0.201 0.193 0.199 0.204 
21 4 0.203 0.2 0.193 0.2 0.204 
22 4 0.203 0.2 0.192 0.2 0.204 
23 4 0.203 0.2 0.192 0.2 0.204 
24 4 0.203 0.2 0.192 0.2 0.205 
25 4 0.203 0.2 0.192 0.2 0.205 
26 4 0.203 0.2 0.192 0.2 0.205 
27 4 0.203 0.2 0.192 0.2 0.205 
28 4 0.203 0.2 0.191 0.201 0.205 
29 4 0.203 0.2 0.191 0.201 0.205 
30 4 0.203 0.2 0.191 0.201 0.205 
31 4 0.203 0.2 0.191 0.201 0.205 
32 4 0.202 0.2 0.191 0.201 0.205 
33 4 0.202 0.2 0.19 0.202 0.205 
34 4 0.202 0.2 0.19 0.202 0.205 
35 4 0.202 0.2 0.19 0.202 0.205 
36 4 0.202 0.2 0.19 0.202 0.205 
37 4 0.202 0.2 0.19 0.203 0.205 
38 4 0.202 0.2 0.189 0.203 0.206 
39 4 0.202 0.2 0.189 0.203 0.206 
40 4 0.202 0.2 0.189 0.204 0.206 
41 4 0.202 0.2 0.188 0.204 0.206 
42 4 0.201 0.2 0.188 0.205 0.206 
43 4 0.201 0.2 0.188 0.205 0.206 
44 3 0.201 0.199 0.187 0.206 0.206 
45 3 0.201 0.199 0.187 0.207 0.206 
46 3 0.201 0.199 0.187 0.208 0.206 
47 3 0.2 0.199 0.186 0.209 0.206 
48 3 0.2 0.199 0.186 0.21 0.206 
49 3 0.2 0.198 0.185 0.211 0.206 
50 3 0.199 0.198 0.185 0.213 0.206 
51 3 0.199 0.197 0.184 0.215 0.205 
52 3 0.198 0.197 0.183 0.217 0.205 
53 3 0.197 0.196 0.182 0.221 0.205 
54 3 0.196 0.195 0.181 0.225 0.204 
55 3 0.194 0.193 0.179 0.232 0.202 
56 3 0.192 0.191 0.177 0.24 0.2 
57 3 0.189 0.188 0.174 0.251 0.198 
58 3 0.185 0.185 0.171 0.264 0.195 
59 3 0.182 0.181 0.167 0.278 0.192 
60 3 0.177 0.177 0.164 0.294 0.188 
61 3 0.173 0.173 0.16 0.311 0.184 
62 3 0.168 0.168 0.155 0.329 0.18 
63 3 0.163 0.163 0.151 0.347 0.175 
64 3 0.158 0.158 0.146 0.367 0.171 
65 3 0.153 0.153 0.141 0.388 0.166 
66 3 0.147 0.147 0.136 0.409 0.161 
67 3 0.142 0.142 0.131 0.43 0.156 
68 3 0.136 0.136 0.125 0.452 0.151 
69 3 0.13 0.13 0.12 0.474 0.146 
70 3 0.124 0.125 0.115 0.496 0.141 
71 3 0.119 0.119 0.11 0.518 0.135 
72 3 0.113 0.113 0.104 0.539 0.13 
73 3 0.108 0.108 0.0995 0.561 0.124 
74 3 0.102 0.103 0.0946 0.581 0.119 
75 3 0.0971 0.0977 0.09 0.602 0.114 
76 3 0.0922 0.0928 0.0855 0.621 0.108 
77 3 0.0876 0.0881 0.0812 0.64 0.103 
78 3 0.0831 0.0837 0.0771 0.657 0.0986 
79 3 0.0789 0.0795 0.0732 0.674 0.094 
80 3 0.075 0.0756 0.0696 0.69 0.0896 
81 3 0.0713 0.0718 0.0662 0.705 0.0854 
82 3 0.0678 0.0684 0.0629 0.719 0.0815 
83 3 0.0645 0.0651 0.0599 0.733 0.0778 
84 3 0.0614 0.062 0.0571 0.745 0.0743 
85 3 0.0586 0.0591 0.0544 0.757 0.071 
86 3 0.0559 0.0564 0.052 0.768 0.0679 
87 3 0.0534 0.0539 0.0496 0.778 0.0649 
88 3 0.051 0.0515 0.0474 0.788 0.0622 
89 3 0.0488 0.0493 0.0454 0.797 0.0596 
90 3 0.0467 0.0472 0.0434 0.806 0.057 
91 3 0.0446 0.0451 0.0415 0.814 0.0546 
92 3 0.0426 0.0431 0.0397 0.822 0.0523 
93 3 0.0407 0.0412 0.0379 0.83 0.0499 
94 3 0.039 0.0395 0.0363 0.837 0.0478 
95 3 0.0374 0.0379 0.0349 0.844 0.0459 
96 3 0.036 0.0364 0.0335 0.85 0.0442 
97 3 0.0347 0.0351 0.0323 0.855 0.0426 
98 3 0.0336 0.0341 0.0314 0.86 0.0413 
99 3 0.033 0.0334 0.0307 0.862 0.0405 
100 3 0.0325 0.0329 0.0303 0.864 0.0399 
101 3 0.032 0.0325 0.0298 0.866 0.0395 
102 3 0.0317 0.0322 0.0295 0.868 0.0391 
103 3 0.0314 0.0319 0.0292 0.869 0.0387 
104 3 0.0311 0.0316 0.029 0.87 0.0384 
105 3 0.0309 0.0314 0.0287 0.871 0.0382 
106 3 0.0306 0.0311 0.0285 0.872 0.0379 
107 3 0.0304 0.0309 0.0283 0.873 0.0376 
108 3 0.0302 0.0307 0.0281 0.874 0.0374 
109 3 0.03 0.0305 0.0279 0.875 0.0371 
110 3 0.0298 0.0303 0.0276 0.875 0.0369 
111 3 0.0295 0.0301 0.0274 0.876 0.0365 
112 3 0.0292 0.0298 0.0271 0.878 0.0362 
113 3 0.0289 0.0295 0.0268 0.879 0.0357 
114 3 0.0285 0.0291 0.0264 0.881 0.0352 
115 3 0.0281 0.0287 0.026 0.883 0.0347 
116 3 0.0277 0.0283 0.0257 0.884 0.0342 
117 3 0.0274 0.028 0.0254 0.885 0.0337 
118 3 0.0271 0.0277 0.0251 0.887 0.0333 
119 3 0.0268 0.0275 0.0249 0.888 0.033 
120 3 0.0266 0.0272 0.0246 0.889 0.0326 
121 3 0.0263 0.027 0.0244 0.89 0.0323 
122 3 0.0261 0.0268 0.0242 0.891 0.0319 
123 3 0.0259 0.0266 0.024 0.892 0.0316 
124 3 0.0257 0.0264 0.0238 0.893 0.0313 
125 3 0.0255 0.0262 0.0236 0.894 0.031 
126 3 0.0253 0.026 0.0234 0.895 0.0308 
127 3 0.0251 0.0258 0.0232 0.895 0.0305 
128 3 0.0249 0.0257 0.023 0.896 0.0302 
129 3 0.0248 0.0255 0.0229 0.897 0.03 
130 3 0.0246 0.0254 0.0227 0.898 0.0297 
131 3 0.0244 0.0252 0.0225 0.898 0.0294 
132 3 0.0243 0.0251 0.0224 0.899 0.0292 
133 3 0.0241 0.0249 0.0222 0.9 0.0289 
134 3 0.0239 0.0248 0.0221 0.901 0.0287 
135 3 0.0239 0.0248 0.022 0.901 0.0286 
136 3 0.0239 0.0248 0.022 0.901 0.0286 
137 3 0.0241 0.025 0.0221 0.9 0.0286 
138 3 0.0242 0.0251 0.0222 0.9 0.0287 
139 3 0.0244 0.0254 0.0224 0.899 0.0289 
140 3 0.0246 0.0256 0.0225 0.898 0.0291 
141 3 0.0248 0.0259 0.0227 0.897 0.0292 
142 3 0.025 0.0262 0.0229 0.896 0.0295 
143 3 0.0253 0.0265 0.0231 0.895 0.0297 
144 3 0.0256 0.0268 0.0234 0.894 0.03 
145 3 0.0259 0.0272 0.0236 0.893 0.0302 
146 3 0.0262 0.0276 0.0239 0.892 0.0305 
147 3 0.0265 0.028 0.0242 0.89 0.0308 
148 3 0.0269 0.0284 0.0245 0.889 0.0312 
149 3 0.0273 0.0289 0.0248 0.888 0.0315 
150 3 0.0277 0.0294 0.0251 0.886 0.0319 
151 3 0.0281 0.0299 0.0255 0.884 0.0322 
152 3 0.0285 0.0305 0.0258 0.883 0.0326 
153 3 0.0289 0.031 0.0262 0.881 0.033 
154 3 0.0294 0.0316 0.0266 0.879 0.0334 
155 3 0.0299 0.0323 0.027 0.877 0.0338 
156 3 0.0303 0.0329 0.0274 0.875 0.0342 
157 3 0.0308 0.0336 0.0278 0.873 0.0346 
158 3 0.0313 0.0342 0.0281 0.871 0.035 
159 3 0.0317 0.0349 0.0285 0.87 0.0353 
160 3 0.032 0.0354 0.0287 0.869 0.0355 
161 3 0.032 0.0356 0.0287 0.868 0.0353 
162 3 0.0318 0.0355 0.0285 0.869 0.035 
163 3 0.0315 0.0354 0.0282 0.87 0.0345 
164 3 0.0312 0.0352 0.0279 0.872 0.034 
165 3 0.0309 0.0351 0.0276 0.873 0.0335 
166 3 0.0306 0.0349 0.0273 0.874 0.0331 
167 3 0.0304 0.0348 0.0271 0.875 0.0327 
168 3 0.0301 0.0348 0.0269 0.876 0.0323 
169 3 0.0299 0.0347 0.0266 0.877 0.0319 
170 3 0.0297 0.0347 0.0264 0.878 0.0315 
171 3 0.0295 0.0347 0.0262 0.878 0.0312 
172 3 0.0293 0.0348 0.0261 0.879 0.0309 
173 3 0.0292 0.0348 0.0259 0.88 0.0306 
174 3 0.029 0.0349 0.0257 0.88 0.0303 
175 3 0.0289 0.035 0.0256 0.88 0.03 
176 3 0.0288 0.0351 0.0255 0.881 0.0298 
177 3 0.0287 0.0353 0.0253 0.881 0.0295 
178 3 0.0286 0.0355 0.0252 0.881 0.0293 
179 3 0.0285 0.0356 0.0251 0.882 0.0291 
180 3 0.0284 0.0359 0.025 0.882 0.0289 
181 3 0.0283 0.0361 0.025 0.882 0.0287 
182 3 0.0283 0.0363 0.0249 0.882 0.0285 
183 3 0.0283 0.0366 0.0248 0.882 0.0284 
184 3 0.0282 0.0369 0.0248 0.882 0.0282 
185 3 0.0282 0.0372 0.0247 0.882 0.0281 
186 3 0.0282 0.0375 0.0247 0.882 0.0279 
187 3 0.0282 0.0379 0.0246 0.882 0.0278 
188 3 0.0282 0.0382 0.0246 0.881 0.0277 
189 3 0.0282 0.0386 0.0246 0.881 0.0275 
190 3 0.0282 0.039 0.0246 0.881 0.0274 
191 3 0.0283 0.0395 0.0246 0.88 0.0273 
192 3 0.0283 0.0399 0.0246 0.88 0.0272 
193 3 0.0283 0.0404 0.0246 0.88 0.0272 
194 3 0.0284 0.0409 0.0246 0.879 0.0271 
195 3 0.0285 0.0414 0.0246 0.878 0.027 
196 3 0.0286 0.042 0.0246 0.878 0.027 
197 3 0.0286 0.0426 0.0246 0.877 0.0269 
198 3 0.0287 0.0432 0.0247 0.877 0.0269 
199 3 0.0289 0.0438 0.0247 0.876 0.0268 
200 3 0.029 0.0445 0.0248 0.875 0.0268 
201 3 0.0291 0.0452 0.0248 0.874 0.0268 
202 3 0.0292 0.0459 0.0249 0.873 0.0268 
203 3 0.0294 0.0467 0.025 0.872 0.0267 
204 3 0.0296 0.0475 0.025 0.871 0.0267 
205 3 0.0297 0.0483 0.0251 0.87 0.0267 
206 3 0.0299 0.0492 0.0252 0.869 0.0268 
207 3 0.0301 0.0502 0.0253 0.868 0.0268 
208 3 0.0304 0.0512 0.0254 0.866 0.0268 
209 3 0.0306 0.0522 0.0255 0.865 0.0269 
210 3 0.0309 0.0533 0.0257 0.863 0.0269 
211 3 0.0311 0.0545 0.0258 0.862 0.027 
212 3 0.0314 0.0557 0.026 0.86 0.027 
213 3 0.0318 0.057 0.0261 0.858 0.0271 
214 3 0.0321 0.0584 0.0263 0.856 0.0272 
215 3 0.0325 0.0598 0.0265 0.854 0.0273 
216 3 0.0328 0.0613 0.0267 0.852 0.0274 
217 3 0.0333 0.063 0.0269 0.849 0.0275 
218 3 0.0337 0.0647 0.0271 0.847 0.0276 
219 3 0.0342 0.0665 0.0273 0.844 0.0278 
220 3 0.0347 0.0685 0.0276 0.841 0.0279 
221 3 0.0352 0.0706 0.0278 0.838 0.0281 
222 3 0.0358 0.0728 0.0281 0.835 0.0283 
223 3 0.0365 0.0752 0.0284 0.831 0.0285 
224 3 0.0371 0.0777 0.0287 0.828 0.0287 
225 3 0.0379 0.0805 0.029 0.824 0.0289 
226 3 0.0386 0.0834 0.0294 0.819 0.0292 
227 3 0.0394 0.0865 0.0298 0.815 0.0294 
228 3 0.0403 0.0899 0.0301 0.81 0.0297 
229 3 0.0412 0.0935 0.0305 0.805 0.03 
230 3 0.0422 0.0975 0.031 0.799 0.0303 
231 3 0.0433 0.102 0.0314 0.793 0.0307 
232 3 0.0444 0.106 0.0319 0.786 0.031 
233 3 0.0456 0.111 0.0324 0.779 0.0314 
234 3 0.0469 0.117 0.0329 0.772 0.0317 
235 3 0.0482 0.122 0.0334 0.764 0.0321 
236 3 0.0496 0.129 0.034 0.755 0.0325 
237 3 0.0511 0.136 0.0346 0.746 0.033 
238 3 0.0527 0.143 0.0351 0.736 0.0334 
239 3 0.0544 0.151 0.0357 0.725 0.0338 
240 3 0.0561 0.16 0.0364 0.713 0.0343 
241 3 0.0579 0.17 0.037 0.7 0.0347 
242 3 0.0598 0.181 0.0376 0.687 0.0352 
243 3 0.0618 0.193 0.0382 0.672 0.0356 
244 3 0.0638 0.205 0.0388 0.656 0.036 
245 3 0.0659 0.219 0.0394 0.639 0.0364 
246 3 0.0679 0.234 0.0399 0.621 0.0368 
247 3 0.07 0.251 0.0404 0.602 0.0371 
248 3 0.0721 0.269 0.0409 0.581 0.0374 
249 3 0.074 0.288 0.0412 0.559 0.0375 
250 3 0.0759 0.309 0.0415 0.536 0.0376 
251 3 0.0775 0.331 0.0417 0.513 0.0376 
252 3 0.079 0.354 0.0417 0.488 0.0375 
253 3 0.0802 0.379 0.0416 0.462 0.0373 
254 3 0.081 0.406 0.0413 0.435 0.0369 
255 1 0.0814 0.435 0.0408 0.406 0.0364 
256 1 0.0813 0.466 0.0401 0.377 0.0356 
257 1 0.0806 0.497 0.0392 0.348 0.0347 
258 1 0.0796 0.527 0.0382 0.321 0.0337 
259 1 0.0783 0.555 0.0371 0.297 0.0326 
260 1 0.0769 0.582 0.0359 0.274 0.0315 
261 1 0.0753 0.606 0.0347 0.254 0.0304 
262 1 0.0735 0.628 0.0335 0.235 0.0293 
263 1 0.0718 0.649 0.0323 0.218 0.0282 
264 1 0.0699 0.669 0.0312 0.203 0.0272 
265 1 0.0681 0.686 0.0301 0.189 0.0262 
266 1 0.0663 0.703 0.029 0.177 0.0252 
267 1 0.0645 0.718 0.0279 0.165 0.0242 
268 1 0.0628 0.732 0.0269 0.155 0.0233 
269 1 0.0611 0.745 0.026 0.146 0.0225 
270 1 0.0594 0.757 0.0251 0.137 0.0217 
271 1 0.0578 0.768 0.0242 0.129 0.0209 
272 1 0.0564 0.778 0.0234 0.122 0.0202 
273 1 0.0555 0.785 0.0228 0.117 0.0197 
274 1 0.0554 0.788 0.0226 0.115 0.0194 
275 1 0.0556 0.79 0.0223 0.113 0.0191 
276 1 0.0559 0.792 0.0221 0.111 0.0189 
277 1 0.0561 0.794 0.0219 0.109 0.0187 
278 1 0.0563 0.796 0.0217 0.107 0.0185 
279 1 0.0567 0.798 0.0216 0.106 0.0184 
280 1 0.0567 0.8 0.0213 0.104 0.0181 
281 1 0.0564 0.804 0.021 0.101 0.0178 
282 1 0.056 0.808 0.0206 0.0979 0.0175 
283 1 0.0556 0.812 0.0203 0.0951 0.0172 
284 1 0.0551 0.816 0.0199 0.0924 0.0168 
285 1 0.0546 0.82 0.0195 0.0897 0.0165 
286 1 0.0542 0.823 0.0192 0.0874 0.0162 
287 1 0.054 0.826 0.0189 0.0853 0.016 
288 1 0.0538 0.828 0.0187 0.0834 0.0157 
289 1 0.0537 0.83 0.0185 0.0818 0.0155 
290 1 0.0538 0.832 0.0183 0.0804 0.0153 
291 1 0.0539 0.834 0.0181 0.0792 0.0152 
292 1 0.0541 0.835 0.018 0.0781 0.0151 
293 1 0.0544 0.836 0.0178 0.0771 0.0149 
294 1 0.0548 0.836 0.0177 0.0763 0.0148 
295 1 0.0552 0.837 0.0176 0.0756 0.0147 
296 1 0.0557 0.837 0.0176 0.0749 0.0147 
297 1 0.0562 0.837 0.0175 0.0743 0.0146 
298 1 0.0568 0.837 0.0175 0.0738 0.0145 
299 1 0.0575 0.837 0.0174 0.0734 0.0145 
300 1 0.0582 0.837 0.0174 0.073 0.0144 
301 1 0.059 0.837 0.0174 0.0727 0.0144 
302 1 0.0599 0.836 0.0174 0.0724 0.0144 
303 1 0.0608 0.835 0.0174 0.0722 0.0144 
304 1 0.0618 0.835 0.0174 0.072 0.0143 
305 1 0.0628 0.834 0.0174 0.0718 0.0143 
306 1 0.0639 0.833 0.0174 0.0717 0.0143 
307 1 0.0651 0.831 0.0175 0.0717 0.0144 
308 1 0.0664 0.83 0.0175 0.0717 0.0144 
309 1 0.0677 0.829 0.0175 0.0717 0.0144 
310 1 0.0692 0.827 0.0176 0.0717 0.0144 
311 1 0.0707 0.825 0.0177 0.0718 0.0144 
312 1 0.0723 0.824 0.0177 0.0719 0.0145 
313 1 0.074 0.822 0.0178 0.0721 0.0145 
314 1 0.0759 0.819 0.0179 0.0722 0.0146 
315 1 0.0778 0.817 0.018 0.0725 0.0146 
316 1 0.0799 0.815 0.0181 0.0727 0.0147 
317 1 0.0821 0.812 0.0182 0.073 0.0148 
318 1 0.0844 0.809 0.0183 0.0733 0.0148 
319 1 0.0869 0.806 0.0184 0.0736 0.0149 
320 1 0.0896 0.803 0.0186 0.074 0.015 
321 1 0.0924 0.799 0.0187 0.0743 0.0151 
322 1 0.0955 0.796 0.0188 0.0748 0.0152 
323 1 0.0987 0.792 0.019 0.0752 0.0153 
324 1 0.102 0.788 0.0191 0.0757 0.0154 
325 1 0.106 0.783 0.0193 0.0762 0.0155 
326 1 0.11 0.778 0.0195 0.0767 0.0156 
327 1 0.114 0.773 0.0197 0.0773 0.0158 
328 1 0.119 0.767 0.0199 0.0779 0.0159 
329 1 0.124 0.761 0.0201 0.0785 0.016 
330 1 0.13 0.755 0.0203 0.0792 0.0162 
331 1 0.135 0.748 0.0205 0.0799 0.0163 
332 1 0.142 0.74 0.0207 0.0805 0.0165 
333 1 0.149 0.732 0.021 0.0813 0.0167 
334 1 0.156 0.724 0.0212 0.082 0.0168 
335 1 0.165 0.714 0.0215 0.0827 0.017 
336 1 0.174 0.704 0.0217 0.0834 0.0172 
337 1 0.183 0.693 0.022 0.0842 0.0174 
338 1 0.194 0.681 0.0222 0.0849 0.0176 
339 1 0.206 0.668 0.0225 0.0855 0.0177 
340 1 0.219 0.654 0.0227 0.0862 0.0179 
341 1 0.233 0.64 0.023 0.0867 0.0181 
342 1 0.248 0.624 0.0232 0.0872 0.0182 
343 1 0.264 0.606 0.0234 0.0876 0.0183 
344 1 0.282 0.588 0.0235 0.0878 0.0185 
345 1 0.302 0.568 0.0237 0.0878 0.0185 
346 1 0.323 0.547 0.0238 0.0877 0.0186 
347 1 0.345 0.525 0.0238 0.0873 0.0186 
348 1 0.369 0.502 0.0238 0.0867 0.0185 
349 1 0.395 0.477 0.0237 0.0858 0.0185 
350 1 0.421 0.452 0.0235 0.0846 0.0183 
351 0 0.449 0.427 0.0232 0.0831 0.0181 
352 0 0.477 0.401 0.0229 0.0813 0.0178 
353 0 0.506 0.375 0.0225 0.0792 0.0175 
354 0 0.535 0.349 0.0219 0.0768 0.0171 
355 0 0.565 0.323 0.0214 0.074 0.0166 
356 0 0.595 0.297 0.0207 0.071 0.0161 
357 0 0.628 0.269 0.0198 0.0675 0.0154 
358 0 0.663 0.24 0.0189 0.0633 0.0147 
359 0 0.697 0.212 0.0178 0.0589 0.0138 
360 0 0.728 0.188 0.0167 0.0547 0.013 
361 0 0.755 0.166 0.0157 0.0506 0.0122 
362 0 0.779 0.148 0.0147 0.0469 0.0114 
363 0 0.799 0.133 0.0138 0.0437 0.0108 
364 0 0.815 0.12 0.0131 0.0408 0.0102 
365 0 0.83 0.11 0.0124 0.0383 0.00965 
366 0 0.842 0.101 0.0117 0.036 0.00917 
367 0 0.853 0.0931 0.0112 0.034 0.00873 
368 0 0.863 0.0863 0.0107 0.0322 0.00833 
369 0 0.871 0.0803 0.0102 0.0305 0.00796 
370 0 0.879 0.075 0.00976 0.029 0.00763 
371 0 0.885 0.0703 0.00936 0.0276 0.00732 
372 0 0.892 0.066 0.00899 0.0264 0.00704 
373 0 0.897 0.0623 0.00865 0.0252 0.00678 
374 0 0.902 0.0588 0.00834 0.0242 0.00653 
375 0 0.907 0.0557 0.00805 0.0232 0.0063 
376 0 0.911 0.0529 0.00777 0.0223 0.00609 
377 0 0.915 0.0503 0.00752 0.0214 0.00589 
378 0 0.919 0.0479 0.00727 0.0206 0.0057 
379 0 0.922 0.0457 0.00704 0.0198 0.00552 
380 0 0.925 0.0436 0.00683 0.0191 0.00536 
381 0 0.928 0.0419 0.00666 0.0186 0.00522 
382 0 0.93 0.0404 0.0065 0.018 0.0051 
383 0 0.932 0.039 0.00636 0.0176 0.00499 
384 0 0.934 0.0378 0.00622 0.0171 0.00488 
385 0 0.936 0.0367 0.0061 0.0167 0.00479 
386 0 0.937 0.0356 0.00598 0.0163 0.00469 
387 0 0.939 0.0346 0.00587 0.0159 0.00461 
388 0 0.94 0.0337 0.00576 0.0156 0.00452 
389 0 0.942 0.0328 0.00566 0.0153 0.00444 
390 0 0.943 0.0319 0.00557 0.015 0.00437 
391 0 0.944 0.0312 0.00548 0.0147 0.0043 
392 0 0.946 0.0304 0.00539 0.0144 0.00423 
393 0 0.947 0.0297 0.0053 0.0141 0.00416 
394 0 0.948 0.029 0.00522 0.0139 0.0041 
395 0 0.949 0.0284 0.00515 0.0136 0.00404 
396 0 0.95 0.0278 0.00507 0.0134 0.00398 
397 0 0.951 0.0272 0.005 0.0131 0.00392 
398 0 0.952 0.0266 0.00493 0.0129 0.00387 
399 0 0.953 0.0261 0.00486 0.0127 0.00381 
400 0 0.953 0.0256 0.0048 0.0125 0.00376 
401 0 0.954 0.0251 0.00474 0.0123 0.00371 
402 0 0.955 0.0246 0.00467 0.0121 0.00366 
403 0 0.956 0.0242 0.00462 0.0119 0.00362 
404 0 0.956 0.0237 0.00456 0.0118 0.00357 
405 0 0.957 0.0233 0.0045 0.0116 0.00353 
406 0 0.958 0.0229 0.00445 0.0114 0.00349 
407 0 0.958 0.0225 0.0044 0.0113 0.00345 
408 0 0.959 0.0221 0.00435 0.0111 0.00341 
409 0 0.96 0.0218 0.0043 0.0109 0.00337 
410 0 0.96 0.0214 0.00425 0.0108 0.00333 
411 0 0.961 0.0211 0.00421 0.0107 0.0033 
412 0 0.961 0.0209 0.00417 0.0106 0.00327 
413 0 0.961 0.0207 0.00415 0.0105 0.00325 
414 0 0.962 0.0205 0.00414 0.0104 0.00324 
415 0 0.962 0.0203 0.00411 0.0103 0.00322 
416 0 0.962 0.0202 0.00409 0.0103 0.0032 
417 0 0.962 0.0201 0.00409 0.0102 0.0032 
418 0 0.963 0.02 0.00407 0.0102 0.00318 
419 0 0.963 0.0199 0.00407 0.0101 0.00317 
420 0 0.963 0.0197 0.00405 0.0101 0.00316 
421 0 0.963 0.0197 0.00405 0.0101 0.00316 
422 0 0.963 0.0195 0.00403 0.01 0.00314 
423 0 0.963 0.0195 0.00402 0.00997 0.00313 
424 0 0.963 0.0194 0.00402 0.00995 0.00313 
425 0 0.964 0.0193 0.00401 0.00991 0.00312 
426 0 0.964 0.0193 0.00401 0.00989 0.00312 
427 0 0.964 0.0192 0.004 0.00985 0.00311 
428 0 0.964 0.0191 0.004 0.00984 0.00311 
429 0 0.964 0.0191 0.00399 0.0098 0.0031 
430 0 0.964 0.019 0.00399 0.00979 0.0031 
431 0 0.964 0.019 0.00398 0.00975 0.00309 
432 0 0.964 0.0189 0.00398 0.00975 0.00309 
433 0 0.964 0.0189 0.00397 0.00971 0.00308 
434 0 0.964 0.0189 0.00397 0.00971 0.00308 
435 0 0.964 0.0188 0.00396 0.00968 0.00307 
436 0 0.964 0.0188 0.00397 0.00968 0.00307 
437 0 0.965 0.0187 0.00396 0.00966 0.00307 
438 0 0.965 0.0188 0.00397 0.00966 0.00307 
439 0 0.965 0.0187 0.00397 0.00965 0.00307 
440 0 0.965 0.0187 0.00397 0.00964 0.00307 
441 0 0.965 0.0187 0.00397 0.00962 0.00306 
442 0 0.965 0.0186 0.00397 0.0096 0.00306 
443 0 0.965 0.0186 0.00396 0.00958 0.00306 
444 0 0.965 0.0185 0.00396 0.00955 0.00305 
445 0 0.965 0.0185 0.00396 0.00953 0.00305 
446 0 0.965 0.0184 0.00395 0.00951 0.00304 
447 0 0.965 0.0184 0.00395 0.00949 0.00304 
448 0 0.965 0.0183 0.00395 0.00947 0.00303 
449 0 0.965 0.0183 0.00395 0.00945 0.00303 
450 0 0.965 0.0182 0.00394 0.00943 0.00303 
451 0 0.965 0.0182 0.00394 0.00941 0.00302 
452 0 0.966 0.0181 0.00394 0.00939 0.00302 
453 0 0.966 0.0181 0.00394 0.00938 0.00302 
454 0 0.966 0.0181 0.00394 0.00936 0.00301 
455 0 0.966 0.018 0.00393 0.00935 0.00301 
456 0 0.966 0.018 0.00393 0.00933 0.00301 
457 0 0.966 0.018 0.00393 0.00932 0.003 
458 0 0.966 0.0179 0.00393 0.00931 0.003 
459 0 0.966 0.0179 0.00393 0.00929 0.003 
460 0 0.966 0.0179 0.00393 0.00928 0.003 
461 0 0.966 0.0179 0.00393 0.00927 0.003 
462 0 0.966 0.0178 0.00393 0.00926 0.00299 
463 0 0.966 0.0178 0.00393 0.00925 0.00299 
464 0 0.966 0.0178 0.00393 0.00923 0.00299 
465 0 0.966 0.0177 0.00393 0.00922 0.00299 
466 0 0.966 0.0177 0.00393 0.0092 0.00298 
467 0 0.966 0.0177 0.00393 0.00919 0.00298 
468 0 0.966 0.0176 0.00393 0.00917 0.00298 
469 0 0.966 0.0176 0.00393 0.00916 0.00298 
470 0 0.966 0.0176 0.00393 0.00914 0.00297 
471 0 0.966 0.0175 0.00393 0.00912 0.00297 
472 0 0.966 0.0175 0.00393 0.00911 0.00297 
473 0 0.967 0.0175 0.00393 0.00909 0.00296 
474 0 0.967 0.0174 0.00393 0.00908 0.00296 
475 0 0.967 0.0174 0.00392 0.00906 0.00296 
476 0 0.967 0.0174 0.00392 0.00905 0.00296 
477 0 0.967 0.0173 0.00392 0.00903 0.00295 
478 0 0.967 0.0173 0.00392 0.00901 0.00295 
479 0 0.967 0.0173 0.00392 0.009 0.00295 
480 0 0.967 0.0172 0.00392 0.00898 0.00294 
481 0 0.967 0.0172 0.00392 0.00897 0.00294 
482 0 0.967 0.0171 0.00392 0.00895 0.00294 
483 0 0.967 0.0171 0.00392 0.00894 0.00294 
484 0 0.967 0.0171 0.00392 0.00892 0.00293 
485 0 0.967 0.0171 0.00392 0.00891 0.00293 
486 0 0.967 0.017 0.00392 0.00889 0.00293 
487 0 0.967 0.017 0.00392 0.00888 0.00292 
488 0 0.967 0.017 0.00392 0.00887 0.00292 
489 0 0.967 0.0169 0.00392 0.00885 0.00292 
490 0 0.967 0.0169 0.00392 0.00884 0.00292 
491 0 0.967 0.0169 0.00392 0.00883 0.00291 
492 0 0.968 0.0168 0.00392 0.00881 0.00291 
493 0 0.968 0.0168 0.00392 0.0088 0.00291 
494 0 0.968 0.0168 0.00392 0.00879 0.00291 
495 0 0.968 0.0168 0.00392 0.00877 0.0029 
496 0 0.968 0.0167 0.00392 0.00876 0.0029 
497 0 0.968 0.0167 0.00392 0.00875 0.0029 
498 0 0.968 0.0167 0.00392 0.00874 0.0029 
499 0 0.968 0.0166 0.00392 0.00872 0.00289 
500 0 0.968 0.0166 0.00392 0.00871 0.00289 
501 0 0.968 0.0166 0.00392 0.0087 0.00289 
502 0 0.968 0.0166 0.00392 0.00869 0.00289 
503 0 0.968 0.0165 0.00392 0.00868 0.00288 
504 0 0.968 0.0165 0.00392 0.00866 0.00288 
505 0 0.968 0.0165 0.00392 0.00865 0.00288 
506 0 0.968 0.0165 0.00392 0.00864 0.00288 
507 0 0.968 0.0164 0.00392 0.00863 0.00287 
508 0 0.968 0.0164 0.00393 0.00862 0.00287 
509 0 0.968 0.0164 0.00393 0.00861 0.00287 
510 0 0.968 0.0164 0.00393 0.0086 0.00287 
511 0 0.968 0.0164 0.00393 0.00859 0.00287 
512 0 0.968 0.0163 0.00393 0.00858 0.00286 
513 0 0.968 0.0163 0.00393 0.00856 0.00286 
514 0 0.968 0.0163 0.00393 0.00855 0.00286 
515 0 0.968 0.0163 0.00393 0.00854 0.00286 
516 0 0.968 0.0162 0.00393 0.00853 0.00286 
517 0 0.968 0.0162 0.00393 0.00852 0.00285 
518 0 0.968 0.0162 0.00393 0.00851 0.00285 
519 0 0.969 0.0162 0.00393 0.0085 0.00285 
520 0 0.969 0.0162 0.00393 0.00849 0.00285 
521 0 0.969 0.0161 0.00393 0.00848 0.00285 
522 0 0.969 0.0161 0.00394 0.00848 0.00285 
523 0 0.969 0.0161 0.00394 0.00847 0.00284 
524 0 0.969 0.0161 0.00394 0.00846 0.00284 
525 0 0.969 0.0161 0.00394 0.00845 0.00284 
526 0 0.969 0.0161 0.00394 0.00844 0.00284 
527 0 0.969 0.016 0.00394 0.00843 0.00284 
528 0 0.969 0.016 0.00394 0.00842 0.00284 
529 0 0.969 0.016 0.00394 0.00841 0.00283 
530 0 0.969 0.016 0.00394 0.0084 0.00283 
531 0 0.969 0.016 0.00394 0.00839 0.00283 
532 0 0.969 0.0159 0.00395 0.00838 0.00283 
533 0 0.969 0.0159 0.00395 0.00838 0.00283 
534 0 0.969 0.0159 0.00395 0.00837 0.00283 
535 0 0.969 0.0159 0.00395 0.00836 0.00283 
536 0 0.969 0.0159 0.00395 0.00835 0.00283 
537 0 0.969 0.0159 0.00395 0.00835 0.00282 
538 0 0.969 0.0159 0.00396 0.00834 0.00282 
539 0 0.969 0.0158 0.00396 0.00834 0.00282 
540 0 0.969 0.0158 0.00396 0.00833 0.00282 
541 0 0.969 0.0158 0.00396 0.00833 0.00282 
542 0 0.969 0.0158 0.00397 0.00832 0.00282 
543 0 0.969 0.0158 0.00397 0.00832 0.00282 
544 0 0.969 0.0158 0.00397 0.00831 0.00282 
545 0 0.969 0.0158 0.00397 0.00831 0.00282 
546 0 0.969 0.0158 0.00398 0.0083 0.00282 
547 0 0.969 0.0158 0.00398 0.0083 0.00282 
548 0 0.969 0.0158 0.00398 0.00829 0.00282 
549 0 0.969 0.0158 0.00399 0.00829 0.00282 
550 0 0.969 0.0158 0.00399 0.00828 0.00282 
551 0 0.969 0.0157 0.00399 0.00828 0.00282 
552 0 0.969 0.0157 0.004 0.00827 0.00282 
553 0 0.969 0.0157 0.004 0.00827 0.00282 
554 0 0.969 0.0157 0.004 0.00826 0.00282 
555 0 0.969 0.0157 0.004 0.00825 0.00282 
556 0 0.969 0.0157 0.00401 0.00825 0.00282 
557 0 0.969 0.0157 0.00401 0.00824 0.00282 
558 0 0.969 0.0157 0.00401 0.00823 0.00282 
559 0 0.969 0.0156 0.00401 0.00822 0.00282 
560 0 0.969 0.0156 0.00402 0.00821 0.00282 
561 0 0.969 0.0156 0.00402 0.0082 0.00282 
562 0 0.969 0.0156 0.00402 0.00819 0.00282 
563 0 0.969 0.0156 0.00402 0.00818 0.00282 
564 0 0.969 0.0155 0.00402 0.00818 0.00282 
565 0 0.969 0.0155 0.00402 0.00817 0.00282 
566 0 0.969 0.0155 0.00402 0.00817 0.00282 
567 0 0.969 0.0155 0.00402 0.00816 0.00282 
568 0 0.969 0.0155 0.00403 0.00816 0.00282 
569 0 0.97 0.0155 0.00403 0.00815 0.00282 
570 0 0.97 0.0155 0.00403 0.00815 0.00282 
571 0 0.97 0.0155 0.00403 0.00814 0.00282 
572 0 0.97 0.0155 0.00404 0.00814 0.00282 
573 0 0.97 0.0155 0.00404 0.00814 0.00282 
574 0 0.97 0.0155 0.00404 0.00813 0.00282 
575 0 0.97 0.0155 0.00405 0.00813 0.00282 
576 0 0.97 0.0155 0.00405 0.00813 0.00282 
577 0 0.97 0.0155 0.00406 0.00812 0.00282 
578 0 0.97 0.0155 0.00406 0.00812 0.00282 
579 0 0.97 0.0154 0.00406 0.00812 0.00282 
580 0 0.97 0.0154 0.00407 0.00811 0.00282 
581 0 0.97 0.0154 0.00407 0.00811 0.00282 
582 0 0.97 0.0154 0.00408 0.00811 0.00282 
583 0 0.97 0.0154 0.00408 0.00811 0.00282 
584 0 0.97 0.0154 0.00408 0.0081 0.00282 
585 0 0.97 0.0154 0.00408 0.0081 0.00282 
586 0 0.97 0.0154 0.00408 0.0081 0.00282 
587 0 0.97 0.0155 0.00408 0.0081 0.00282 
588 0 0.969 0.0155 0.00409 0.00811 0.00282 
589 0 0.969 0.0155 0.00409 0.00813 0.00282 
590 0 0.969 0.0156 0.0041 0.00814 0.00282 
591 0 0.969 0.0156 0.00411 0.00816 0.00283 
592 0 0.969 0.0157 0.00411 0.00818 0.00283 
593 0 0.969 0.0157 0.00412 0.00819 0.00284 
594 0 0.969 0.0158 0.00413 0.00821 0.00284 
595 0 0.969 0.0158 0.00414 0.00823 0.00284 
596 0 0.969 0.0159 0.00415 0.00825 0.00285 
597 0 0.969 0.0159 0.00416 0.00827 0.00285 
598 0 0.969 0.016 0.00417 0.0083 0.00286 
599 0 0.969 0.016 0.00418 0.00832 0.00286 
600 0 0.969 0.0161 0.00419 0.00834 0.00287 
601 0 0.968 0.0162 0.0042 0.00836 0.00287 
602 0 0.968 0.0162 0.00421 0.00839 0.00288 
603 0 0.968 0.0163 0.00422 0.00841 0.00288 
604 0 0.968 0.0163 0.00423 0.00843 0.00289 
605 0 0.968 0.0164 0.00424 0.00846 0.0029 
606 0 0.968 0.0165 0.00425 0.00848 0.0029 
607 0 0.968 0.0165 0.00426 0.00851 0.00291 
608 0 0.968 0.0166 0.00427 0.00853 0.00291 
609 0 0.968 0.0167 0.00428 0.00856 0.00292 
610 0 0.968 0.0167 0.00428 0.00858 0.00292 
611 0 0.967 0.0168 0.00429 0.00859 0.00293 
612 0 0.967 0.0168 0.0043 0.00861 0.00293 
613 0 0.967 0.0169 0.00431 0.00863 0.00293 
614 0 0.967 0.0169 0.00431 0.00865 0.00294 
615 0 0.967 0.017 0.00432 0.00867 0.00294 
616 0 0.967 0.017 0.00433 0.00869 0.00295 
617 0 0.967 0.0171 0.00433 0.00871 0.00295 
618 0 0.967 0.0172 0.00434 0.00874 0.00296 
619 0 0.967 0.0172 0.00435 0.00876 0.00296 
620 0 0.967 0.0173 0.00436 0.00878 0.00296 
621 0 0.967 0.0173 0.00437 0.0088 0.00297 
622 0 0.966 0.0174 0.00437 0.00882 0.00297 
623 0 0.966 0.0175 0.00438 0.00885 0.00298 
624 0 0.966 0.0175 0.00439 0.00887 0.00298 
625 0 0.966 0.0176 0.0044 0.00889 0.00299 
626 0 0.966 0.0176 0.00441 0.00891 0.003 
627 0 0.966 0.0177 0.00442 0.00894 0.003 
628 0 0.966 0.0178 0.00443 0.00896 0.00301 
629 0 0.966 0.0178 0.00444 0.00899 0.00301 
630 0 0.966 0.0179 0.00445 0.00901 0.00302 
631 0 0.966 0.018 0.00446 0.00903 0.00302 
632 0 0.965 0.018 0.00446 0.00906 0.00303 
633 0 0.965 0.0181 0.00447 0.00908 0.00303 
634 0 0.965 0.0182 0.00448 0.00911 0.00304 
635 0 0.965 0.0182 0.00449 0.00913 0.00305 
636 0 0.965 0.0183 0.0045 0.00916 0.00305 
637 0 0.965 0.0184 0.00451 0.00918 0.00306 
638 0 0.965 0.0184 0.00452 0.00921 0.00306 
639 0 0.965 0.0185 0.00453 0.00923 0.00307 
640 0 0.965 0.0186 0.00455 0.00926 0.00308 
641 0 0.964 0.0187 0.00456 0.00929 0.00308 
642 0 0.964 0.0187 0.00456 0.00931 0.00309 
643 0 0.964 0.0188 0.00457 0.00933 0.00309 
644 0 0.964 0.0188 0.00458 0.00935 0.0031 
645 0 0.964 0.0189 0.00459 0.00937 0.0031 
646 0 0.964 0.019 0.00459 0.00939 0.00311 
647 0 0.964 0.019 0.0046 0.00941 0.00311 
648 0 0.964 0.0191 0.00461 0.00943 0.00312 
649 0 0.964 0.0191 0.00462 0.00945 0.00312 
650 0 0.964 0.0192 0.00462 0.00947 0.00313 
651 0 0.963 0.0192 0.00463 0.00949 0.00313 
652 0 0.963 0.0193 0.00464 0.00952 0.00314 
653 0 0.963 0.0194 0.00465 0.00954 0.00314 
654 0 0.963 0.0194 0.00465 0.00956 0.00315 
655 0 0.963 0.0195 0.00466 0.00958 0.00315 
656 0 0.963 0.0195 0.00467 0.0096 0.00316 
657 0 0.963 0.0196 0.00468 0.00962 0.00316 
658 0 0.963 0.0197 0.00469 0.00964 0.00317 
659 0 0.963 0.0197 0.00469 0.00966 0.00317 
660 0 0.963 0.0198 0.0047 0.00968 0.00318 
661 0 0.963 0.0198 0.00471 0.0097 0.00318 
662 0 0.962 0.0199 0.00472 0.00972 0.00319 
663 0 0.962 0.02 0.00472 0.00974 0.00319 
664 0 0.962 0.02 0.00473 0.00976 0.0032 
665 0 0.962 0.0201 0.00474 0.00978 0.0032 
666 0 0.962 0.0201 0.00475 0.0098 0.00321 
667 0 0.962 0.0202 0.00475 0.00981 0.00321 
668 0 0.962 0.0202 0.00476 0.00983 0.00322 
669 0 0.962 0.0203 0.00477 0.00985 0.00322 
670 0 0.962 0.0203 0.00477 0.00987 0.00322 
671 0 0.962 0.0204 0.00478 0.00988 0.00323 
672 0 0.962 0.0204 0.00479 0.0099 0.00323 
673 0 0.962 0.0205 0.00479 0.00991 0.00324 
674 0 0.962 0.0205 0.0048 0.00993 0.00324 
675 0 0.961 0.0206 0.00481 0.00994 0.00324 
676 0 0.961 0.0206 0.00481 0.00996 0.00325 
677 0 0.961 0.0206 0.00482 0.00997 0.00325 
678 0 0.961 0.0207 0.00482 0.00999 0.00326 
679 0 0.961 0.0207 0.00483 0.01 0.00326 
680 0 0.961 0.0208 0.00484 0.01 0.00326 
681 0 0.961 0.0208 0.00484 0.01 0.00327 
682 0 0.961 0.0209 0.00485 0.01 0.00327 
683 0 0.961 0.0209 0.00485 0.0101 0.00328 
684 0 0.961 0.0209 0.00486 0.0101 0.00328 
685 0 0.961 0.021 0.00486 0.0101 0.00328 
686 0 0.961 0.021 0.00487 0.0101 0.00329 
687 0 0.961 0.021 0.00488 0.0101 0.00329 
688 0 0.961 0.0211 0.00488 0.0101 0.00329 
689 0 0.961 0.0211 0.00489 0.0101 0.0033 
690 0 0.961 0.0211 0.00489 0.0101 0.0033 
691 0 0.96 0.0212 0.0049 0.0101 0.0033 
692 0 0.96 0.0212 0.0049 0.0102 0.00331 
693 0 0.96 0.0212 0.00491 0.0102 0.00331 
694 0 0.96 0.0213 0.00491 0.0102 0.00331 
695 0 0.96 0.0213 0.00492 0.0102 0.00332 
696 0 0.96 0.0213 0.00493 0.0102 0.00332 
697 0 0.96 0.0214 0.00493 0.0102 0.00332 
698 0 0.96 0.0214 0.00494 0.0102 0.00333 
699 0 0.96 0.0214 0.00494 0.0102 0.00333 
700 0 0.96 0.0215 0.00495 0.0102 0.00333 
701 0 0.96 0.0215 0.00495 0.0102 0.00334 
702 0 0.96 0.0215 0.00496 0.0103 0.00334 
703 0 0.96 0.0216 0.00497 0.0103 0.00334 
704 0 0.96 0.0216 0.00497 0.0103 0.00335 
705 0 0.96 0.0216 0.00498 0.0103 0.00335 
706 0 0.96 0.0217 0.00498 0.0103 0.00335 
707 0 0.96 0.0217 0.005 0.0103 0.00336 
708 0 0.96 0.0217 0.005 0.0103 0.00337 
709 0 0.959 0.0218 0.00502 0.0103 0.00337 
710 0 0.959 0.0218 0.00503 0.0104 0.00338 
711 0 0.959 0.0219 0.00504 0.0104 0.00339 
712 0 0.959 0.0219 0.00506 0.0104 0.0034 
713 0 0.959 0.022 0.00507 0.0104 0.00341 
714 0 0.959 0.022 0.00508 0.0104 0.00341 
715 0 0.959 0.022 0.00509 0.0104 0.00342 
716 0 0.959 0.0221 0.00511 0.0105 0.00343 
717 0 0.959 0.0221 0.00512 0.0105 0.00343 
718 0 0.959 0.0222 0.00513 0.0105 0.00344 
719 0 0.959 0.0222 0.00514 0.0105 0.00345 
720 0 0.959 0.0222 0.00516 0.0105 0.00346 
721 0 0.959 0.0223 0.00517 0.0105 0.00347 
722 0 0.958 0.0223 0.00518 0.0105 0.00347 
723 0 0.958 0.0224 0.0052 0.0106 0.00348 
724 0 0.958 0.0224 0.00521 0.0106 0.00349 
725 0 0.958 0.0225 0.00522 0.0106 0.0035 
726 0 0.958 0.0225 0.00524 0.0106 0.00351 
727 0 0.958 0.0226 0.00525 0.0106 0.00351 
728 0 0.958 0.0226 0.00527 0.0107 0.00352 
729 0 0.958 0.0226 0.00528 0.0107 0.00353 
730 0 0.958 0.0227 0.00529 0.0107 0.00354 
731 0 0.958 0.0227 0.00531 0.0107 0.00355 
732 0 0.958 0.0228 0.00532 0.0107 0.00356 
733 0 0.958 0.0228 0.00534 0.0107 0.00356 
734 0 0.957 0.0229 0.00535 0.0108 0.00357 
735 0 0.957 0.0229 0.00537 0.0108 0.00358 
736 0 0.957 0.023 0.00538 0.0108 0.00359 
737 0 0.957 0.023 0.0054 0.0108 0.0036 
738 0 0.957 0.0231 0.00541 0.0108 0.00361 
739 0 0.957 0.0231 0.00543 0.0108 0.00362 
740 0 0.957 0.0232 0.00544 0.0109 0.00363 
741 0 0.957 0.0232 0.00546 0.0109 0.00364 
742 0 0.957 0.0233 0.00547 0.0109 0.00364 
743 0 0.957 0.0233 0.00549 0.0109 0.00365 
744 0 0.957 0.0234 0.0055 0.0109 0.00366 
745 0 0.956 0.0234 0.00552 0.011 0.00367 
746 0 0.956 0.0235 0.00553 0.011 0.00368 
747 0 0.956 0.0235 0.00555 0.011 0.00369 
748 0 0.956 0.0236 0.00556 0.011 0.0037 
749 0 0.956 0.0237 0.00558 0.011 0.00371 
750 0 0.956 0.0237 0.0056 0.0111 0.00372 
751 0 0.956 0.0238 0.00561 0.0111 0.00373 
752 0 0.956 0.0238 0.00563 0.0111 0.00374 
753 0 0.956 0.0239 0.00564 0.0111 0.00375 
754 0 0.955 0.024 0.00569 0.0112 0.00377 
755 0 0.955 0.0241 0.00571 0.0112 0.00378 
756 0 0.955 0.0241 0.00572 0.0112 0.00379 
757 0 0.955 0.0242 0.00577 0.0113 0.00382 
758 0 0.955 0.0243 0.00578 0.0113 0.00383 
759 0 0.955 0.0244 0.00582 0.0113 0.00385 
760 0 0.955 0.0244 0.00583 0.0113 0.00386 
761 0 0.954 0.0245 0.00584 0.0114 0.00386 
762 0 0.954 0.0246 0.00589 0.0114 0.00389 
763 0 0.954 0.0246 0.00589 0.0114 0.00389 
764 0 0.954 0.0247 0.0059 0.0114 0.0039 
765 0 0.954 0.0248 0.00595 0.0115 0.00392 
766 0 0.954 0.0248 0.00595 0.0115 0.00393 
767 0 0.954 0.0249 0.00599 0.0115 0.00395 
768 0 0.954 0.0249 0.006 0.0115 0.00395 
769 0 0.953 0.025 0.00604 0.0116 0.00398 
770 0 0.953 0.0251 0.00604 0.0116 0.00398 
771 0 0.953 0.0252 0.00608 0.0116 0.004 
772 0 0.953 0.0252 0.00608 0.0116 0.004 
773 0 0.953 0.0252 0.00608 0.0116 0.004 
774 0 0.953 0.0254 0.00612 0.0117 0.00403 
775 0 0.953 0.0254 0.00612 0.0117 0.00403 
776 0 0.952 0.0255 0.00617 0.0117 0.00406 
777 0 0.952 0.0256 0.00617 0.0117 0.00406 
778 0 0.952 0.0257 0.00621 0.0118 0.00408 
779 0 0.952 0.0258 0.00624 0.0118 0.0041 
780 0 0.952 0.0258 0.00624 0.0118 0.0041 
781 0 0.952 0.026 0.00628 0.0119 0.00412 
782 0 0.952 0.0261 0.00631 0.0119 0.00414 
783 0 0.951 0.0262 0.00634 0.012 0.00416 
784 0 0.951 0.0263 0.00637 0.012 0.00418 
785 0 0.951 0.0263 0.0064 0.012 0.00419 
786 0 0.951 0.0264 0.00642 0.0121 0.00421 
787 0 0.951 0.0265 0.00645 0.0121 0.00422 
788 0 0.951 0.0266 0.00648 0.0121 0.00424 
789 0 0.95 0.0267 0.0065 0.0122 0.00425 
790 0 0.95 0.0268 0.00653 0.0122 0.00427 
791 0 0.95 0.0269 0.00656 0.0122 0.00428 
792 0 0.95 0.027 0.0066 0.0123 0.0043 
793 0 0.95 0.0271 0.00663 0.0123 0.00432 
794 0 0.949 0.0272 0.00666 0.0123 0.00433 
795 0 0.949 0.0273 0.00669 0.0124 0.00435 
796 0 0.949 0.0274 0.00672 0.0124 0.00437 
797 0 0.949 0.0275 0.00675 0.0125 0.00439 
798 0 0.949 0.0277 0.00679 0.0125 0.00441 
799 0 0.948 0.0278 0.00682 0.0126 0.00443 
800 0 0.948 0.0279 0.00686 0.0126 0.00444 
801 0 0.948 0.0281 0.00689 0.0127 0.00446 
802 0 0.948 0.0282 0.00693 0.0127 0.00448 
803 0 0.947 0.0284 0.00697 0.0128 0.0045 
804 0 0.947 0.0285 0.007 0.0128 0.00452 
805 0 0.947 0.0287 0.00704 0.0129 0.00454 
806 0 0.947 0.0288 0.00708 0.0129 0.00456 
807 0 0.946 0.029 0.00712 0.013 0.00459 
808 0 0.946 0.0292 0.00716 0.013 0.00461 
809 0 0.946 0.0293 0.00721 0.0131 0.00463 
810 0 0.945 0.0295 0.00725 0.0132 0.00466 
811 0 0.945 0.0297 0.00731 0.0132 0.00469 
812 0 0.945 0.0299 0.00736 0.0133 0.00471 
813 0 0.944 0.0301 0.00741 0.0134 0.00474 
814 0 0.944 0.0303 0.00746 0.0135 0.00477 
815 0 0.944 0.0305 0.00752 0.0135 0.0048 
816 0 0.943 0.0307 0.00757 0.0136 0.00483 
817 0 0.943 0.0308 0.00763 0.0137 0.00486 
818 0 0.943 0.031 0.00769 0.0137 0.00489 
819 0 0.942 0.0312 0.00775 0.0138 0.00492 
820 0 0.942 0.0313 0.00781 0.0138 0.00494 
821 0 0.942 0.0315 0.00787 0.0139 0.00497 
822 0 0.941 0.0317 0.00794 0.014 0.00501 
823 0 0.941 0.0318 0.00801 0.014 0.00504 
824 0 0.941 0.032 0.00807 0.0141 0.00507 
825 0 0.94 0.0321 0.00814 0.0142 0.0051 
826 0 0.94 0.0323 0.00822 0.0142 0.00513 
827 0 0.94 0.0325 0.00829 0.0143 0.00517 
828 0 0.94 0.0326 0.00836 0.0143 0.0052 
829 0 0.939 0.0327 0.00843 0.0144 0.00523 
830 0 0.939 0.0329 0.00851 0.0145 0.00527 
831 0 0.939 0.0331 0.00859 0.0145 0.0053 
832 0 0.938 0.0332 0.00867 0.0146 0.00534 
833 0 0.938 0.0334 0.00875 0.0147 0.00537 
834 0 0.937 0.0336 0.00883 0.0147 0.00541 
835 0 0.937 0.0337 0.00892 0.0148 0.00544 
836 0 0.937 0.0339 0.009 0.0149 0.00548 
837 0 0.936 0.0341 0.00909 0.0149 0.00552 
838 0 0.936 0.0342 0.00918 0.015 0.00555 
839 0 0.936 0.0344 0.00927 0.0151 0.00559 
840 0 0.935 0.0346 0.00935 0.0151 0.00563 
841 0 0.935 0.0348 0.00944 0.0152 0.00566 
842 0 0.935 0.0349 0.00954 0.0153 0.0057 
843 0 0.934 0.0351 0.00963 0.0153 0.00574 
844 0 0.934 0.0353 0.00972 0.0154 0.00578 
845 0 0.933 0.0355 0.00982 0.0155 0.00581 
846 0 0.933 0.0357 0.00992 0.0156 0.00585 
847 0 0.932 0.036 0.01 0.0157 0.00589 
848 0 0.932 0.0362 0.0101 0.0157 0.00593 
849 0 0.932 0.0364 0.0102 0.0158 0.00597 
850 0 0.931 0.0366 0.0103 0.0159 0.00601 
851 0 0.931 0.0369 0.0104 0.016 0.00605 
852 0 0.93 0.0371 0.0105 0.0161 0.0061 
853 0 0.93 0.0374 0.0106 0.0162 0.00614 
854 0 0.929 0.0377 0.0108 0.0163 0.00619 
855 0 0.929 0.038 0.0109 0.0164 0.00623 
856 0 0.928 0.0382 0.011 0.0165 0.00627 
857 0 0.927 0.0385 0.0111 0.0166 0.00632 
858 0 0.927 0.0389 0.0112 0.0167 0.00637 
859 0 0.926 0.0392 0.0114 0.0168 0.00641 
860 0 0.926 0.0395 0.0115 0.017 0.00646 
861 0 0.925 0.0399 0.0116 0.0171 0.00651 
862 0 0.924 0.0402 0.0118 0.0172 0.00656 
863 0 0.924 0.0406 0.0119 0.0173 0.00662 
864 0 0.923 0.041 0.012 0.0175 0.00667 
865 0 0.922 0.0414 0.0122 0.0176 0.00672 
866 0 0.921 0.0418 0.0123 0.0178 0.00678 
867 0 0.92 0.0423 0.0125 0.0179 0.00684 
868 0 0.92 0.0427 0.0127 0.0181 0.00689 
869 0 0.919 0.0432 0.0128 0.0182 0.00695 
870 0 0.918 0.0437 0.013 0.0184 0.00701 
871 0 0.917 0.0442 0.0132 0.0186 0.00707 
872 0 0.916 0.0447 0.0133 0.0187 0.00713 
873 0 0.915 0.0453 0.0135 0.0189 0.00719 
874 0 0.914 0.0459 0.0137 0.0191 0.00726 
875 0 0.913 0.0465 0.0138 0.0193 0.00732 
876 0 0.912 0.0471 0.014 0.0195 0.00738 
877 0 0.911 0.0478 0.0142 0.0197 0.00745 
878 0 0.91 0.0485 0.0144 0.0199 0.00752 
879 0 0.908 0.0492 0.0146 0.0202 0.00759 
880 0 0.907 0.05 0.0148 0.0204 0.00767 
881 0 0.906 0.0509 0.0151 0.0207 0.00775 
882 0 0.904 0.0518 0.0153 0.021 0.00784 
883 0 0.902 0.0527 0.0156 0.0213 0.00793 
884 0 0.901 0.0537 0.0159 0.0216 0.00803 
885 0 0.899 0.0548 0.0162 0.022 0.00814 
886 0 0.897 0.0559 0.0166 0.0223 0.00825 
887 0 0.895 0.0571 0.0169 0.0227 0.00837 
888 0 0.893 0.0583 0.0173 0.0231 0.00849 
889 0 0.89 0.0597 0.0177 0.0235 0.00862 
890 0 0.888 0.061 0.0182 0.024 0.00876 
891 0 0.885 0.0625 0.0187 0.0245 0.00891 
892 0 0.883 0.0641 0.0192 0.025 0.00906 
893 0 0.88 0.0657 0.0197 0.0255 0.00923 
894 0 0.877 0.0674 0.0203 0.026 0.0094 
895 0 0.874 0.0692 0.021 0.0266 0.00958 
896 0 0.87 0.0711 0.0217 0.0272 0.00977 
897 0 0.867 0.0731 0.0224 0.0279 0.00997 
898 0 0.863 0.0752 0.0232 0.0285 0.0102 
899 0 0.859 0.0774 0.024 0.0293 0.0104 
900 0 0.855 0.0797 0.025 0.03 0.0106 
901 0 0.85 0.0821 0.0259 0.0308 0.0109 
902 0 0.846 0.0845 0.027 0.0316 0.0111 
903 0 0.841 0.087 0.0281 0.0324 0.0113 
904 0 0.837 0.0895 0.0292 0.0332 0.0116 
905 0 0.832 0.0919 0.0304 0.034 0.0118 
906 0 0.827 0.0942 0.0316 0.0348 0.0121 
907 0 0.823 0.0963 0.0328 0.0355 0.0123 
908 0 0.819 0.0982 0.0341 0.0362 0.0125 
909 0 0.815 0.0999 0.0353 0.0368 0.0127 
910 0 0.811 0.102 0.0367 0.0374 0.0129 
911 0 0.807 0.103 0.0382 0.0381 0.0131 
912 0 0.803 0.105 0.0399 0.0387 0.0133 
913 0 0.799 0.106 0.0419 0.0394 0.0136 
914 0 0.793 0.108 0.0443 0.0402 0.0139 
915 0 0.787 0.11 0.047 0.0411 0.0142 
916 0 0.78 0.113 0.0502 0.0421 0.0146 
917 0 0.773 0.115 0.0538 0.0432 0.015 
918 0 0.764 0.118 0.058 0.0443 0.0155 
919 0 0.755 0.121 0.0627 0.0455 0.0159 
920 0 0.745 0.124 0.0682 0.0468 0.0164 
921 0 0.734 0.127 0.0743 0.0481 0.0169 
922 0 0.721 0.13 0.0818 0.0494 0.0175 
923 0 0.705 0.134 0.092 0.0511 0.0182 
924 0 0.685 0.138 0.105 0.0529 0.019 
925 0 0.663 0.142 0.12 0.0546 0.0198 
926 0 0.636 0.146 0.14 0.0564 0.0207 
927 0 0.604 0.151 0.165 0.0582 0.0216 
928 0 0.567 0.154 0.197 0.0597 0.0224 
929 0 0.527 0.155 0.234 0.0606 0.0231 
930 0 0.489 0.155 0.271 0.0607 0.0235 
931 0 0.459 0.154 0.303 0.0603 0.0236 
932 0 0.436 0.153 0.327 0.0595 0.0236 
933 0 0.419 0.151 0.348 0.0586 0.0235 
934 0 0.407 0.15 0.362 0.0577 0.0234 
935 0 0.395 0.149 0.376 0.0567 0.0232 
936 2 0.384 0.147 0.39 0.0557 0.0231 
937 2 0.374 0.146 0.403 0.0548 0.0229 
938 2 0.363 0.144 0.416 0.0538 0.0227 
939 2 0.353 0.143 0.429 0.0529 0.0225 
940 2 0.344 0.141 0.44 0.0519 0.0223 
941 2 0.337 0.14 0.45 0.0511 0.0221 
942 2 0.332 0.14 0.456 0.0504 0.0219 
943 2 0.332 0.14 0.456 0.05 0.0218 
944 2 0.335 0.141 0.452 0.0496 0.0218 
945 2 0.34 0.143 0.446 0.0494 0.0218 
946 2 0.348 0.144 0.437 0.0493 0.0218 
947 2 0.358 0.147 0.424 0.0492 0.0219 
948 2 0.37 0.149 0.41 0.0492 0.0219 
949 2 0.382 0.151 0.395 0.0491 0.0219 
950 0 0.396 0.154 0.379 0.049 0.0219 
951 0 0.412 0.156 0.362 0.0489 0.0219 
952 0 0.427 0.158 0.344 0.0488 0.0218 
953 0 0.442 0.161 0.327 0.0486 0.0218 
954 0 0.456 0.163 0.311 0.0485 0.0217 
955 0 0.469 0.166 0.294 0.0484 0.0216 
956 0 0.481 0.169 0.28 0.0483 0.0215 
957 0 0.49 0.172 0.268 0.0482 0.0214 
958 0 0.497 0.175 0.259 0.0481 0.0214 
959 0 0.502 0.178 0.251 0.0481 0.0214 
960 0 0.505 0.181 0.244 0.0481 0.0213 
961 0 0.507 0.184 0.239 0.0481 0.0214 
962 0 0.508 0.187 0.235 0.0482 0.0214 
963 0 0.508 0.19 0.233 0.0482 0.0214 
964 0 0.506 0.193 0.231 0.0484 0.0215 
965 0 0.504 0.196 0.231 0.0485 0.0216 
966 0 0.5 0.199 0.231 0.0487 0.0218 
967 0 0.495 0.202 0.233 0.0489 0.0219 
968 0 0.489 0.204 0.235 0.0491 0.0221 
969 0 0.483 0.207 0.238 0.0494 0.0223 
970 0 0.475 0.21 0.243 0.0496 0.0225 
971 0 0.466 0.213 0.248 0.0499 0.0228 
972 0 0.457 0.215 0.255 0.0502 0.023 
