0 0 0.2 0.2 0.2 0.2 0.2 
1 3 0.176 0.204 0.206 0.207 0.207 
2 3 0.174 0.205 0.206 0.208 0.207 
3 3 0.174 0.205 0.206 0.208 0.207 
4 3 0.174 0.205 0.206 0.208 0.207 
5 3 0.174 0.205 0.206 0.208 0.207 
6 3 0.174 0.205 0.206 0.208 0.207 
7 3 0.174 0.205 0.206 0.208 0.207 
8 3 0.174 0.205 0.206 0.208 0.207 
9 3 0.174 0.205 0.206 0.208 0.207 
10 3 0.174 0.205 0.206 0.208 0.207 
11 3 0.174 0.205 0.206 0.208 0.207 
12 3 0.174 0.205 0.206 0.208 0.207 
13 3 0.174 0.205 0.206 0.208 0.207 
14 3 0.174 0.205 0.206 0.209 0.207 
15 3 0.174 0.205 0.206 0.209 0.207 
16 3 0.174 0.205 0.206 0.209 0.207 
17 3 0.173 0.205 0.205 0.209 0.207 
18 3 0.173 0.205 0.205 0.209 0.207 
19 3 0.173 0.205 0.205 0.209 0.207 
20 3 0.173 0.205 0.205 0.209 0.207 
21 3 0.173 0.206 0.205 0.209 0.207 
22 3 0.173 0.206 0.205 0.21 0.207 
23 3 0.173 0.206 0.205 0.21 0.207 
24 3 0.173 0.206 0.205 0.21 0.207 
25 3 0.173 0.206 0.205 0.21 0.206 
26 3 0.173 0.206 0.205 0.21 0.206 
27 3 0.173 0.206 0.205 0.21 0.206 
28 3 0.173 0.206 0.205 0.211 0.206 
29 3 0.173 0.206 0.204 0.211 0.206 
30 3 0.172 0.206 0.204 0.211 0.206 
31 3 0.172 0.206 0.204 0.211 0.206 
32 3 0.172 0.206 0.204 0.212 0.206 
33 3 0.172 0.206 0.204 0.212 0.206 
34 3 0.172 0.206 0.204 0.211 0.206 
35 3 0.172 0.207 0.204 0.21 0.207 
36 1 0.173 0.208 0.205 0.208 0.207 
37 1 0.173 0.209 0.206 0.205 0.208 
38 1 0.174 0.209 0.206 0.202 0.209 
39 1 0.174 0.211 0.207 0.198 0.21 
40 1 0.175 0.212 0.208 0.195 0.211 
41 1 0.176 0.213 0.209 0.191 0.211 
42 1 0.176 0.214 0.21 0.187 0.212 
43 1 0.177 0.215 0.211 0.184 0.213 
44 1 0.177 0.216 0.212 0.18 0.214 
45 1 0.178 0.218 0.213 0.176 0.215 
46 1 0.179 0.219 0.213 0.173 0.216 
47 1 0.179 0.22 0.214 0.169 0.217 
48 1 0.18 0.221 0.215 0.166 0.218 
49 1 0.18 0.223 0.216 0.162 0.219 
50 1 0.181 0.224 0.217 0.159 0.22 
51 1 0.181 0.225 0.218 0.155 0.221 
52 1 0.182 0.226 0.218 0.152 0.222 
53 1 0.182 0.227 0.219 0.149 0.223 
54 1 0.182 0.229 0.22 0.146 0.223 
55 1 0.183 0.23 0.22 0.143 0.224 
56 1 0.183 0.231 0.221 0.14 0.225 
57 1 0.183 0.232 0.222 0.137 0.226 
58 1 0.184 0.233 0.222 0.135 0.226 
59 1 0.184 0.235 0.223 0.132 0.227 
60 1 0.184 0.236 0.223 0.129 0.228 
61 1 0.185 0.237 0.224 0.127 0.228 
62 1 0.185 0.238 0.224 0.124 0.229 
63 1 0.185 0.239 0.225 0.122 0.229 
64 1 0.185 0.241 0.225 0.12 0.23 
65 1 0.185 0.242 0.225 0.117 0.23 
66 1 0.185 0.243 0.226 0.115 0.231 
67 1 0.186 0.243 0.226 0.113 0.231 
68 1 0.186 0.243 0.227 0.111 0.232 
69 1 0.187 0.241 0.228 0.11 0.234 
70 1 0.188 0.239 0.23 0.108 0.236 
71 4 0.189 0.235 0.232 0.106 0.238 
72 4 0.19 0.231 0.234 0.105 0.24 
73 4 0.191 0.227 0.236 0.103 0.242 
74 4 0.193 0.223 0.238 0.102 0.244 
75 4 0.194 0.22 0.24 0.1 0.246 
76 4 0.195 0.217 0.241 0.099 0.248 
77 4 0.195 0.215 0.243 0.0975 0.25 
78 4 0.196 0.213 0.244 0.096 0.251 
79 4 0.196 0.213 0.244 0.0946 0.252 
80 4 0.197 0.212 0.245 0.0931 0.253 
81 4 0.197 0.212 0.246 0.0917 0.254 
82 4 0.197 0.213 0.246 0.0903 0.254 
83 4 0.197 0.213 0.246 0.0889 0.255 
84 4 0.197 0.213 0.247 0.0876 0.256 
85 4 0.197 0.214 0.247 0.0863 0.256 
86 4 0.197 0.214 0.247 0.085 0.257 
87 4 0.197 0.214 0.248 0.0838 0.257 
88 4 0.197 0.215 0.248 0.0826 0.258 
89 4 0.197 0.215 0.248 0.0815 0.258 
90 4 0.197 0.215 0.249 0.0803 0.259 
91 4 0.197 0.215 0.249 0.0792 0.259 
92 4 0.197 0.216 0.249 0.0782 0.26 
93 4 0.197 0.216 0.249 0.0771 0.261 
94 4 0.197 0.216 0.249 0.0761 0.261 
95 4 0.197 0.216 0.25 0.0751 0.262 
96 4 0.197 0.217 0.25 0.0741 0.263 
97 4 0.196 0.217 0.25 0.0732 0.263 
98 4 0.196 0.218 0.25 0.0722 0.264 
99 4 0.196 0.218 0.25 0.0713 0.264 
100 4 0.196 0.219 0.25 0.0704 0.264 
101 4 0.196 0.22 0.25 0.0696 0.264 
102 4 0.196 0.222 0.251 0.0688 0.262 
103 4 0.196 0.223 0.252 0.0681 0.26 
104 4 0.197 0.225 0.254 0.0674 0.257 
105 2 0.198 0.226 0.256 0.0668 0.253 
106 2 0.199 0.228 0.258 0.0661 0.249 
107 2 0.2 0.231 0.26 0.0655 0.244 
108 2 0.201 0.233 0.262 0.0649 0.239 
109 2 0.201 0.237 0.263 0.0643 0.234 
110 2 0.201 0.242 0.265 0.0637 0.228 
111 2 0.202 0.247 0.266 0.063 0.222 
112 2 0.201 0.254 0.266 0.0623 0.216 
113 2 0.201 0.261 0.267 0.0616 0.21 
114 1 0.2 0.268 0.267 0.0609 0.204 
115 1 0.199 0.276 0.266 0.0602 0.198 
116 1 0.198 0.285 0.266 0.0594 0.192 
117 1 0.197 0.294 0.265 0.0586 0.186 
118 1 0.195 0.303 0.264 0.0578 0.18 
119 1 0.194 0.312 0.263 0.057 0.174 
120 1 0.192 0.322 0.261 0.0562 0.169 
121 1 0.189 0.332 0.26 0.0554 0.163 
122 1 0.187 0.343 0.258 0.0545 0.158 
123 1 0.184 0.354 0.256 0.0536 0.152 
124 1 0.18 0.366 0.254 0.0526 0.147 
125 1 0.177 0.377 0.253 0.0516 0.142 
126 1 0.173 0.388 0.252 0.0506 0.136 
127 1 0.169 0.398 0.253 0.0496 0.131 
128 1 0.164 0.406 0.255 0.0486 0.126 
129 1 0.16 0.412 0.259 0.0476 0.121 
130 1 0.156 0.416 0.265 0.0466 0.117 
131 1 0.152 0.42 0.271 0.0457 0.113 
132 1 0.148 0.422 0.277 0.0448 0.109 
133 1 0.144 0.423 0.284 0.044 0.105 
134 1 0.14 0.424 0.291 0.0431 0.101 
135 1 0.137 0.424 0.299 0.0423 0.098 
136 1 0.133 0.423 0.307 0.0415 0.0949 
137 1 0.13 0.422 0.316 0.0407 0.0919 
138 1 0.127 0.419 0.325 0.0399 0.0891 
139 1 0.124 0.417 0.334 0.0392 0.0863 
140 1 0.121 0.413 0.344 0.0384 0.0837 
141 1 0.118 0.41 0.353 0.0377 0.0812 
142 1 0.115 0.406 0.363 0.037 0.0788 
143 1 0.112 0.402 0.374 0.0362 0.0765 
144 1 0.109 0.397 0.384 0.0355 0.0742 
145 2 0.106 0.393 0.394 0.0348 0.072 
146 2 0.104 0.39 0.403 0.034 0.0698 
147 2 0.101 0.387 0.412 0.0333 0.0677 
148 2 0.0979 0.385 0.419 0.0326 0.0657 
149 2 0.0952 0.383 0.426 0.0319 0.0637 
150 2 0.0925 0.382 0.433 0.0312 0.0618 
151 2 0.09 0.38 0.44 0.0305 0.06 
152 2 0.0876 0.377 0.447 0.0299 0.0583 
153 2 0.0853 0.374 0.455 0.0292 0.0567 
154 2 0.083 0.37 0.463 0.0286 0.0551 
155 2 0.0809 0.365 0.472 0.028 0.0536 
156 2 0.0788 0.36 0.481 0.0274 0.0522 
157 2 0.0768 0.354 0.491 0.0268 0.0507 
158 2 0.0748 0.348 0.501 0.0262 0.0494 
159 2 0.0728 0.341 0.512 0.0257 0.0481 
160 2 0.0709 0.334 0.523 0.0251 0.0468 
161 2 0.0691 0.327 0.534 0.0246 0.0455 
162 2 0.0673 0.319 0.546 0.024 0.0443 
163 2 0.0654 0.31 0.558 0.0234 0.0431 
164 2 0.0637 0.302 0.57 0.0229 0.0419 
165 2 0.0619 0.293 0.583 0.0223 0.0407 
166 2 0.0601 0.283 0.595 0.0218 0.0395 
167 2 0.0583 0.273 0.609 0.0212 0.0383 
168 2 0.0564 0.262 0.624 0.0206 0.0371 
169 2 0.0543 0.249 0.641 0.0199 0.0358 
170 2 0.0518 0.233 0.662 0.0191 0.0342 
171 2 0.0487 0.212 0.689 0.0181 0.0323 
172 2 0.0456 0.191 0.716 0.0171 0.0303 
173 2 0.0426 0.173 0.74 0.0161 0.0284 
174 2 0.0398 0.156 0.762 0.0152 0.0267 
175 2 0.0373 0.142 0.781 0.0143 0.025 
176 2 0.035 0.13 0.798 0.0135 0.0236 
177 2 0.0329 0.119 0.813 0.0128 0.0222 
178 2 0.031 0.11 0.826 0.0121 0.021 
179 2 0.0293 0.102 0.838 0.0115 0.0199 
180 2 0.0277 0.0942 0.848 0.011 0.0189 
181 2 0.0263 0.0878 0.858 0.0105 0.0179 
182 2 0.025 0.082 0.866 0.01 0.0171 
183 2 0.0238 0.0768 0.874 0.00957 0.0163 
184 2 0.0227 0.0721 0.88 0.00917 0.0156 
185 2 0.0216 0.0679 0.887 0.00879 0.0149 
186 2 0.0207 0.064 0.893 0.00844 0.0143 
187 2 0.0198 0.0604 0.898 0.00811 0.0137 
188 2 0.0189 0.057 0.903 0.00779 0.0131 
189 2 0.0182 0.054 0.908 0.0075 0.0126 
190 2 0.0174 0.0513 0.912 0.00724 0.0121 
191 2 0.0168 0.0489 0.916 0.00699 0.0117 
192 2 0.0162 0.0466 0.919 0.00676 0.0113 
193 2 0.0156 0.0446 0.922 0.00655 0.0109 
194 2 0.0151 0.0427 0.925 0.00635 0.0106 
195 2 0.0146 0.0409 0.928 0.00615 0.0102 
196 2 0.0141 0.0392 0.931 0.00597 0.0099 
197 2 0.0136 0.0376 0.933 0.00579 0.0096 
198 2 0.0133 0.0362 0.936 0.00564 0.00933 
199 2 0.0129 0.0351 0.937 0.00551 0.0091 
200 2 0.0126 0.0341 0.939 0.00539 0.00889 
201 2 0.0123 0.0331 0.941 0.00528 0.0087 
202 2 0.0121 0.0323 0.942 0.00518 0.00852 
203 2 0.0118 0.0315 0.943 0.00508 0.00835 
204 2 0.0116 0.0308 0.944 0.00499 0.0082 
205 2 0.0114 0.0302 0.945 0.00491 0.00806 
206 2 0.0112 0.0297 0.946 0.00485 0.00796 
207 2 0.0111 0.0293 0.947 0.0048 0.00786 
208 2 0.011 0.029 0.948 0.00475 0.00778 
209 2 0.0109 0.0287 0.948 0.00471 0.00771 
210 2 0.0108 0.0284 0.948 0.00467 0.00765 
211 2 0.0107 0.0282 0.949 0.00463 0.00759 
212 2 0.0106 0.028 0.949 0.0046 0.00753 
213 2 0.0106 0.0278 0.95 0.00457 0.00748 
214 2 0.0105 0.0277 0.95 0.00454 0.00743 
215 2 0.0104 0.0275 0.95 0.00452 0.00739 
216 2 0.0104 0.0274 0.95 0.00449 0.00735 
217 2 0.0103 0.0273 0.951 0.00447 0.00731 
218 2 0.0103 0.0272 0.951 0.00445 0.00728 
219 2 0.0102 0.0271 0.951 0.00443 0.00724 
220 2 0.0102 0.027 0.951 0.00441 0.00721 
221 2 0.0101 0.0269 0.951 0.00439 0.00718 
222 2 0.0101 0.0269 0.952 0.00437 0.00715 
223 2 0.0101 0.0268 0.952 0.00435 0.00712 
224 2 0.01 0.0267 0.952 0.00434 0.00709 
225 2 0.00999 0.0267 0.952 0.00432 0.00707 
226 2 0.00995 0.0266 0.952 0.00431 0.00704 
227 2 0.00992 0.0266 0.952 0.00429 0.00702 
228 2 0.00989 0.0265 0.952 0.00428 0.007 
229 2 0.00986 0.0265 0.952 0.00427 0.00698 
230 2 0.00983 0.0265 0.953 0.00425 0.00695 
231 2 0.00981 0.0264 0.953 0.00424 0.00693 
232 2 0.00978 0.0264 0.953 0.00423 0.00691 
233 2 0.00975 0.0264 0.953 0.00422 0.00689 
234 2 0.00973 0.0264 0.953 0.0042 0.00688 
235 2 0.00971 0.0263 0.953 0.00419 0.00686 
236 2 0.00968 0.0263 0.953 0.00418 0.00684 
237 2 0.00966 0.0263 0.953 0.00417 0.00682 
238 2 0.00964 0.0263 0.953 0.00416 0.00681 
239 2 0.00962 0.0263 0.953 0.00415 0.00679 
240 2 0.0096 0.0263 0.953 0.00414 0.00678 
241 2 0.00958 0.0263 0.953 0.00413 0.00676 
242 2 0.00956 0.0263 0.953 0.00412 0.00675 
243 2 0.00955 0.0263 0.953 0.00411 0.00673 
244 2 0.00953 0.0263 0.953 0.0041 0.00672 
245 2 0.00951 0.0263 0.953 0.0041 0.00671 
246 2 0.0095 0.0263 0.953 0.00409 0.00669 
247 2 0.00948 0.0263 0.953 0.00408 0.00668 
248 2 0.00947 0.0263 0.954 0.00407 0.00667 
249 2 0.00945 0.0263 0.954 0.00406 0.00666 
250 2 0.00944 0.0263 0.954 0.00406 0.00665 
251 2 0.00942 0.0263 0.954 0.00405 0.00663 
252 2 0.00941 0.0263 0.954 0.00404 0.00662 
253 2 0.00939 0.0263 0.954 0.00403 0.00661 
254 2 0.00938 0.0263 0.954 0.00403 0.0066 
255 2 0.00937 0.0264 0.954 0.00402 0.00659 
256 2 0.00936 0.0264 0.954 0.00401 0.00658 
257 2 0.00935 0.0264 0.954 0.00401 0.00657 
258 2 0.00933 0.0264 0.954 0.004 0.00656 
259 2 0.00932 0.0264 0.954 0.00399 0.00655 
260 2 0.00931 0.0265 0.954 0.00399 0.00654 
261 2 0.0093 0.0265 0.954 0.00398 0.00653 
262 2 0.00929 0.0265 0.954 0.00397 0.00652 
263 2 0.00928 0.0265 0.954 0.00397 0.00652 
264 2 0.00927 0.0265 0.954 0.00396 0.00651 
265 2 0.00926 0.0266 0.954 0.00396 0.0065 
266 2 0.00925 0.0266 0.954 0.00395 0.00649 
267 2 0.00924 0.0266 0.954 0.00395 0.00648 
268 2 0.00923 0.0267 0.954 0.00394 0.00647 
269 2 0.00922 0.0267 0.954 0.00394 0.00647 
270 2 0.00922 0.0267 0.954 0.00393 0.00646 
271 2 0.00921 0.0267 0.954 0.00392 0.00645 
272 2 0.0092 0.0268 0.954 0.00392 0.00644 
273 2 0.00919 0.0268 0.954 0.00391 0.00644 
274 2 0.00918 0.0268 0.954 0.00391 0.00643 
275 2 0.00918 0.0269 0.954 0.0039 0.00642 
276 2 0.00917 0.0269 0.954 0.0039 0.00642 
277 2 0.00916 0.0269 0.954 0.0039 0.00641 
278 2 0.00916 0.027 0.954 0.00389 0.0064 
279 2 0.00915 0.027 0.954 0.00389 0.0064 
280 2 0.00914 0.0271 0.954 0.00388 0.00639 
281 2 0.00914 0.0271 0.954 0.00388 0.00639 
282 2 0.00913 0.0271 0.953 0.00387 0.00638 
283 2 0.00912 0.0272 0.953 0.00387 0.00637 
284 2 0.00912 0.0272 0.953 0.00386 0.00637 
285 2 0.00911 0.0273 0.953 0.00386 0.00636 
286 2 0.00911 0.0273 0.953 0.00386 0.00636 
287 2 0.0091 0.0273 0.953 0.00385 0.00635 
288 2 0.0091 0.0274 0.953 0.00385 0.00635 
289 2 0.00909 0.0274 0.953 0.00384 0.00634 
290 2 0.00909 0.0275 0.953 0.00384 0.00634 
291 2 0.00908 0.0275 0.953 0.00384 0.00633 
292 2 0.00908 0.0276 0.953 0.00383 0.00633 
293 2 0.00907 0.0276 0.953 0.00383 0.00632 
294 2 0.00907 0.0277 0.953 0.00383 0.00632 
295 2 0.00907 0.0277 0.953 0.00382 0.00631 
296 2 0.00906 0.0278 0.953 0.00382 0.00631 
297 2 0.00906 0.0278 0.953 0.00382 0.0063 
298 2 0.00905 0.0279 0.953 0.00381 0.0063 
299 2 0.00905 0.0279 0.953 0.00381 0.0063 
300 2 0.00905 0.028 0.953 0.00381 0.00629 
301 2 0.00904 0.028 0.953 0.0038 0.00629 
302 2 0.00904 0.0281 0.953 0.0038 0.00628 
303 2 0.00904 0.0281 0.953 0.0038 0.00628 
304 2 0.00903 0.0282 0.953 0.00379 0.00628 
305 2 0.00903 0.0282 0.953 0.00379 0.00627 
306 2 0.00903 0.0283 0.953 0.00379 0.00627 
307 2 0.00903 0.0283 0.953 0.00378 0.00626 
308 2 0.00902 0.0284 0.953 0.00378 0.00626 
309 2 0.00902 0.0285 0.952 0.00378 0.00626 
310 2 0.00902 0.0285 0.952 0.00377 0.00625 
311 2 0.00902 0.0286 0.952 0.00377 0.00625 
312 2 0.00901 0.0286 0.952 0.00377 0.00625 
313 2 0.00901 0.0287 0.952 0.00377 0.00624 
314 2 0.00901 0.0287 0.952 0.00376 0.00624 
315 2 0.00901 0.0288 0.952 0.00376 0.00624 
316 2 0.00901 0.0289 0.952 0.00376 0.00623 
317 2 0.00901 0.0289 0.952 0.00375 0.00623 
318 2 0.009 0.029 0.952 0.00375 0.00623 
319 2 0.009 0.0291 0.952 0.00375 0.00623 
320 2 0.009 0.0291 0.952 0.00375 0.00622 
321 2 0.009 0.0292 0.952 0.00374 0.00622 
322 2 0.009 0.0292 0.952 0.00374 0.00622 
323 2 0.009 0.0293 0.952 0.00374 0.00622 
324 2 0.009 0.0294 0.952 0.00374 0.00621 
325 2 0.009 0.0294 0.952 0.00374 0.00621 
326 2 0.00899 0.0295 0.952 0.00373 0.00621 
327 2 0.00899 0.0296 0.951 0.00373 0.00621 
328 2 0.00899 0.0296 0.951 0.00373 0.0062 
329 2 0.00899 0.0297 0.951 0.00373 0.0062 
330 2 0.00899 0.0298 0.951 0.00372 0.0062 
331 2 0.00899 0.0299 0.951 0.00372 0.0062 
332 2 0.00899 0.0299 0.951 0.00372 0.00619 
333 2 0.00899 0.03 0.951 0.00372 0.00619 
334 2 0.00899 0.0301 0.951 0.00372 0.00619 
335 2 0.00899 0.0301 0.951 0.00371 0.00619 
336 2 0.00899 0.0302 0.951 0.00371 0.00619 
337 2 0.00899 0.0303 0.951 0.00371 0.00619 
338 2 0.00899 0.0304 0.951 0.00371 0.00618 
339 2 0.00899 0.0304 0.951 0.00371 0.00618 
340 2 0.00899 0.0305 0.951 0.0037 0.00618 
341 2 0.00899 0.0306 0.951 0.0037 0.00618 
342 2 0.00899 0.0307 0.95 0.0037 0.00618 
343 2 0.00899 0.0307 0.95 0.0037 0.00618 
344 2 0.00899 0.0308 0.95 0.0037 0.00617 
345 2 0.009 0.0309 0.95 0.0037 0.00617 
346 2 0.009 0.031 0.95 0.00369 0.00617 
347 2 0.009 0.031 0.95 0.00369 0.00617 
348 2 0.009 0.0311 0.95 0.00369 0.00617 
349 2 0.009 0.0312 0.95 0.00369 0.00617 
350 2 0.009 0.0313 0.95 0.00369 0.00617 
351 2 0.009 0.0314 0.95 0.00369 0.00617 
352 2 0.009 0.0315 0.95 0.00368 0.00616 
353 2 0.009 0.0315 0.95 0.00368 0.00616 
354 2 0.00901 0.0316 0.95 0.00368 0.00616 
355 2 0.00901 0.0317 0.949 0.00368 0.00616 
356 2 0.00901 0.0318 0.949 0.00368 0.00616 
357 2 0.00901 0.0319 0.949 0.00368 0.00616 
358 2 0.00901 0.032 0.949 0.00368 0.00616 
359 2 0.00901 0.0321 0.949 0.00367 0.00616 
360 2 0.00902 0.0321 0.949 0.00367 0.00616 
361 2 0.00902 0.0322 0.949 0.00367 0.00616 
362 2 0.00902 0.0323 0.949 0.00367 0.00616 
363 2 0.00902 0.0324 0.949 0.00367 0.00616 
364 2 0.00902 0.0325 0.949 0.00367 0.00616 
365 2 0.00903 0.0326 0.949 0.00367 0.00615 
366 2 0.00903 0.0327 0.948 0.00367 0.00615 
367 2 0.00903 0.0328 0.948 0.00366 0.00615 
368 2 0.00903 0.0329 0.948 0.00366 0.00615 
369 2 0.00904 0.033 0.948 0.00366 0.00615 
370 2 0.00904 0.0331 0.948 0.00366 0.00615 
371 2 0.00904 0.0332 0.948 0.00366 0.00615 
372 2 0.00904 0.0333 0.948 0.00366 0.00615 
373 2 0.00905 0.0334 0.948 0.00366 0.00615 
374 2 0.00905 0.0334 0.948 0.00366 0.00615 
375 2 0.00905 0.0335 0.948 0.00366 0.00615 
376 2 0.00906 0.0336 0.947 0.00366 0.00615 
377 2 0.00906 0.0337 0.947 0.00365 0.00615 
378 2 0.00906 0.0338 0.947 0.00365 0.00615 
379 2 0.00906 0.034 0.947 0.00365 0.00615 
380 2 0.00911 0.0342 0.947 0.00366 0.00618 
381 2 0.00915 0.0344 0.947 0.00367 0.0062 
382 2 0.00919 0.0346 0.946 0.00368 0.00622 
383 2 0.00923 0.0347 0.946 0.00369 0.00624 
384 2 0.00926 0.0349 0.946 0.0037 0.00625 
385 2 0.0093 0.0351 0.946 0.00371 0.00627 
386 2 0.00933 0.0352 0.945 0.00372 0.00628 
387 2 0.00936 0.0353 0.945 0.00372 0.0063 
388 2 0.00939 0.0355 0.945 0.00373 0.00631 
389 2 0.00942 0.0356 0.945 0.00373 0.00632 
390 2 0.00945 0.0358 0.945 0.00374 0.00634 
391 2 0.00948 0.0359 0.945 0.00375 0.00635 
392 2 0.00951 0.036 0.944 0.00375 0.00636 
393 2 0.00954 0.0362 0.944 0.00376 0.00638 
394 2 0.00957 0.0363 0.944 0.00376 0.00639 
395 2 0.0096 0.0364 0.944 0.00377 0.0064 
396 2 0.00963 0.0366 0.944 0.00378 0.00642 
397 2 0.00966 0.0367 0.943 0.00378 0.00643 
398 2 0.00969 0.0369 0.943 0.00379 0.00644 
399 2 0.00972 0.037 0.943 0.00379 0.00646 
400 2 0.00975 0.0371 0.943 0.0038 0.00647 
401 2 0.00978 0.0373 0.943 0.00381 0.00648 
402 2 0.00981 0.0374 0.942 0.00381 0.0065 
403 2 0.00985 0.0376 0.942 0.00382 0.00651 
404 2 0.00988 0.0377 0.942 0.00382 0.00652 
405 2 0.00991 0.0379 0.942 0.00383 0.00654 
406 2 0.00994 0.038 0.942 0.00384 0.00655 
407 2 0.00998 0.0382 0.941 0.00384 0.00657 
408 2 0.01 0.0383 0.941 0.00385 0.00658 
409 2 0.01 0.0385 0.941 0.00386 0.0066 
410 2 0.0101 0.0387 0.941 0.00386 0.00661 
411 2 0.0101 0.0388 0.941 0.00387 0.00662 
412 2 0.0101 0.039 0.94 0.00388 0.00664 
413 2 0.0102 0.0392 0.94 0.00388 0.00665 
414 2 0.0103 0.0396 0.939 0.00392 0.00673 
415 2 0.0104 0.0398 0.939 0.00393 0.00675 
416 2 0.0104 0.0399 0.939 0.00393 0.00676 
417 2 0.0105 0.0403 0.938 0.00397 0.00683 
418 2 0.0106 0.0405 0.938 0.00397 0.00684 
419 2 0.0107 0.0409 0.938 0.00401 0.00691 
420 2 0.0107 0.041 0.937 0.00401 0.00692 
421 2 0.0109 0.0414 0.937 0.00405 0.00699 
422 2 0.0109 0.0415 0.937 0.00405 0.00699 
423 2 0.0109 0.0416 0.936 0.00404 0.00699 
424 2 0.011 0.042 0.936 0.00408 0.00706 
425 2 0.011 0.0421 0.936 0.00408 0.00706 
426 2 0.0112 0.0425 0.935 0.00411 0.00712 
427 2 0.0112 0.0425 0.935 0.0041 0.00712 
428 2 0.0113 0.0429 0.934 0.00414 0.00718 
429 2 0.0113 0.043 0.934 0.00413 0.00717 
430 2 0.0114 0.0434 0.934 0.00416 0.00723 
431 2 0.0114 0.0434 0.934 0.00415 0.00721 
432 2 0.0115 0.0438 0.933 0.00418 0.00728 
433 2 0.0115 0.0438 0.933 0.00417 0.00726 
434 2 0.0116 0.0443 0.933 0.0042 0.00732 
435 2 0.0116 0.0443 0.933 0.00419 0.00729 
436 2 0.0117 0.0447 0.932 0.00422 0.00735 
437 2 0.0117 0.0448 0.932 0.00421 0.00733 
438 2 0.0118 0.0452 0.931 0.00424 0.00739 
439 2 0.0119 0.0457 0.931 0.00426 0.00745 
440 2 0.012 0.046 0.93 0.00429 0.00749 
441 2 0.0121 0.0464 0.93 0.00431 0.00754 
442 2 0.0122 0.0467 0.929 0.00433 0.00758 
443 2 0.0123 0.047 0.929 0.00435 0.00762 
444 2 0.0124 0.0472 0.928 0.00436 0.00765 
445 2 0.0125 0.0475 0.928 0.00438 0.00769 
446 2 0.0126 0.0478 0.927 0.0044 0.00772 
447 2 0.0127 0.0481 0.927 0.00441 0.00776 
448 2 0.0128 0.0484 0.927 0.00443 0.00779 
449 2 0.0129 0.0487 0.926 0.00445 0.00783 
450 2 0.0129 0.049 0.926 0.00446 0.00786 
451 2 0.013 0.0493 0.925 0.00448 0.0079 
452 2 0.0131 0.0496 0.925 0.0045 0.00793 
453 2 0.0132 0.0499 0.924 0.00451 0.00796 
454 2 0.0133 0.0502 0.924 0.00453 0.008 
455 2 0.0134 0.0505 0.924 0.00455 0.00803 
456 2 0.0135 0.0508 0.923 0.00456 0.00807 
457 2 0.0135 0.0512 0.923 0.00458 0.0081 
458 2 0.0136 0.0515 0.922 0.0046 0.00814 
459 2 0.0137 0.0519 0.922 0.00462 0.00818 
460 2 0.0138 0.0523 0.921 0.00463 0.00822 
461 2 0.0139 0.0527 0.92 0.00465 0.00826 
462 2 0.0141 0.0531 0.92 0.00468 0.00831 
463 2 0.0142 0.0536 0.919 0.0047 0.00837 
464 2 0.0143 0.054 0.918 0.00474 0.00843 
465 2 0.0145 0.0545 0.918 0.00476 0.00848 
466 2 0.0146 0.0549 0.917 0.00479 0.00854 
467 2 0.0147 0.0554 0.916 0.00481 0.00859 
468 2 0.0149 0.0558 0.916 0.00484 0.00865 
469 2 0.015 0.0563 0.915 0.00487 0.00871 
470 2 0.0151 0.0567 0.915 0.00489 0.00876 
471 2 0.0153 0.0572 0.914 0.00492 0.00882 
472 2 0.0154 0.0577 0.913 0.00495 0.00888 
473 2 0.0156 0.0581 0.912 0.00498 0.00894 
474 2 0.0158 0.0587 0.912 0.00501 0.009 
475 2 0.0159 0.0591 0.911 0.00504 0.00906 
476 2 0.0161 0.0597 0.91 0.00507 0.00913 
477 2 0.0162 0.0602 0.909 0.0051 0.00919 
478 2 0.0164 0.0607 0.909 0.00513 0.00926 
479 2 0.0166 0.0613 0.908 0.00516 0.00933 
480 2 0.0167 0.0619 0.907 0.00519 0.0094 
481 2 0.0169 0.0625 0.906 0.00523 0.00947 
482 2 0.0171 0.063 0.905 0.00526 0.00954 
483 2 0.0173 0.0637 0.904 0.0053 0.00961 
484 2 0.0175 0.0643 0.903 0.00533 0.00968 
485 2 0.0177 0.0649 0.902 0.00537 0.00976 
486 2 0.0179 0.0656 0.901 0.0054 0.00984 
487 2 0.0181 0.0663 0.9 0.00544 0.00991 
488 2 0.0183 0.0669 0.899 0.00548 0.00999 
489 2 0.0185 0.0677 0.898 0.00552 0.0101 
490 2 0.0187 0.0684 0.897 0.00555 0.0102 
491 2 0.0189 0.0692 0.896 0.0056 0.0102 
492 2 0.0192 0.07 0.895 0.00564 0.0103 
493 2 0.0194 0.0708 0.894 0.00568 0.0104 
494 2 0.0197 0.0716 0.892 0.00573 0.0105 
495 2 0.0199 0.0725 0.891 0.00578 0.0106 
496 2 0.0202 0.0733 0.89 0.00582 0.0107 
497 2 0.0204 0.0742 0.889 0.00587 0.0108 
498 2 0.0207 0.0751 0.887 0.00591 0.0109 
499 2 0.021 0.076 0.886 0.00596 0.011 
500 2 0.0212 0.0769 0.885 0.006 0.0111 
501 2 0.0215 0.0778 0.883 0.00605 0.0112 
502 2 0.0218 0.0788 0.882 0.0061 0.0113 
503 2 0.0221 0.0798 0.881 0.00614 0.0114 
504 2 0.0223 0.0807 0.879 0.00619 0.0115 
505 2 0.0226 0.0818 0.878 0.00624 0.0116 
506 2 0.0229 0.0828 0.876 0.00629 0.0117 
507 2 0.0232 0.0839 0.875 0.00634 0.0118 
508 2 0.0236 0.085 0.873 0.00639 0.0119 
509 2 0.0239 0.0862 0.871 0.00645 0.0121 
510 2 0.0242 0.0874 0.87 0.00651 0.0122 
511 2 0.0246 0.0885 0.868 0.00656 0.0123 
512 2 0.0249 0.0898 0.866 0.00662 0.0124 
513 2 0.0253 0.091 0.864 0.00667 0.0125 
514 2 0.0257 0.0924 0.863 0.00673 0.0127 
515 2 0.026 0.0937 0.861 0.00679 0.0128 
516 2 0.0264 0.0951 0.859 0.00685 0.0129 
517 2 0.0268 0.0965 0.857 0.00691 0.013 
518 2 0.0272 0.0979 0.855 0.00698 0.0132 
519 2 0.0276 0.0993 0.853 0.00703 0.0133 
520 2 0.028 0.101 0.851 0.0071 0.0134 
521 2 0.0284 0.102 0.849 0.00716 0.0136 
522 2 0.0289 0.104 0.846 0.00723 0.0137 
523 2 0.0294 0.106 0.844 0.00729 0.0139 
524 2 0.0298 0.107 0.842 0.00735 0.014 
525 2 0.0303 0.109 0.839 0.00743 0.0141 
526 2 0.0307 0.11 0.837 0.00749 0.0143 
527 2 0.0312 0.112 0.835 0.00755 0.0144 
528 2 0.0317 0.114 0.832 0.00763 0.0146 
529 2 0.0322 0.116 0.83 0.0077 0.0147 
530 2 0.0327 0.118 0.827 0.00777 0.0149 
531 2 0.0332 0.119 0.825 0.00783 0.015 
532 2 0.0338 0.121 0.822 0.00791 0.0152 
533 2 0.0343 0.123 0.819 0.00799 0.0154 
534 2 0.0349 0.125 0.816 0.00806 0.0155 
535 2 0.0355 0.127 0.813 0.00814 0.0157 
536 2 0.0361 0.13 0.81 0.00821 0.0159 
537 2 0.0367 0.132 0.807 0.00829 0.016 
538 2 0.0373 0.134 0.804 0.00836 0.0162 
539 2 0.038 0.136 0.801 0.00845 0.0164 
540 2 0.0387 0.139 0.798 0.00853 0.0166 
541 2 0.0394 0.141 0.794 0.00862 0.0168 
542 2 0.0402 0.144 0.791 0.00871 0.0169 
543 2 0.0409 0.146 0.787 0.00879 0.0171 
544 2 0.0417 0.149 0.783 0.00888 0.0173 
545 2 0.0425 0.151 0.78 0.00897 0.0175 
546 2 0.0433 0.154 0.776 0.00906 0.0177 
547 2 0.0442 0.157 0.772 0.00916 0.018 
548 2 0.0451 0.16 0.767 0.00926 0.0182 
549 2 0.0461 0.163 0.763 0.00936 0.0184 
550 2 0.0471 0.166 0.759 0.00947 0.0187 
551 2 0.0481 0.169 0.754 0.00958 0.0189 
552 2 0.0491 0.172 0.75 0.00967 0.0191 
553 2 0.0501 0.175 0.746 0.00977 0.0194 
554 2 0.0512 0.178 0.741 0.00988 0.0196 
555 2 0.0523 0.182 0.736 0.00998 0.0198 
556 2 0.0534 0.185 0.731 0.0101 0.0201 
557 2 0.0548 0.189 0.726 0.0102 0.0204 
558 2 0.0564 0.192 0.72 0.0104 0.0207 
559 2 0.0577 0.196 0.715 0.0105 0.021 
560 2 0.0591 0.199 0.71 0.0106 0.0213 
561 2 0.0603 0.203 0.705 0.0107 0.0215 
562 2 0.0613 0.206 0.7 0.0108 0.0217 
563 2 0.0624 0.209 0.695 0.0109 0.0219 
564 2 0.0635 0.213 0.69 0.011 0.0221 
565 2 0.0647 0.217 0.685 0.0111 0.0224 
566 2 0.0661 0.221 0.679 0.0112 0.0226 
567 2 0.0673 0.224 0.674 0.0112 0.0229 
568 2 0.0687 0.228 0.668 0.0113 0.0231 
569 2 0.0701 0.232 0.663 0.0114 0.0234 
570 2 0.0718 0.237 0.656 0.0115 0.0237 
571 2 0.0732 0.241 0.651 0.0116 0.0239 
572 2 0.0749 0.245 0.644 0.0117 0.0242 
573 2 0.0766 0.249 0.638 0.0119 0.0245 
574 2 0.0785 0.253 0.631 0.012 0.0248 
575 2 0.0805 0.257 0.625 0.0121 0.0251 
576 2 0.0826 0.262 0.618 0.0122 0.0255 
577 2 0.0849 0.266 0.611 0.0123 0.0258 
578 2 0.0875 0.27 0.604 0.0125 0.0262 
579 2 0.0899 0.274 0.597 0.0126 0.0266 
580 2 0.0924 0.278 0.59 0.0127 0.027 
581 2 0.0952 0.282 0.582 0.0128 0.0274 
582 2 0.0983 0.286 0.575 0.013 0.0278 
583 2 0.101 0.29 0.568 0.013 0.0281 
584 2 0.102 0.293 0.564 0.0131 0.0283 
585 2 0.103 0.297 0.559 0.0131 0.0284 
586 2 0.103 0.3 0.555 0.0131 0.0285 
587 2 0.103 0.303 0.553 0.013 0.0283 
588 2 0.103 0.307 0.549 0.0129 0.0283 
589 2 0.103 0.312 0.545 0.0129 0.0283 
590 2 0.103 0.316 0.54 0.0128 0.0283 
591 2 0.103 0.32 0.536 0.0128 0.0283 
592 2 0.103 0.324 0.531 0.0128 0.0283 
593 2 0.104 0.329 0.526 0.0127 0.0284 
594 2 0.104 0.333 0.522 0.0127 0.0284 
595 2 0.105 0.338 0.517 0.0127 0.0285 
596 2 0.105 0.342 0.512 0.0126 0.0286 
597 2 0.106 0.346 0.507 0.0126 0.0287 
598 2 0.106 0.35 0.502 0.0126 0.0287 
599 2 0.107 0.354 0.497 0.0126 0.0288 
600 2 0.107 0.358 0.493 0.0126 0.0289 
601 2 0.108 0.362 0.488 0.0125 0.029 
602 2 0.109 0.366 0.483 0.0125 0.0291 
603 2 0.109 0.37 0.479 0.0125 0.0293 
604 2 0.11 0.374 0.474 0.0125 0.0294 
605 2 0.111 0.378 0.47 0.0124 0.0295 
606 2 0.111 0.382 0.465 0.0124 0.0296 
607 2 0.112 0.385 0.461 0.0124 0.0297 
608 2 0.113 0.389 0.456 0.0123 0.0298 
609 2 0.113 0.392 0.452 0.0123 0.03 
610 2 0.113 0.396 0.449 0.0123 0.0299 
611 2 0.113 0.4 0.445 0.0122 0.0299 
612 2 0.112 0.404 0.442 0.0121 0.0299 
613 2 0.112 0.408 0.438 0.0121 0.0299 
614 2 0.112 0.412 0.435 0.012 0.0299 
615 2 0.111 0.415 0.431 0.0119 0.03 
616 2 0.111 0.419 0.428 0.0119 0.03 
617 2 0.111 0.423 0.424 0.0118 0.03 
618 1 0.111 0.426 0.421 0.0118 0.0301 
619 1 0.111 0.43 0.417 0.0117 0.0301 
620 1 0.111 0.433 0.414 0.0117 0.0302 
621 1 0.112 0.436 0.41 0.0116 0.0302 
622 1 0.112 0.44 0.407 0.0116 0.0303 
623 1 0.112 0.443 0.403 0.0115 0.0304 
624 1 0.113 0.446 0.399 0.0115 0.0305 
625 1 0.113 0.449 0.396 0.0115 0.0306 
626 1 0.114 0.451 0.392 0.0114 0.0308 
627 1 0.115 0.454 0.388 0.0114 0.0309 
628 1 0.117 0.456 0.385 0.0114 0.0311 
629 1 0.118 0.458 0.381 0.0114 0.0313 
630 1 0.12 0.46 0.377 0.0114 0.0315 
631 1 0.123 0.461 0.373 0.0114 0.0317 
632 1 0.126 0.462 0.369 0.0114 0.032 
633 1 0.13 0.462 0.365 0.0114 0.0323 
634 1 0.134 0.461 0.36 0.0115 0.0327 
635 1 0.14 0.46 0.356 0.0115 0.033 
636 1 0.147 0.457 0.351 0.0116 0.0334 
637 1 0.154 0.455 0.346 0.0116 0.0339 
638 1 0.163 0.451 0.341 0.0117 0.0343 
639 1 0.172 0.446 0.335 0.0118 0.0348 
640 1 0.183 0.441 0.329 0.0118 0.0352 
641 1 0.194 0.435 0.323 0.0119 0.0357 
642 1 0.205 0.43 0.318 0.0119 0.036 
643 1 0.216 0.424 0.312 0.012 0.0363 
644 1 0.226 0.419 0.306 0.012 0.0366 
645 1 0.237 0.414 0.301 0.012 0.0368 
646 1 0.246 0.409 0.296 0.012 0.037 
647 1 0.255 0.405 0.291 0.0119 0.0372 
648 1 0.264 0.401 0.286 0.0119 0.0374 
649 1 0.273 0.396 0.281 0.0119 0.0376 
650 1 0.281 0.392 0.277 0.0118 0.0378 
651 1 0.29 0.388 0.272 0.0118 0.038 
652 1 0.299 0.383 0.268 0.0118 0.0381 
653 1 0.308 0.379 0.263 0.0117 0.0383 
654 1 0.317 0.374 0.259 0.0117 0.0384 
655 1 0.327 0.369 0.254 0.0116 0.0385 
656 1 0.337 0.364 0.249 0.0116 0.0387 
657 1 0.347 0.358 0.245 0.0115 0.0388 
658 0 0.358 0.352 0.24 0.0114 0.0389 
659 0 0.369 0.345 0.235 0.0114 0.0389 
660 0 0.382 0.338 0.23 0.0113 0.039 
661 0 0.395 0.331 0.224 0.0112 0.039 
662 0 0.41 0.322 0.218 0.0111 0.0389 
663 0 0.427 0.312 0.212 0.0109 0.0387 
664 0 0.444 0.302 0.205 0.0108 0.0385 
665 0 0.462 0.291 0.198 0.0107 0.0382 
666 0 0.479 0.281 0.191 0.0105 0.0379 
667 0 0.496 0.271 0.185 0.0103 0.0376 
668 0 0.512 0.262 0.179 0.0102 0.0373 
669 0 0.527 0.253 0.173 0.01 0.0369 
670 0 0.542 0.244 0.167 0.00983 0.0365 
671 0 0.557 0.235 0.162 0.00965 0.0361 
672 0 0.572 0.227 0.156 0.00948 0.0357 
673 0 0.586 0.219 0.151 0.0093 0.0353 
674 0 0.6 0.211 0.145 0.00911 0.0348 
675 0 0.614 0.203 0.14 0.00893 0.0343 
676 0 0.627 0.195 0.135 0.00874 0.0338 
677 0 0.641 0.187 0.13 0.00855 0.0333 
678 0 0.654 0.18 0.125 0.00835 0.0327 
679 0 0.667 0.172 0.12 0.00815 0.0321 
680 0 0.681 0.164 0.115 0.00794 0.0314 
681 0 0.697 0.155 0.109 0.00769 0.0306 
682 0 0.714 0.146 0.103 0.00741 0.0296 
683 0 0.732 0.136 0.0968 0.00711 0.0285 
684 0 0.748 0.127 0.091 0.00683 0.0274 
685 0 0.761 0.119 0.0861 0.00658 0.0265 
686 0 0.771 0.114 0.0825 0.0064 0.0258 
687 0 0.778 0.11 0.0798 0.00626 0.0254 
688 0 0.785 0.107 0.0774 0.00614 0.025 
689 0 0.79 0.104 0.0752 0.00602 0.0246 
690 0 0.796 0.101 0.0732 0.00591 0.0243 
691 0 0.801 0.0978 0.0711 0.0058 0.024 
692 0 0.806 0.095 0.0692 0.0057 0.0236 
693 0 0.811 0.0925 0.0674 0.0056 0.0233 
694 0 0.816 0.0901 0.0657 0.0055 0.0231 
695 0 0.82 0.0879 0.0642 0.00542 0.0228 
696 0 0.823 0.086 0.0628 0.00534 0.0226 
697 0 0.827 0.0842 0.0615 0.00526 0.0224 
698 0 0.83 0.0825 0.0603 0.0052 0.0222 
699 0 0.833 0.081 0.0592 0.00513 0.0221 
700 0 0.835 0.0796 0.0582 0.00507 0.0219 
701 0 0.838 0.0783 0.0572 0.00502 0.0218 
702 0 0.84 0.0771 0.0563 0.00497 0.0217 
703 0 0.842 0.076 0.0555 0.00492 0.0216 
704 0 0.844 0.0749 0.0547 0.00487 0.0215 
705 0 0.846 0.0739 0.0539 0.00483 0.0215 
706 0 0.848 0.0729 0.0532 0.00479 0.0214 
707 0 0.849 0.0721 0.0526 0.00476 0.0214 
708 0 0.851 0.0712 0.0519 0.00472 0.0213 
709 0 0.852 0.0704 0.0513 0.00469 0.0213 
710 0 0.854 0.0696 0.0507 0.00465 0.0213 
711 0 0.855 0.0689 0.0501 0.00463 0.0213 
712 0 0.856 0.0682 0.0496 0.0046 0.0213 
713 0 0.858 0.0675 0.0491 0.00457 0.0214 
714 0 0.859 0.0669 0.0486 0.00455 0.0214 
715 0 0.86 0.0663 0.0481 0.00452 0.0214 
716 0 0.861 0.0657 0.0476 0.0045 0.0214 
717 0 0.862 0.0652 0.0472 0.00448 0.0215 
718 0 0.863 0.0647 0.0468 0.00446 0.0215 
719 0 0.863 0.0642 0.0464 0.00444 0.0215 
720 0 0.864 0.0637 0.046 0.00442 0.0216 
721 0 0.865 0.0633 0.0457 0.0044 0.0216 
722 0 0.866 0.0629 0.0453 0.00438 0.0217 
723 0 0.866 0.0625 0.045 0.00437 0.0218 
724 0 0.867 0.0621 0.0447 0.00435 0.0218 
725 0 0.868 0.0617 0.0444 0.00434 0.0219 
726 0 0.868 0.0614 0.0441 0.00433 0.022 
727 0 0.869 0.0611 0.0438 0.00431 0.0221 
728 0 0.869 0.0607 0.0435 0.0043 0.0221 
729 0 0.87 0.0604 0.0433 0.00429 0.0222 
730 0 0.87 0.0602 0.043 0.00428 0.0223 
731 0 0.871 0.0599 0.0428 0.00427 0.0224 
732 0 0.871 0.0596 0.0425 0.00426 0.0225 
733 0 0.872 0.0594 0.0423 0.00425 0.0226 
734 0 0.872 0.0591 0.0421 0.00424 0.0227 
735 0 0.872 0.0589 0.0419 0.00423 0.0228 
736 0 0.873 0.0587 0.0417 0.00422 0.0229 
737 0 0.873 0.0585 0.0415 0.00421 0.023 
738 0 0.873 0.0583 0.0413 0.00421 0.0231 
739 0 0.873 0.0581 0.0411 0.0042 0.0232 
740 0 0.874 0.058 0.0409 0.00419 0.0233 
741 0 0.874 0.0578 0.0408 0.00419 0.0234 
742 0 0.874 0.0576 0.0406 0.00418 0.0236 
743 0 0.874 0.0575 0.0404 0.00417 0.0237 
744 0 0.874 0.0573 0.0403 0.00417 0.0238 
745 0 0.875 0.0572 0.0401 0.00416 0.0239 
746 0 0.875 0.0571 0.04 0.00416 0.0241 
747 0 0.875 0.057 0.0399 0.00416 0.0242 
748 0 0.875 0.0569 0.0397 0.00415 0.0243 
749 0 0.875 0.0568 0.0396 0.00415 0.0245 
750 0 0.875 0.0567 0.0395 0.00414 0.0246 
751 0 0.875 0.0566 0.0394 0.00414 0.0247 
752 0 0.875 0.0565 0.0393 0.00414 0.0249 
753 0 0.875 0.0564 0.0392 0.00414 0.025 
754 0 0.875 0.0564 0.0391 0.00415 0.0253 
755 0 0.875 0.0564 0.039 0.00415 0.0255 
756 0 0.875 0.0564 0.039 0.00415 0.0256 
757 0 0.875 0.0564 0.0389 0.00416 0.0259 
758 0 0.875 0.0564 0.0388 0.00416 0.0261 
759 0 0.874 0.0564 0.0388 0.00417 0.0264 
760 0 0.874 0.0564 0.0387 0.00417 0.0266 
761 0 0.874 0.0564 0.0386 0.00417 0.0267 
762 0 0.874 0.0564 0.0386 0.00418 0.027 
763 0 0.874 0.0564 0.0385 0.00418 0.0272 
764 0 0.874 0.0564 0.0384 0.00418 0.0273 
765 0 0.873 0.0565 0.0384 0.00419 0.0276 
766 0 0.873 0.0564 0.0383 0.00419 0.0278 
767 0 0.873 0.0565 0.0383 0.0042 0.0281 
768 0 0.873 0.0564 0.0382 0.00419 0.0283 
769 0 0.872 0.0566 0.0382 0.00421 0.0286 
770 0 0.872 0.0565 0.0381 0.0042 0.0287 
771 0 0.872 0.0566 0.0381 0.00422 0.0291 
772 0 0.872 0.0565 0.038 0.00421 0.0292 
773 0 0.872 0.0566 0.038 0.00421 0.0294 
774 0 0.871 0.0568 0.038 0.00423 0.0298 
775 0 0.871 0.0567 0.0379 0.00422 0.0299 
776 0 0.87 0.0571 0.038 0.00424 0.0304 
777 0 0.87 0.057 0.038 0.00423 0.0305 
778 0 0.869 0.0574 0.0381 0.00426 0.031 
779 0 0.869 0.0575 0.0381 0.00427 0.0314 
780 0 0.869 0.0575 0.038 0.00427 0.0315 
781 0 0.868 0.0579 0.0382 0.00429 0.032 
782 0 0.867 0.058 0.0382 0.0043 0.0323 
783 0 0.867 0.0582 0.0382 0.00431 0.0327 
784 0 0.866 0.0583 0.0382 0.00432 0.033 
785 0 0.866 0.0584 0.0382 0.00433 0.0334 
786 0 0.865 0.0586 0.0382 0.00434 0.0338 
787 0 0.864 0.0587 0.0383 0.00435 0.0342 
788 0 0.864 0.0589 0.0383 0.00436 0.0346 
789 0 0.863 0.0591 0.0383 0.00438 0.035 
790 0 0.862 0.0593 0.0384 0.00439 0.0355 
791 0 0.862 0.0595 0.0384 0.00441 0.036 
792 0 0.861 0.0598 0.0385 0.00442 0.0364 
793 0 0.86 0.06 0.0386 0.00444 0.0369 
794 0 0.859 0.0603 0.0387 0.00446 0.0374 
795 0 0.858 0.0606 0.0388 0.00447 0.038 
796 0 0.857 0.0609 0.0389 0.00449 0.0385 
797 0 0.856 0.0612 0.039 0.00451 0.0391 
798 0 0.855 0.0616 0.0391 0.00453 0.0397 
799 0 0.854 0.0619 0.0393 0.00455 0.0403 
800 0 0.853 0.0623 0.0394 0.00458 0.0409 
801 0 0.852 0.0627 0.0396 0.0046 0.0416 
802 0 0.85 0.0631 0.0397 0.00462 0.0422 
803 0 0.849 0.0635 0.0399 0.00465 0.043 
804 0 0.848 0.064 0.0401 0.00467 0.0437 
805 0 0.846 0.0645 0.0403 0.0047 0.0444 
806 0 0.845 0.0649 0.0405 0.00472 0.0452 
807 0 0.843 0.0655 0.0407 0.00475 0.046 
808 0 0.841 0.066 0.0409 0.00478 0.0468 
809 0 0.84 0.0665 0.0412 0.00481 0.0477 
810 0 0.838 0.0671 0.0414 0.00484 0.0487 
811 0 0.836 0.0677 0.0417 0.00488 0.0496 
812 0 0.834 0.0683 0.0419 0.00491 0.0506 
813 0 0.832 0.0688 0.0422 0.00494 0.0517 
814 0 0.83 0.0694 0.0424 0.00498 0.0527 
815 0 0.828 0.07 0.0427 0.00501 0.0538 
816 0 0.827 0.0705 0.0429 0.00505 0.055 
817 0 0.825 0.071 0.0431 0.00508 0.0561 
818 0 0.823 0.0715 0.0433 0.00512 0.0573 
819 0 0.821 0.0719 0.0435 0.00515 0.0585 
820 0 0.819 0.0723 0.0436 0.00518 0.0597 
821 0 0.817 0.0727 0.0438 0.00521 0.0609 
822 0 0.816 0.0731 0.0439 0.00524 0.0622 
823 0 0.814 0.0735 0.0441 0.00527 0.0635 
824 0 0.812 0.0738 0.0442 0.0053 0.0648 
825 0 0.81 0.0741 0.0443 0.00533 0.0661 
826 0 0.808 0.0744 0.0444 0.00537 0.0676 
827 0 0.806 0.0747 0.0445 0.0054 0.069 
828 0 0.805 0.0749 0.0446 0.00543 0.0704 
829 0 0.803 0.0752 0.0447 0.00546 0.0719 
830 0 0.801 0.0756 0.0448 0.00549 0.0735 
831 0 0.799 0.0759 0.0449 0.00552 0.0751 
832 0 0.797 0.0762 0.045 0.00555 0.0768 
833 0 0.794 0.0765 0.0451 0.00559 0.0785 
834 0 0.792 0.0768 0.0452 0.00562 0.0803 
835 0 0.79 0.0772 0.0453 0.00566 0.0822 
836 0 0.787 0.0775 0.0454 0.00569 0.0842 
837 0 0.785 0.0779 0.0456 0.00573 0.0862 
838 0 0.782 0.0783 0.0457 0.00577 0.0883 
839 0 0.779 0.0787 0.0459 0.00581 0.0905 
840 0 0.776 0.0791 0.046 0.00585 0.0928 
841 0 0.773 0.0796 0.0462 0.00589 0.0953 
842 0 0.77 0.08 0.0464 0.00593 0.0978 
843 0 0.767 0.0805 0.0465 0.00598 0.1 
844 0 0.763 0.081 0.0467 0.00602 0.103 
845 0 0.759 0.0816 0.047 0.00607 0.106 
846 0 0.755 0.0822 0.0472 0.00612 0.109 
847 0 0.751 0.0828 0.0475 0.00617 0.113 
848 0 0.747 0.0835 0.0477 0.00622 0.116 
849 0 0.742 0.0841 0.048 0.00627 0.12 
850 0 0.737 0.0849 0.0483 0.00633 0.124 
851 0 0.732 0.0856 0.0486 0.00639 0.128 
852 0 0.726 0.0864 0.049 0.00645 0.132 
853 0 0.72 0.0872 0.0493 0.00651 0.137 
854 0 0.714 0.0881 0.0497 0.00658 0.142 
855 0 0.707 0.089 0.0501 0.00664 0.147 
856 0 0.7 0.0899 0.0505 0.00671 0.153 
857 0 0.692 0.0908 0.0509 0.00678 0.159 
858 0 0.684 0.0918 0.0513 0.00685 0.166 
859 0 0.676 0.0927 0.0517 0.00692 0.173 
860 0 0.667 0.0937 0.0522 0.00699 0.18 
861 0 0.657 0.0947 0.0526 0.00707 0.188 
862 0 0.647 0.0957 0.0531 0.00714 0.197 
863 0 0.636 0.0967 0.0535 0.00721 0.206 
864 0 0.625 0.0977 0.054 0.00729 0.216 
865 0 0.613 0.0986 0.0544 0.00735 0.227 
866 0 0.6 0.0995 0.0548 0.00742 0.239 
867 0 0.586 0.1 0.0551 0.00749 0.251 
868 0 0.572 0.101 0.0555 0.00755 0.264 
869 0 0.556 0.102 0.0558 0.0076 0.279 
870 0 0.54 0.102 0.056 0.00764 0.294 
871 0 0.523 0.103 0.0561 0.00768 0.311 
872 0 0.504 0.103 0.0562 0.00771 0.329 
873 0 0.485 0.103 0.0562 0.00772 0.348 
874 0 0.465 0.102 0.056 0.00772 0.368 
875 0 0.445 0.102 0.0558 0.0077 0.39 
876 0 0.424 0.101 0.0553 0.00766 0.412 
877 4 0.402 0.0999 0.0548 0.0076 0.436 
878 4 0.38 0.0985 0.054 0.00751 0.46 
879 4 0.358 0.0966 0.0531 0.00741 0.484 
880 4 0.337 0.0945 0.0521 0.00729 0.509 
881 4 0.316 0.0922 0.0509 0.00715 0.534 
882 4 0.296 0.0897 0.0496 0.007 0.558 
883 4 0.278 0.0871 0.0483 0.00684 0.58 
884 4 0.262 0.0848 0.0471 0.0067 0.599 
885 4 0.25 0.0829 0.0462 0.00657 0.615 
886 4 0.24 0.0813 0.0453 0.00646 0.627 
887 4 0.231 0.08 0.0446 0.00637 0.638 
888 4 0.224 0.0788 0.0439 0.00628 0.647 
889 4 0.217 0.0777 0.0433 0.00621 0.656 
890 4 0.211 0.0767 0.0427 0.00613 0.664 
891 4 0.205 0.0757 0.0422 0.00606 0.671 
892 4 0.2 0.0748 0.0417 0.00599 0.678 
893 4 0.195 0.0739 0.0412 0.00593 0.684 
894 4 0.19 0.073 0.0406 0.00586 0.691 
895 4 0.185 0.0721 0.0401 0.0058 0.697 
896 4 0.18 0.0711 0.0396 0.00573 0.704 
897 4 0.175 0.0702 0.0391 0.00567 0.71 
898 4 0.171 0.0693 0.0386 0.0056 0.716 
899 4 0.167 0.0684 0.0381 0.00554 0.721 
900 4 0.163 0.0675 0.0376 0.00548 0.727 
901 4 0.159 0.0666 0.0371 0.00542 0.732 
902 4 0.155 0.0658 0.0367 0.00536 0.737 
903 4 0.152 0.065 0.0362 0.00531 0.742 
904 4 0.149 0.0642 0.0358 0.00526 0.746 
905 4 0.146 0.0635 0.0354 0.00521 0.75 
906 4 0.143 0.0627 0.035 0.00515 0.755 
907 4 0.14 0.0619 0.0345 0.0051 0.759 
908 4 0.137 0.0612 0.0342 0.00506 0.762 
909 4 0.135 0.0606 0.0338 0.00501 0.766 
910 4 0.132 0.0598 0.0334 0.00497 0.77 
911 4 0.13 0.0591 0.033 0.00492 0.773 
912 4 0.128 0.0584 0.0326 0.00488 0.776 
913 4 0.125 0.0577 0.0322 0.00484 0.78 
914 4 0.123 0.057 0.0319 0.0048 0.783 
915 4 0.122 0.0564 0.0315 0.00477 0.786 
916 4 0.12 0.0559 0.0312 0.00474 0.788 
917 4 0.119 0.0553 0.031 0.00472 0.79 
918 4 0.118 0.0549 0.0307 0.0047 0.791 
919 4 0.118 0.0544 0.0305 0.00468 0.793 
920 4 0.117 0.054 0.0302 0.00466 0.794 
921 4 0.116 0.0535 0.03 0.00464 0.795 
922 4 0.116 0.053 0.0297 0.00462 0.797 
923 4 0.115 0.0525 0.0295 0.0046 0.798 
924 4 0.115 0.052 0.0292 0.00459 0.799 
925 4 0.115 0.0515 0.0289 0.00457 0.8 
926 4 0.114 0.051 0.0286 0.00455 0.802 
927 4 0.114 0.0505 0.0284 0.00454 0.803 
928 4 0.114 0.05 0.0281 0.00452 0.804 
929 4 0.113 0.0495 0.0278 0.00451 0.805 
930 4 0.113 0.049 0.0275 0.00449 0.806 
931 4 0.113 0.0484 0.0272 0.00446 0.807 
932 4 0.112 0.0477 0.0268 0.00442 0.809 
933 4 0.111 0.0469 0.0264 0.00438 0.812 
934 4 0.11 0.0461 0.026 0.00433 0.814 
935 4 0.108 0.0453 0.0256 0.00427 0.817 
936 4 0.107 0.0445 0.0252 0.00423 0.819 
937 4 0.106 0.0437 0.0248 0.00418 0.821 
938 4 0.105 0.043 0.0244 0.00413 0.824 
939 4 0.104 0.0424 0.024 0.00409 0.826 
940 4 0.103 0.0417 0.0237 0.00405 0.828 
941 4 0.102 0.0411 0.0234 0.00401 0.829 
942 4 0.101 0.0405 0.023 0.00397 0.831 
943 4 0.1 0.0399 0.0227 0.00393 0.833 
944 4 0.099 0.0393 0.0224 0.00388 0.835 
945 4 0.0979 0.0387 0.0221 0.00384 0.838 
946 4 0.0968 0.0381 0.0217 0.00379 0.84 
947 4 0.0957 0.0375 0.0214 0.00375 0.842 
948 4 0.0946 0.0369 0.0211 0.00371 0.844 
949 4 0.0935 0.0364 0.0208 0.00366 0.846 
950 4 0.0926 0.0359 0.0206 0.00363 0.847 
951 4 0.092 0.0355 0.0204 0.0036 0.849 
952 4 0.0917 0.0352 0.0202 0.00357 0.849 
953 4 0.0917 0.035 0.0201 0.00356 0.85 
954 4 0.0919 0.0349 0.02 0.00355 0.85 
955 4 0.0922 0.0348 0.02 0.00354 0.849 
956 4 0.0927 0.0348 0.0199 0.00353 0.849 
957 4 0.0933 0.0348 0.0199 0.00353 0.848 
958 4 0.0939 0.0349 0.0199 0.00353 0.848 
959 4 0.0947 0.0349 0.02 0.00354 0.847 
960 4 0.0955 0.035 0.02 0.00354 0.846 
961 4 0.0963 0.0351 0.02 0.00355 0.845 
962 4 0.0971 0.0352 0.0201 0.00355 0.844 
963 4 0.098 0.0353 0.0201 0.00356 0.843 
964 4 0.0989 0.0355 0.0202 0.00357 0.842 
965 4 0.0998 0.0356 0.0202 0.00358 0.841 
966 4 0.101 0.0358 0.0203 0.00358 0.84 
967 4 0.102 0.0359 0.0203 0.00359 0.839 
968 4 0.102 0.036 0.0204 0.0036 0.838 
969 4 0.103 0.0362 0.0204 0.00361 0.837 
970 4 0.104 0.0363 0.0204 0.00362 0.836 
971 4 0.104 0.0363 0.0205 0.00362 0.835 
972 4 0.105 0.0364 0.0205 0.00362 0.835 
973 4 0.105 0.0364 0.0204 0.00362 0.834 
974 4 0.105 0.0364 0.0204 0.00362 0.835 
975 4 0.105 0.0363 0.0203 0.00361 0.835 
976 4 0.104 0.0362 0.0202 0.0036 0.836 
977 4 0.104 0.036 0.0202 0.00359 0.836 
978 4 0.104 0.0359 0.0201 0.00358 0.837 
979 4 0.103 0.0358 0.02 0.00357 0.837 
980 4 0.103 0.0357 0.0199 0.00356 0.838 
981 4 0.103 0.0356 0.0199 0.00355 0.838 
982 4 0.103 0.0356 0.0198 0.00354 0.838 
983 4 0.103 0.0355 0.0197 0.00354 0.839 
984 4 0.102 0.0354 0.0197 0.00353 0.839 
985 4 0.102 0.0354 0.0197 0.00352 0.839 
