0 0 0.2 0.2 0.2 0.2 0.2 
1 1 0.199 0.203 0.201 0.198 0.199 
2 1 0.199 0.203 0.2 0.199 0.199 
3 1 0.2 0.203 0.2 0.199 0.199 
4 1 0.2 0.203 0.2 0.199 0.199 
5 1 0.2 0.203 0.199 0.199 0.199 
6 1 0.2 0.202 0.199 0.199 0.199 
7 1 0.2 0.202 0.199 0.2 0.199 
8 1 0.2 0.202 0.199 0.2 0.199 
9 1 0.2 0.202 0.199 0.2 0.199 
10 1 0.2 0.202 0.199 0.2 0.199 
11 1 0.2 0.202 0.199 0.201 0.199 
12 1 0.2 0.202 0.198 0.201 0.199 
13 1 0.2 0.202 0.198 0.201 0.199 
14 3 0.2 0.202 0.198 0.202 0.199 
15 3 0.2 0.201 0.198 0.202 0.199 
16 3 0.2 0.201 0.198 0.202 0.198 
17 3 0.2 0.201 0.198 0.203 0.198 
18 3 0.2 0.201 0.197 0.203 0.198 
19 3 0.2 0.201 0.197 0.204 0.198 
20 3 0.2 0.201 0.197 0.204 0.198 
21 3 0.2 0.201 0.197 0.204 0.198 
22 3 0.2 0.2 0.197 0.205 0.198 
23 3 0.2 0.2 0.196 0.205 0.198 
24 3 0.2 0.2 0.196 0.206 0.197 
25 3 0.2 0.2 0.196 0.207 0.197 
26 3 0.2 0.2 0.196 0.207 0.197 
27 3 0.2 0.199 0.195 0.208 0.197 
28 3 0.201 0.199 0.195 0.209 0.197 
29 3 0.201 0.199 0.195 0.21 0.196 
30 3 0.2 0.198 0.194 0.211 0.196 
31 3 0.2 0.198 0.194 0.212 0.195 
32 3 0.2 0.198 0.194 0.213 0.195 
33 3 0.2 0.197 0.193 0.215 0.194 
34 3 0.2 0.197 0.193 0.217 0.193 
35 3 0.2 0.197 0.193 0.22 0.191 
36 3 0.2 0.196 0.192 0.223 0.188 
37 3 0.2 0.196 0.192 0.227 0.185 
38 3 0.2 0.195 0.191 0.232 0.182 
39 3 0.199 0.194 0.19 0.24 0.177 
40 3 0.198 0.192 0.188 0.25 0.172 
41 3 0.196 0.19 0.185 0.263 0.166 
42 3 0.193 0.186 0.182 0.279 0.16 
43 3 0.189 0.182 0.178 0.297 0.154 
44 3 0.185 0.178 0.174 0.316 0.147 
45 3 0.18 0.173 0.169 0.338 0.14 
46 3 0.175 0.167 0.164 0.361 0.133 
47 3 0.169 0.162 0.158 0.385 0.127 
48 3 0.163 0.155 0.152 0.41 0.12 
49 3 0.156 0.149 0.145 0.437 0.113 
50 3 0.149 0.142 0.139 0.464 0.107 
51 3 0.142 0.134 0.132 0.492 0.1 
52 3 0.135 0.127 0.125 0.52 0.0937 
53 3 0.127 0.12 0.118 0.548 0.0876 
54 3 0.12 0.113 0.11 0.576 0.0817 
55 3 0.112 0.105 0.103 0.603 0.0759 
56 3 0.104 0.0978 0.096 0.632 0.0702 
57 3 0.0971 0.0908 0.0891 0.658 0.065 
58 3 0.0906 0.0845 0.083 0.682 0.0603 
59 3 0.0845 0.0787 0.0773 0.703 0.056 
60 3 0.079 0.0734 0.0721 0.723 0.0521 
61 3 0.0743 0.0689 0.0677 0.74 0.0488 
62 3 0.0709 0.0656 0.0645 0.753 0.0463 
63 3 0.0682 0.0629 0.0618 0.763 0.0442 
64 3 0.0659 0.0606 0.0596 0.771 0.0424 
65 3 0.0639 0.0586 0.0576 0.779 0.0408 
66 3 0.062 0.0567 0.0558 0.786 0.0394 
67 3 0.0602 0.0549 0.054 0.793 0.038 
68 3 0.0583 0.053 0.0522 0.8 0.0365 
69 3 0.056 0.0509 0.05 0.808 0.035 
70 3 0.0535 0.0484 0.0477 0.817 0.0333 
71 3 0.0509 0.0461 0.0454 0.826 0.0316 
72 3 0.0488 0.0441 0.0434 0.834 0.0302 
73 3 0.047 0.0424 0.0418 0.84 0.029 
74 3 0.0455 0.041 0.0403 0.845 0.028 
75 3 0.0442 0.0397 0.0391 0.85 0.0271 
76 3 0.043 0.0386 0.038 0.854 0.0262 
77 3 0.0419 0.0376 0.037 0.858 0.0255 
78 3 0.041 0.0367 0.0361 0.861 0.0248 
79 3 0.0401 0.0358 0.0353 0.865 0.0242 
80 3 0.0393 0.035 0.0345 0.868 0.0236 
81 3 0.0386 0.0343 0.0338 0.87 0.0231 
82 3 0.0379 0.0337 0.0332 0.873 0.0226 
83 3 0.0373 0.033 0.0326 0.875 0.0221 
84 3 0.0367 0.0325 0.032 0.877 0.0216 
85 3 0.0361 0.0319 0.0315 0.879 0.0212 
86 3 0.0356 0.0314 0.0309 0.881 0.0208 
87 3 0.0351 0.0309 0.0305 0.883 0.0205 
88 3 0.0346 0.0305 0.03 0.885 0.0201 
89 3 0.0342 0.03 0.0296 0.886 0.0198 
90 3 0.0338 0.0296 0.0292 0.888 0.0195 
91 3 0.0334 0.0292 0.0288 0.889 0.0191 
92 3 0.033 0.0289 0.0284 0.891 0.0189 
93 3 0.0326 0.0285 0.0281 0.892 0.0186 
94 3 0.0323 0.0282 0.0277 0.894 0.0183 
95 3 0.0319 0.0278 0.0274 0.895 0.018 
96 3 0.0316 0.0275 0.0271 0.896 0.0178 
97 3 0.0313 0.0272 0.0268 0.897 0.0176 
98 3 0.031 0.0269 0.0265 0.898 0.0173 
99 3 0.0307 0.0266 0.0262 0.899 0.0171 
100 3 0.0304 0.0263 0.026 0.9 0.0169 
101 3 0.0302 0.0261 0.0257 0.901 0.0167 
102 3 0.0299 0.0258 0.0255 0.902 0.0165 
103 3 0.0297 0.0256 0.0252 0.903 0.0163 
104 3 0.0294 0.0253 0.025 0.904 0.0161 
105 3 0.0292 0.0251 0.0247 0.905 0.0159 
106 3 0.029 0.0249 0.0245 0.906 0.0157 
107 3 0.0287 0.0247 0.0243 0.907 0.0156 
108 3 0.0285 0.0244 0.0241 0.908 0.0154 
109 3 0.0283 0.0242 0.0239 0.908 0.0152 
110 3 0.0281 0.024 0.0237 0.909 0.0151 
111 3 0.0279 0.0238 0.0235 0.91 0.0149 
112 3 0.0277 0.0237 0.0233 0.911 0.0148 
113 3 0.0275 0.0235 0.0231 0.911 0.0146 
114 3 0.0273 0.0233 0.0229 0.912 0.0145 
115 3 0.0272 0.0231 0.0228 0.913 0.0143 
116 3 0.027 0.0229 0.0226 0.913 0.0142 
117 3 0.0268 0.0228 0.0224 0.914 0.0141 
118 3 0.0266 0.0226 0.0223 0.915 0.0139 
119 3 0.0265 0.0224 0.0221 0.915 0.0138 
120 3 0.0263 0.0223 0.022 0.916 0.0137 
121 3 0.0262 0.0221 0.0218 0.916 0.0135 
122 3 0.026 0.022 0.0217 0.917 0.0134 
123 3 0.0258 0.0218 0.0215 0.917 0.0133 
124 3 0.0257 0.0217 0.0214 0.918 0.0132 
125 3 0.0256 0.0215 0.0212 0.919 0.0131 
126 3 0.0254 0.0214 0.0211 0.919 0.013 
127 3 0.0253 0.0213 0.021 0.92 0.0129 
128 3 0.0251 0.0211 0.0208 0.92 0.0128 
129 3 0.025 0.021 0.0207 0.921 0.0127 
130 3 0.0249 0.0209 0.0206 0.921 0.0126 
131 3 0.0247 0.0208 0.0205 0.922 0.0125 
132 3 0.0246 0.0206 0.0203 0.922 0.0124 
133 3 0.0245 0.0205 0.0202 0.923 0.0123 
134 3 0.0244 0.0204 0.0201 0.923 0.0122 
135 3 0.0243 0.0203 0.02 0.923 0.0121 
136 3 0.0241 0.0202 0.0199 0.924 0.012 
137 3 0.024 0.02 0.0198 0.924 0.0119 
138 3 0.0239 0.0199 0.0196 0.925 0.0118 
139 3 0.0238 0.0198 0.0195 0.925 0.0117 
140 3 0.0237 0.0197 0.0194 0.926 0.0116 
141 3 0.0236 0.0196 0.0193 0.926 0.0115 
142 3 0.0235 0.0195 0.0192 0.926 0.0115 
143 3 0.0234 0.0194 0.0191 0.927 0.0114 
144 3 0.0233 0.0193 0.019 0.927 0.0113 
145 3 0.0232 0.0192 0.0189 0.927 0.0112 
146 3 0.0231 0.0191 0.0188 0.928 0.0112 
147 3 0.023 0.019 0.0187 0.928 0.0111 
148 3 0.0229 0.0189 0.0186 0.929 0.011 
149 3 0.0228 0.0188 0.0186 0.929 0.0109 
150 3 0.0227 0.0187 0.0185 0.929 0.0109 
151 3 0.0226 0.0186 0.0184 0.93 0.0108 
152 3 0.0225 0.0186 0.0183 0.93 0.0107 
153 3 0.0224 0.0185 0.0182 0.93 0.0106 
154 3 0.0223 0.0184 0.0181 0.931 0.0106 
155 3 0.0222 0.0183 0.018 0.931 0.0105 
156 3 0.0221 0.0182 0.018 0.931 0.0104 
157 3 0.0221 0.0181 0.0179 0.932 0.0104 
158 3 0.022 0.0181 0.0178 0.932 0.0103 
159 3 0.0219 0.018 0.0177 0.932 0.0103 
160 3 0.0218 0.0179 0.0176 0.932 0.0102 
161 3 0.0217 0.0178 0.0176 0.933 0.0101 
162 3 0.0216 0.0177 0.0175 0.933 0.0101 
163 3 0.0216 0.0177 0.0174 0.933 0.01 
164 3 0.0215 0.0176 0.0173 0.934 0.00995 
165 3 0.0214 0.0175 0.0173 0.934 0.00989 
166 3 0.0213 0.0174 0.0172 0.934 0.00984 
167 3 0.0213 0.0174 0.0171 0.934 0.00978 
168 3 0.0212 0.0173 0.017 0.935 0.00972 
169 3 0.0211 0.0172 0.017 0.935 0.00967 
170 3 0.021 0.0172 0.0169 0.935 0.00961 
171 3 0.021 0.0171 0.0168 0.936 0.00956 
172 3 0.0209 0.017 0.0168 0.936 0.00951 
173 3 0.0208 0.017 0.0167 0.936 0.00945 
174 3 0.0208 0.0169 0.0166 0.936 0.0094 
175 3 0.0207 0.0168 0.0166 0.937 0.00935 
176 3 0.0206 0.0168 0.0165 0.937 0.0093 
177 3 0.0206 0.0167 0.0165 0.937 0.00925 
178 3 0.0205 0.0166 0.0164 0.937 0.0092 
179 3 0.0204 0.0166 0.0163 0.938 0.00915 
180 3 0.0204 0.0165 0.0163 0.938 0.00911 
181 3 0.0203 0.0164 0.0162 0.938 0.00906 
182 3 0.0202 0.0164 0.0161 0.938 0.00901 
183 3 0.0202 0.0163 0.0161 0.938 0.00897 
184 3 0.0201 0.0163 0.016 0.939 0.00892 
185 3 0.0201 0.0162 0.016 0.939 0.00888 
186 3 0.02 0.0161 0.0159 0.939 0.00883 
187 3 0.0199 0.0161 0.0159 0.939 0.00879 
188 3 0.0199 0.016 0.0158 0.94 0.00874 
189 3 0.0198 0.016 0.0157 0.94 0.0087 
190 3 0.0198 0.0159 0.0157 0.94 0.00866 
191 3 0.0197 0.0159 0.0156 0.94 0.00861 
192 3 0.0197 0.0158 0.0156 0.94 0.00857 
193 3 0.0196 0.0158 0.0155 0.941 0.00853 
194 3 0.0195 0.0157 0.0155 0.941 0.00849 
195 3 0.0195 0.0157 0.0154 0.941 0.00845 
196 3 0.0194 0.0156 0.0154 0.941 0.00841 
197 3 0.0194 0.0156 0.0153 0.941 0.00837 
198 3 0.0193 0.0155 0.0153 0.942 0.00833 
199 3 0.0193 0.0155 0.0152 0.942 0.00829 
200 3 0.0192 0.0154 0.0152 0.942 0.00826 
201 3 0.0192 0.0154 0.0151 0.942 0.00822 
202 3 0.0191 0.0153 0.0151 0.942 0.00818 
203 3 0.0191 0.0153 0.015 0.942 0.00814 
204 3 0.019 0.0152 0.015 0.943 0.00811 
205 3 0.019 0.0152 0.0149 0.943 0.00807 
206 3 0.0189 0.0151 0.0149 0.943 0.00803 
207 3 0.0189 0.0151 0.0149 0.943 0.008 
208 3 0.0188 0.015 0.0148 0.943 0.00796 
209 3 0.0188 0.015 0.0148 0.944 0.00793 
210 3 0.0187 0.0149 0.0147 0.944 0.00789 
211 3 0.0187 0.0149 0.0147 0.944 0.00786 
212 3 0.0186 0.0148 0.0146 0.944 0.00782 
213 3 0.0186 0.0148 0.0146 0.944 0.00779 
214 3 0.0186 0.0148 0.0145 0.944 0.00776 
215 3 0.0185 0.0147 0.0145 0.945 0.00773 
216 3 0.0185 0.0147 0.0145 0.945 0.00769 
217 3 0.0184 0.0146 0.0144 0.945 0.00766 
218 3 0.0184 0.0146 0.0144 0.945 0.00763 
219 3 0.0183 0.0145 0.0143 0.945 0.0076 
220 3 0.0183 0.0145 0.0143 0.945 0.00757 
221 3 0.0182 0.0145 0.0143 0.946 0.00753 
222 3 0.0182 0.0144 0.0142 0.946 0.0075 
223 3 0.0182 0.0144 0.0142 0.946 0.00747 
224 3 0.0181 0.0143 0.0141 0.946 0.00744 
225 3 0.0181 0.0143 0.0141 0.946 0.00741 
226 3 0.018 0.0143 0.0141 0.946 0.00738 
227 3 0.018 0.0142 0.014 0.946 0.00735 
228 3 0.018 0.0142 0.014 0.947 0.00733 
229 3 0.0179 0.0141 0.0139 0.947 0.0073 
230 3 0.0179 0.0141 0.0139 0.947 0.00727 
231 3 0.0178 0.0141 0.0139 0.947 0.00724 
232 3 0.0178 0.014 0.0138 0.947 0.00721 
233 3 0.0178 0.014 0.0138 0.947 0.00718 
234 3 0.0177 0.014 0.0138 0.947 0.00716 
235 3 0.0177 0.0139 0.0137 0.948 0.00713 
236 3 0.0177 0.0139 0.0137 0.948 0.0071 
237 3 0.0176 0.0139 0.0137 0.948 0.00707 
238 3 0.0176 0.0138 0.0136 0.948 0.00705 
239 3 0.0176 0.0138 0.0136 0.948 0.00702 
240 3 0.0175 0.0137 0.0136 0.948 0.007 
241 3 0.0175 0.0137 0.0135 0.948 0.00697 
242 3 0.0175 0.0137 0.0135 0.948 0.00694 
243 3 0.0174 0.0136 0.0135 0.949 0.00692 
244 3 0.0174 0.0136 0.0134 0.949 0.00689 
245 3 0.0173 0.0136 0.0134 0.949 0.00687 
246 3 0.0173 0.0135 0.0134 0.949 0.00684 
247 3 0.0173 0.0135 0.0133 0.949 0.00682 
248 3 0.0172 0.0135 0.0133 0.949 0.00679 
249 3 0.0172 0.0134 0.0133 0.949 0.00677 
250 3 0.0172 0.0134 0.0132 0.949 0.00675 
251 3 0.0172 0.0134 0.0132 0.95 0.00672 
252 3 0.0171 0.0134 0.0132 0.95 0.0067 
253 3 0.0171 0.0133 0.0131 0.95 0.00667 
254 3 0.0171 0.0133 0.0131 0.95 0.00665 
255 3 0.017 0.0133 0.0131 0.95 0.00663 
256 3 0.017 0.0132 0.013 0.95 0.00661 
257 3 0.017 0.0132 0.013 0.95 0.00658 
258 3 0.0169 0.0132 0.013 0.95 0.00656 
259 3 0.0169 0.0131 0.013 0.95 0.00654 
260 3 0.0169 0.0131 0.0129 0.951 0.00652 
261 3 0.0168 0.0131 0.0129 0.951 0.00649 
262 3 0.0168 0.0131 0.0129 0.951 0.00647 
263 3 0.0168 0.013 0.0128 0.951 0.00645 
264 3 0.0168 0.013 0.0128 0.951 0.00643 
265 3 0.0167 0.013 0.0128 0.951 0.00641 
266 3 0.0167 0.0129 0.0128 0.951 0.00639 
267 3 0.0167 0.0129 0.0127 0.951 0.00637 
268 3 0.0166 0.0129 0.0127 0.951 0.00634 
269 3 0.0166 0.0129 0.0127 0.952 0.00632 
270 3 0.0166 0.0128 0.0126 0.952 0.0063 
271 3 0.0166 0.0128 0.0126 0.952 0.00628 
272 3 0.0165 0.0128 0.0126 0.952 0.00626 
273 3 0.0165 0.0127 0.0126 0.952 0.00624 
274 3 0.0165 0.0127 0.0125 0.952 0.00622 
275 3 0.0165 0.0127 0.0125 0.952 0.0062 
276 3 0.0164 0.0127 0.0125 0.952 0.00618 
277 3 0.0164 0.0126 0.0125 0.952 0.00616 
278 3 0.0164 0.0126 0.0124 0.952 0.00615 
279 3 0.0164 0.0126 0.0124 0.953 0.00613 
280 3 0.0163 0.0126 0.0124 0.953 0.00611 
281 3 0.0163 0.0125 0.0124 0.953 0.00609 
282 3 0.0163 0.0125 0.0123 0.953 0.00607 
283 3 0.0163 0.0125 0.0123 0.953 0.00605 
284 3 0.0162 0.0125 0.0123 0.953 0.00603 
285 3 0.0162 0.0124 0.0123 0.953 0.00601 
286 3 0.0162 0.0124 0.0122 0.953 0.006 
287 3 0.0162 0.0124 0.0122 0.953 0.00598 
288 3 0.0161 0.0124 0.0122 0.953 0.00596 
289 3 0.0161 0.0123 0.0122 0.953 0.00594 
290 3 0.0161 0.0123 0.0121 0.954 0.00592 
291 3 0.0161 0.0123 0.0121 0.954 0.00591 
292 3 0.016 0.0123 0.0121 0.954 0.00589 
293 3 0.016 0.0122 0.0121 0.954 0.00587 
294 3 0.016 0.0122 0.0121 0.954 0.00586 
295 3 0.016 0.0122 0.012 0.954 0.00584 
296 3 0.016 0.0122 0.012 0.954 0.00582 
297 3 0.0159 0.0122 0.012 0.954 0.0058 
298 3 0.0159 0.0121 0.012 0.954 0.00579 
299 3 0.0159 0.0121 0.0119 0.954 0.00577 
300 3 0.0159 0.0121 0.0119 0.954 0.00575 
301 3 0.0158 0.0121 0.0119 0.954 0.00574 
302 3 0.0158 0.012 0.0119 0.955 0.00572 
303 3 0.0158 0.012 0.0119 0.955 0.00571 
304 3 0.0158 0.012 0.0118 0.955 0.00569 
305 3 0.0158 0.012 0.0118 0.955 0.00567 
306 3 0.0157 0.012 0.0118 0.955 0.00566 
307 3 0.0157 0.0119 0.0118 0.955 0.00564 
308 3 0.0157 0.0119 0.0117 0.955 0.00563 
309 3 0.0157 0.0119 0.0117 0.955 0.00561 
310 3 0.0157 0.0119 0.0117 0.955 0.0056 
311 3 0.0157 0.0119 0.0117 0.955 0.00558 
312 3 0.0156 0.0118 0.0117 0.955 0.00557 
313 3 0.0156 0.0118 0.0116 0.955 0.00555 
314 3 0.0156 0.0118 0.0116 0.955 0.00554 
315 3 0.0156 0.0118 0.0116 0.956 0.00552 
316 3 0.0156 0.0118 0.0116 0.956 0.00551 
317 3 0.0155 0.0117 0.0116 0.956 0.00549 
318 3 0.0155 0.0117 0.0116 0.956 0.00548 
319 3 0.0155 0.0117 0.0115 0.956 0.00546 
320 3 0.0155 0.0117 0.0115 0.956 0.00545 
321 3 0.0155 0.0117 0.0115 0.956 0.00543 
322 3 0.0155 0.0116 0.0115 0.956 0.00542 
323 3 0.0154 0.0116 0.0115 0.956 0.00541 
324 3 0.0154 0.0116 0.0114 0.956 0.00539 
325 3 0.0154 0.0116 0.0114 0.956 0.00538 
326 3 0.0154 0.0116 0.0114 0.956 0.00536 
327 3 0.0154 0.0115 0.0114 0.956 0.00535 
328 3 0.0154 0.0115 0.0114 0.956 0.00534 
329 3 0.0153 0.0115 0.0113 0.956 0.00532 
330 3 0.0153 0.0115 0.0113 0.957 0.00531 
331 3 0.0153 0.0115 0.0113 0.957 0.0053 
332 3 0.0153 0.0115 0.0113 0.957 0.00528 
333 3 0.0153 0.0114 0.0113 0.957 0.00527 
334 3 0.0153 0.0114 0.0113 0.957 0.00526 
335 3 0.0152 0.0114 0.0112 0.957 0.00525 
336 3 0.0152 0.0114 0.0112 0.957 0.00523 
337 3 0.0152 0.0114 0.0112 0.957 0.00522 
338 3 0.0152 0.0114 0.0112 0.957 0.00521 
339 3 0.0152 0.0113 0.0112 0.957 0.00519 
340 3 0.0152 0.0113 0.0112 0.957 0.00518 
341 3 0.0152 0.0113 0.0111 0.957 0.00517 
342 3 0.0151 0.0113 0.0111 0.957 0.00516 
343 3 0.0151 0.0113 0.0111 0.957 0.00514 
344 3 0.0151 0.0113 0.0111 0.957 0.00513 
345 3 0.0151 0.0112 0.0111 0.957 0.00512 
346 3 0.0151 0.0112 0.0111 0.958 0.00511 
347 3 0.0151 0.0112 0.011 0.958 0.0051 
348 3 0.0151 0.0112 0.011 0.958 0.00508 
349 3 0.0151 0.0112 0.011 0.958 0.00507 
350 3 0.015 0.0112 0.011 0.958 0.00506 
351 3 0.015 0.0111 0.011 0.958 0.00505 
352 3 0.015 0.0111 0.011 0.958 0.00504 
353 3 0.015 0.0111 0.011 0.958 0.00503 
354 3 0.015 0.0111 0.0109 0.958 0.00501 
355 3 0.015 0.0111 0.0109 0.958 0.005 
356 3 0.015 0.0111 0.0109 0.958 0.00499 
357 3 0.015 0.0111 0.0109 0.958 0.00498 
358 3 0.015 0.011 0.0109 0.958 0.00497 
359 3 0.0149 0.011 0.0109 0.958 0.00496 
360 3 0.0149 0.011 0.0109 0.958 0.00495 
361 3 0.0149 0.011 0.0108 0.958 0.00494 
362 3 0.0149 0.011 0.0108 0.958 0.00493 
363 3 0.0149 0.011 0.0108 0.958 0.00492 
364 3 0.0149 0.011 0.0108 0.958 0.0049 
365 3 0.0149 0.0109 0.0108 0.958 0.00489 
366 3 0.0149 0.0109 0.0108 0.959 0.00488 
367 3 0.0149 0.0109 0.0108 0.959 0.00487 
368 3 0.0149 0.0109 0.0107 0.959 0.00486 
369 3 0.0148 0.0109 0.0107 0.959 0.00485 
370 3 0.0148 0.0109 0.0107 0.959 0.00484 
371 3 0.0148 0.0109 0.0107 0.959 0.00483 
372 3 0.0148 0.0108 0.0107 0.959 0.00482 
373 3 0.0148 0.0108 0.0107 0.959 0.00481 
374 3 0.0148 0.0108 0.0107 0.959 0.0048 
375 3 0.0148 0.0108 0.0107 0.959 0.00479 
376 3 0.0148 0.0108 0.0106 0.959 0.00478 
377 3 0.0148 0.0108 0.0106 0.959 0.00477 
378 3 0.0148 0.0108 0.0106 0.959 0.00476 
379 3 0.0148 0.0108 0.0106 0.959 0.00475 
380 3 0.0149 0.0108 0.0107 0.959 0.00478 
381 3 0.015 0.0109 0.0108 0.958 0.0048 
382 3 0.0152 0.011 0.0108 0.958 0.00483 
383 3 0.0153 0.0111 0.0109 0.958 0.00485 
384 3 0.0154 0.0111 0.011 0.958 0.00487 
385 3 0.0155 0.0112 0.011 0.957 0.00489 
386 3 0.0156 0.0113 0.0111 0.957 0.00491 
387 3 0.0158 0.0113 0.0112 0.957 0.00493 
388 3 0.0159 0.0114 0.0112 0.957 0.00495 
389 3 0.016 0.0115 0.0113 0.956 0.00497 
390 3 0.0161 0.0115 0.0114 0.956 0.005 
391 3 0.0162 0.0116 0.0114 0.956 0.00501 
392 3 0.0164 0.0117 0.0115 0.955 0.00504 
393 3 0.0165 0.0118 0.0116 0.955 0.00506 
394 3 0.0166 0.0118 0.0117 0.955 0.00508 
395 3 0.0167 0.0119 0.0117 0.955 0.0051 
396 3 0.0169 0.012 0.0118 0.954 0.00512 
397 3 0.017 0.012 0.0119 0.954 0.00514 
398 3 0.0171 0.0121 0.0119 0.954 0.00516 
399 3 0.0173 0.0122 0.012 0.953 0.00519 
400 3 0.0174 0.0123 0.0121 0.953 0.00521 
401 3 0.0176 0.0124 0.0122 0.953 0.00523 
402 3 0.0177 0.0124 0.0123 0.952 0.00526 
403 3 0.0178 0.0125 0.0123 0.952 0.00528 
404 3 0.018 0.0126 0.0124 0.952 0.0053 
405 3 0.0182 0.0127 0.0125 0.951 0.00533 
406 3 0.0183 0.0128 0.0126 0.951 0.00535 
407 3 0.0185 0.0129 0.0127 0.951 0.00538 
408 3 0.0186 0.0129 0.0128 0.95 0.00541 
409 3 0.0188 0.013 0.0128 0.95 0.00543 
410 3 0.019 0.0131 0.0129 0.949 0.00546 
411 3 0.0192 0.0132 0.013 0.949 0.00549 
412 3 0.0193 0.0133 0.0131 0.949 0.00551 
413 3 0.0195 0.0134 0.0132 0.948 0.00554 
414 3 0.0201 0.0138 0.0136 0.947 0.00567 
415 3 0.0203 0.0139 0.0137 0.946 0.0057 
416 3 0.0205 0.014 0.0138 0.946 0.00572 
417 3 0.0212 0.0144 0.0142 0.944 0.00585 
418 3 0.0213 0.0145 0.0143 0.944 0.00587 
419 3 0.022 0.0149 0.0147 0.942 0.00601 
420 3 0.0221 0.0149 0.0147 0.942 0.00602 
421 3 0.0228 0.0154 0.0151 0.941 0.00616 
422 3 0.0229 0.0154 0.0152 0.94 0.00617 
423 3 0.0231 0.0155 0.0152 0.94 0.00618 
424 3 0.0238 0.0159 0.0157 0.938 0.00632 
425 3 0.0239 0.0159 0.0157 0.938 0.00632 
426 3 0.0246 0.0164 0.0161 0.936 0.00646 
427 3 0.0247 0.0164 0.0161 0.936 0.00646 
428 3 0.0254 0.0168 0.0166 0.935 0.00659 
429 3 0.0255 0.0168 0.0165 0.935 0.00658 
430 3 0.0262 0.0172 0.017 0.933 0.00672 
431 3 0.0262 0.0172 0.0169 0.933 0.0067 
432 3 0.027 0.0176 0.0174 0.931 0.00684 
433 3 0.027 0.0176 0.0173 0.931 0.00681 
434 3 0.0277 0.018 0.0178 0.93 0.00695 
435 3 0.0277 0.018 0.0177 0.93 0.00692 
436 3 0.0285 0.0184 0.0181 0.928 0.00706 
437 3 0.0284 0.0183 0.0181 0.928 0.00702 
438 3 0.0292 0.0188 0.0185 0.926 0.00716 
439 3 0.0301 0.0192 0.019 0.924 0.0073 
440 3 0.0309 0.0197 0.0194 0.923 0.00743 
441 3 0.0317 0.0201 0.0198 0.921 0.00756 
442 3 0.0325 0.0205 0.0202 0.919 0.00768 
443 3 0.0333 0.021 0.0207 0.917 0.00781 
444 3 0.0342 0.0214 0.0211 0.915 0.00794 
445 3 0.0351 0.0219 0.0215 0.913 0.00807 
446 3 0.036 0.0223 0.022 0.911 0.00821 
447 3 0.037 0.0228 0.0224 0.909 0.00834 
448 3 0.038 0.0233 0.0229 0.907 0.00849 
449 3 0.0391 0.0238 0.0235 0.905 0.00863 
450 3 0.0402 0.0243 0.024 0.903 0.00879 
451 3 0.0414 0.0249 0.0245 0.9 0.00894 
452 3 0.0427 0.0254 0.025 0.898 0.00909 
453 3 0.044 0.026 0.0256 0.895 0.00926 
454 3 0.0454 0.0267 0.0262 0.892 0.00944 
455 3 0.0469 0.0273 0.0269 0.889 0.00961 
456 3 0.0485 0.0279 0.0275 0.886 0.00979 
457 3 0.0501 0.0286 0.0281 0.883 0.00997 
458 3 0.0519 0.0293 0.0289 0.88 0.0102 
459 3 0.0538 0.0301 0.0296 0.876 0.0104 
460 3 0.0558 0.0309 0.0304 0.872 0.0106 
461 3 0.058 0.0317 0.0312 0.868 0.0108 
462 3 0.0605 0.0327 0.0322 0.864 0.0111 
463 3 0.0633 0.0338 0.0333 0.858 0.0114 
464 3 0.0663 0.0351 0.0345 0.852 0.0117 
465 3 0.0693 0.0362 0.0356 0.847 0.012 
466 3 0.0726 0.0375 0.0369 0.841 0.0123 
467 3 0.076 0.0388 0.0382 0.834 0.0127 
468 3 0.0797 0.0402 0.0396 0.828 0.013 
469 3 0.0836 0.0416 0.041 0.82 0.0134 
470 3 0.0876 0.043 0.0423 0.813 0.0137 
471 3 0.092 0.0446 0.0439 0.805 0.0141 
472 3 0.097 0.0464 0.0456 0.796 0.0145 
473 3 0.102 0.0481 0.0473 0.788 0.0149 
474 3 0.108 0.05 0.0492 0.778 0.0154 
475 3 0.114 0.0519 0.0511 0.768 0.0158 
476 3 0.12 0.054 0.0531 0.757 0.0163 
477 3 0.127 0.0562 0.0552 0.745 0.0168 
478 3 0.134 0.0584 0.0574 0.733 0.0173 
479 3 0.142 0.0609 0.0598 0.719 0.0178 
480 3 0.151 0.0633 0.0622 0.705 0.0183 
481 3 0.16 0.0659 0.0648 0.69 0.0189 
482 3 0.17 0.0684 0.0673 0.675 0.0194 
483 3 0.18 0.0712 0.07 0.658 0.0199 
484 3 0.192 0.0739 0.0727 0.641 0.0205 
485 3 0.204 0.0766 0.0753 0.623 0.021 
486 3 0.216 0.0795 0.0781 0.604 0.0215 
487 3 0.23 0.0822 0.0808 0.585 0.022 
488 3 0.244 0.0849 0.0835 0.565 0.0225 
489 3 0.259 0.0877 0.0862 0.544 0.0229 
490 3 0.275 0.0902 0.0887 0.523 0.0233 
491 3 0.29 0.0928 0.0912 0.502 0.0237 
492 3 0.307 0.0952 0.0936 0.48 0.024 
493 3 0.324 0.0974 0.0958 0.459 0.0242 
494 3 0.341 0.0996 0.098 0.437 0.0245 
495 3 0.357 0.102 0.0999 0.417 0.0247 
496 3 0.374 0.103 0.101 0.397 0.0248 
497 0 0.39 0.104 0.103 0.378 0.0248 
498 0 0.406 0.106 0.104 0.359 0.0248 
499 0 0.422 0.106 0.105 0.342 0.0248 
500 0 0.438 0.107 0.105 0.325 0.0246 
501 0 0.454 0.107 0.106 0.309 0.0245 
502 0 0.469 0.107 0.106 0.293 0.0243 
503 0 0.484 0.107 0.106 0.279 0.0241 
504 0 0.5 0.107 0.105 0.264 0.0238 
505 0 0.516 0.106 0.104 0.25 0.0235 
506 0 0.533 0.104 0.103 0.236 0.0231 
507 0 0.553 0.103 0.101 0.221 0.0226 
508 0 0.577 0.0992 0.098 0.204 0.0219 
509 0 0.605 0.0947 0.0935 0.186 0.021 
510 0 0.635 0.0893 0.0883 0.168 0.02 
511 0 0.663 0.0839 0.083 0.152 0.019 
512 0 0.688 0.0789 0.078 0.137 0.018 
513 0 0.711 0.074 0.0732 0.125 0.017 
514 0 0.731 0.0696 0.0689 0.114 0.0162 
515 0 0.75 0.0654 0.0647 0.104 0.0153 
516 0 0.767 0.0616 0.061 0.096 0.0146 
517 0 0.782 0.0581 0.0576 0.0886 0.0138 
518 0 0.795 0.0549 0.0544 0.0821 0.0132 
519 0 0.808 0.0519 0.0515 0.0763 0.0126 
520 0 0.819 0.0493 0.0489 0.0712 0.012 
521 0 0.829 0.0467 0.0464 0.0666 0.0115 
522 0 0.838 0.0445 0.0442 0.0625 0.011 
523 0 0.846 0.0424 0.0421 0.0588 0.0106 
524 0 0.854 0.0404 0.0401 0.0553 0.0101 
525 0 0.861 0.0386 0.0383 0.0522 0.00974 
526 0 0.867 0.037 0.0368 0.0497 0.0094 
527 0 0.873 0.0356 0.0354 0.0473 0.00909 
528 0 0.877 0.0344 0.0342 0.0453 0.00882 
529 0 0.882 0.0333 0.0331 0.0434 0.00857 
530 0 0.886 0.0322 0.0321 0.0417 0.00833 
531 0 0.889 0.0312 0.0311 0.0401 0.0081 
532 0 0.893 0.0303 0.0302 0.0387 0.00789 
533 0 0.896 0.0295 0.0293 0.0373 0.00769 
534 0 0.899 0.0286 0.0285 0.036 0.0075 
535 0 0.902 0.0278 0.0277 0.0348 0.00732 
536 0 0.905 0.0272 0.027 0.0337 0.00716 
537 0 0.907 0.0266 0.0265 0.0329 0.00704 
538 0 0.909 0.0262 0.026 0.0321 0.00692 
539 0 0.91 0.0258 0.0257 0.0314 0.00683 
540 0 0.912 0.0254 0.0253 0.0308 0.00673 
541 0 0.913 0.0251 0.025 0.0302 0.00665 
542 0 0.914 0.0247 0.0246 0.0296 0.00656 
543 0 0.916 0.0244 0.0243 0.0291 0.00648 
544 0 0.917 0.0241 0.024 0.0286 0.00641 
545 0 0.918 0.0238 0.0237 0.0281 0.00633 
546 0 0.919 0.0235 0.0234 0.0276 0.00626 
547 0 0.92 0.0233 0.0232 0.0272 0.0062 
548 0 0.921 0.0232 0.0231 0.0269 0.00616 
549 0 0.921 0.0231 0.023 0.0267 0.00614 
550 0 0.921 0.0231 0.023 0.0265 0.00612 
551 0 0.921 0.0231 0.023 0.0264 0.00611 
552 0 0.922 0.0231 0.023 0.0262 0.0061 
553 0 0.922 0.0231 0.023 0.0261 0.00609 
554 0 0.922 0.0231 0.0231 0.026 0.00609 
555 0 0.922 0.0232 0.0231 0.026 0.00609 
556 0 0.922 0.0233 0.0232 0.0259 0.0061 
557 0 0.921 0.0234 0.0233 0.0259 0.00612 
558 0 0.921 0.0236 0.0235 0.0259 0.00614 
559 0 0.921 0.0237 0.0236 0.0259 0.00616 
560 0 0.92 0.0238 0.0238 0.0259 0.00617 
561 0 0.92 0.0239 0.0239 0.0259 0.00618 
562 0 0.92 0.0239 0.0239 0.0258 0.00618 
563 0 0.92 0.024 0.024 0.0258 0.00619 
564 0 0.92 0.0241 0.0241 0.0258 0.0062 
565 0 0.92 0.0242 0.0242 0.0258 0.00621 
566 0 0.919 0.0243 0.0243 0.0258 0.00623 
567 0 0.919 0.0244 0.0244 0.0258 0.00624 
568 0 0.919 0.0245 0.0245 0.0258 0.00625 
569 0 0.918 0.0247 0.0247 0.0259 0.00627 
570 0 0.918 0.0249 0.0249 0.0259 0.0063 
571 0 0.918 0.025 0.025 0.026 0.00631 
572 0 0.917 0.0252 0.0252 0.026 0.00634 
573 0 0.917 0.0254 0.0254 0.0261 0.00636 
574 0 0.916 0.0256 0.0256 0.0262 0.00639 
575 0 0.916 0.0258 0.0258 0.0263 0.00642 
576 0 0.915 0.026 0.026 0.0263 0.00645 
577 0 0.914 0.0263 0.0263 0.0265 0.00649 
578 0 0.914 0.0266 0.0266 0.0266 0.00653 
579 0 0.913 0.0268 0.0269 0.0267 0.00657 
580 0 0.912 0.0271 0.0272 0.0268 0.00661 
581 0 0.912 0.0274 0.0275 0.027 0.00665 
582 0 0.911 0.0277 0.0278 0.0271 0.0067 
583 0 0.91 0.028 0.0281 0.0272 0.00673 
584 0 0.91 0.028 0.0281 0.0272 0.00673 
585 0 0.91 0.0281 0.0282 0.0272 0.00674 
586 0 0.91 0.0281 0.0282 0.0272 0.00672 
587 0 0.91 0.0279 0.028 0.0271 0.00668 
588 0 0.91 0.0279 0.028 0.0271 0.00666 
589 0 0.91 0.0278 0.028 0.0271 0.00665 
590 0 0.91 0.0278 0.028 0.0271 0.00664 
591 0 0.91 0.0278 0.028 0.0271 0.00663 
592 0 0.91 0.0278 0.028 0.0272 0.00662 
593 0 0.91 0.0279 0.028 0.0272 0.00662 
594 0 0.91 0.0279 0.0281 0.0273 0.00661 
595 0 0.91 0.0279 0.0281 0.0273 0.00661 
596 0 0.91 0.028 0.0282 0.0274 0.00661 
597 0 0.91 0.028 0.0282 0.0275 0.00661 
598 0 0.909 0.0281 0.0283 0.0276 0.00661 
599 0 0.909 0.0282 0.0284 0.0276 0.00661 
600 0 0.909 0.0282 0.0285 0.0277 0.00661 
601 0 0.909 0.0283 0.0285 0.0278 0.00661 
602 0 0.909 0.0283 0.0286 0.0279 0.00661 
603 0 0.908 0.0284 0.0287 0.028 0.00662 
604 0 0.908 0.0285 0.0288 0.0281 0.00662 
605 0 0.908 0.0285 0.0288 0.0282 0.00662 
606 0 0.908 0.0286 0.0289 0.0282 0.00662 
607 0 0.907 0.0286 0.029 0.0283 0.00662 
608 0 0.907 0.0287 0.029 0.0284 0.00662 
609 0 0.907 0.0288 0.0291 0.0285 0.00662 
610 0 0.907 0.0287 0.029 0.0285 0.0066 
611 0 0.908 0.0286 0.0289 0.0284 0.00657 
612 0 0.908 0.0284 0.0288 0.0284 0.00654 
613 0 0.908 0.0283 0.0287 0.0283 0.00651 
614 0 0.908 0.0282 0.0287 0.0283 0.00649 
615 0 0.909 0.0282 0.0286 0.0283 0.00646 
616 0 0.909 0.0281 0.0285 0.0282 0.00644 
617 0 0.909 0.028 0.0284 0.0282 0.00642 
618 0 0.909 0.0279 0.0284 0.0282 0.00639 
619 0 0.909 0.0278 0.0283 0.0282 0.00637 
620 0 0.909 0.0278 0.0283 0.0281 0.00635 
621 0 0.91 0.0277 0.0282 0.0281 0.00634 
622 0 0.91 0.0277 0.0282 0.0281 0.00632 
623 0 0.91 0.0276 0.0282 0.0281 0.0063 
624 0 0.91 0.0276 0.0281 0.0281 0.00629 
625 0 0.91 0.0276 0.0281 0.0281 0.00627 
626 0 0.91 0.0275 0.0281 0.0281 0.00626 
627 0 0.91 0.0275 0.0281 0.0281 0.00625 
628 0 0.91 0.0275 0.0281 0.0282 0.00624 
629 0 0.91 0.0275 0.0281 0.0282 0.00623 
630 0 0.91 0.0275 0.0281 0.0282 0.00622 
631 0 0.91 0.0275 0.0281 0.0282 0.00621 
632 0 0.91 0.0274 0.0281 0.0282 0.0062 
633 0 0.91 0.0274 0.0281 0.0282 0.00619 
634 0 0.91 0.0274 0.0282 0.0283 0.00618 
635 0 0.91 0.0274 0.0282 0.0283 0.00617 
636 0 0.91 0.0274 0.0282 0.0283 0.00616 
637 0 0.91 0.0275 0.0283 0.0283 0.00616 
638 0 0.91 0.0275 0.0283 0.0284 0.00615 
639 0 0.91 0.0275 0.0283 0.0284 0.00615 
640 0 0.909 0.0275 0.0284 0.0285 0.00614 
641 0 0.909 0.0276 0.0285 0.0285 0.00614 
642 0 0.91 0.0275 0.0284 0.0285 0.00612 
643 0 0.91 0.0274 0.0283 0.0284 0.0061 
644 0 0.91 0.0273 0.0283 0.0284 0.00608 
645 0 0.91 0.0273 0.0282 0.0283 0.00606 
646 0 0.91 0.0272 0.0282 0.0283 0.00604 
647 0 0.91 0.0271 0.0281 0.0283 0.00602 
648 0 0.911 0.0271 0.0281 0.0282 0.006 
649 0 0.911 0.027 0.0281 0.0282 0.00599 
650 0 0.911 0.0269 0.028 0.0282 0.00597 
651 0 0.911 0.0269 0.028 0.0281 0.00595 
652 0 0.911 0.0268 0.028 0.0281 0.00593 
653 0 0.911 0.0268 0.028 0.0281 0.00592 
654 0 0.911 0.0267 0.0279 0.0281 0.0059 
655 0 0.911 0.0267 0.0279 0.0281 0.00589 
656 0 0.911 0.0267 0.0279 0.028 0.00588 
657 0 0.912 0.0266 0.0279 0.028 0.00587 
658 0 0.912 0.0266 0.0279 0.028 0.00585 
659 0 0.912 0.0266 0.028 0.028 0.00584 
660 0 0.912 0.0266 0.028 0.028 0.00583 
661 0 0.912 0.0266 0.028 0.028 0.00583 
662 0 0.912 0.0265 0.028 0.028 0.00582 
663 0 0.912 0.0265 0.0281 0.028 0.00581 
664 0 0.912 0.0265 0.0281 0.028 0.0058 
665 0 0.912 0.0265 0.0281 0.028 0.00579 
666 0 0.912 0.0265 0.0282 0.028 0.00578 
667 0 0.911 0.0265 0.0282 0.028 0.00578 
668 0 0.911 0.0265 0.0283 0.028 0.00577 
669 0 0.911 0.0265 0.0283 0.028 0.00576 
670 0 0.911 0.0265 0.0284 0.028 0.00576 
671 0 0.911 0.0265 0.0284 0.028 0.00575 
672 0 0.911 0.0265 0.0285 0.028 0.00575 
673 0 0.911 0.0266 0.0286 0.028 0.00574 
674 0 0.911 0.0266 0.0287 0.028 0.00574 
675 0 0.911 0.0266 0.0288 0.0281 0.00574 
676 0 0.911 0.0266 0.0289 0.0281 0.00574 
677 0 0.911 0.0267 0.029 0.0281 0.00574 
678 0 0.91 0.0267 0.0291 0.0281 0.00574 
679 0 0.91 0.0267 0.0292 0.0281 0.00574 
680 0 0.91 0.0268 0.0293 0.0282 0.00574 
681 0 0.91 0.0268 0.0295 0.0282 0.00574 
682 0 0.909 0.0269 0.0297 0.0282 0.00574 
683 0 0.909 0.027 0.0298 0.0283 0.00575 
684 0 0.909 0.027 0.03 0.0283 0.00575 
685 0 0.909 0.0271 0.0302 0.0284 0.00576 
686 0 0.908 0.0272 0.0304 0.0284 0.00577 
687 0 0.908 0.0273 0.0306 0.0285 0.00577 
688 0 0.907 0.0273 0.0308 0.0285 0.00578 
689 0 0.907 0.0274 0.0311 0.0286 0.00579 
690 0 0.907 0.0275 0.0313 0.0287 0.0058 
691 0 0.906 0.0276 0.0316 0.0287 0.00582 
692 0 0.906 0.0278 0.0319 0.0288 0.00583 
693 0 0.905 0.0279 0.0323 0.0289 0.00585 
694 0 0.904 0.028 0.0326 0.029 0.00587 
695 0 0.904 0.0282 0.033 0.0291 0.00589 
696 0 0.903 0.0284 0.0334 0.0293 0.00592 
697 0 0.902 0.0285 0.0339 0.0294 0.00594 
698 0 0.901 0.0287 0.0344 0.0295 0.00597 
699 0 0.9 0.0289 0.0349 0.0297 0.006 
700 0 0.899 0.0292 0.0355 0.0299 0.00603 
701 0 0.898 0.0294 0.0361 0.03 0.00607 
702 0 0.897 0.0296 0.0367 0.0302 0.00611 
703 0 0.896 0.0299 0.0374 0.0304 0.00615 
704 0 0.895 0.0302 0.0381 0.0307 0.00619 
705 0 0.893 0.0305 0.0389 0.0309 0.00624 
706 0 0.892 0.0308 0.0398 0.0311 0.00629 
707 0 0.889 0.0316 0.0414 0.0317 0.00641 
708 0 0.888 0.0318 0.0422 0.0319 0.00645 
709 0 0.884 0.0326 0.044 0.0325 0.00658 
710 0 0.881 0.0334 0.0458 0.033 0.0067 
711 0 0.878 0.0342 0.0478 0.0336 0.00683 
712 0 0.874 0.0352 0.05 0.0343 0.00698 
713 0 0.87 0.0361 0.0523 0.0349 0.00712 
714 0 0.865 0.037 0.0548 0.0356 0.00727 
715 0 0.861 0.038 0.0575 0.0363 0.00743 
716 0 0.856 0.0391 0.0606 0.0371 0.0076 
717 0 0.85 0.0403 0.064 0.0379 0.00778 
718 0 0.844 0.0415 0.0677 0.0387 0.00797 
719 0 0.837 0.0429 0.0719 0.0396 0.00818 
720 0 0.83 0.0443 0.0766 0.0406 0.0084 
721 0 0.822 0.0458 0.0819 0.0417 0.00863 
722 0 0.813 0.0474 0.0878 0.0428 0.00889 
723 0 0.803 0.0492 0.0946 0.0439 0.00915 
724 0 0.792 0.051 0.102 0.0452 0.00944 
725 0 0.78 0.053 0.111 0.0465 0.00974 
726 0 0.766 0.0552 0.121 0.0479 0.0101 
727 0 0.75 0.0574 0.133 0.0493 0.0104 
728 0 0.732 0.0597 0.146 0.0508 0.0108 
729 0 0.713 0.0621 0.162 0.0523 0.0111 
730 0 0.691 0.0645 0.179 0.0537 0.0115 
731 0 0.666 0.0669 0.2 0.0551 0.0119 
732 0 0.638 0.0692 0.224 0.0565 0.0122 
733 0 0.607 0.0713 0.251 0.0576 0.0125 
734 0 0.573 0.0731 0.283 0.0584 0.0128 
735 0 0.536 0.0744 0.318 0.0589 0.013 
736 0 0.496 0.0752 0.357 0.0589 0.0131 
737 0 0.455 0.0752 0.399 0.0583 0.0131 
738 2 0.413 0.0743 0.443 0.0572 0.013 
739 2 0.371 0.0727 0.488 0.0555 0.0127 
740 2 0.333 0.0705 0.53 0.0535 0.0124 
741 2 0.298 0.0677 0.571 0.0511 0.0119 
742 2 0.267 0.0647 0.608 0.0485 0.0115 
743 2 0.241 0.0619 0.64 0.0462 0.011 
744 2 0.224 0.06 0.661 0.0444 0.0107 
745 2 0.211 0.0585 0.677 0.0431 0.0104 
746 2 0.2 0.0572 0.69 0.0418 0.0101 
747 2 0.19 0.056 0.703 0.0407 0.00991 
748 2 0.182 0.0549 0.714 0.0396 0.00969 
749 2 0.173 0.0538 0.725 0.0385 0.00948 
750 2 0.166 0.0527 0.735 0.0375 0.00927 
751 2 0.159 0.0517 0.744 0.0366 0.00908 
752 2 0.153 0.0508 0.752 0.0357 0.00889 
753 2 0.147 0.0498 0.76 0.0348 0.00871 
754 2 0.134 0.048 0.777 0.033 0.00836 
755 2 0.129 0.0471 0.783 0.0323 0.0082 
756 2 0.125 0.0464 0.789 0.0316 0.00805 
757 2 0.116 0.0448 0.802 0.0301 0.00775 
758 2 0.113 0.0441 0.806 0.0296 0.00762 
759 2 0.105 0.0426 0.817 0.0283 0.00735 
760 2 0.102 0.042 0.821 0.0278 0.00725 
761 2 0.0999 0.0415 0.824 0.0274 0.00714 
762 2 0.0937 0.0401 0.833 0.0263 0.00691 
763 2 0.0919 0.0397 0.836 0.0259 0.00682 
764 2 0.0901 0.0392 0.838 0.0255 0.00674 
765 2 0.085 0.038 0.846 0.0246 0.00653 
766 2 0.0837 0.0376 0.848 0.0243 0.00646 
767 2 0.0793 0.0365 0.854 0.0234 0.00627 
768 2 0.0782 0.0362 0.856 0.0232 0.00622 
769 2 0.0744 0.0352 0.862 0.0224 0.00604 
770 2 0.0736 0.0349 0.863 0.0222 0.006 
771 2 0.0703 0.034 0.868 0.0215 0.00584 
772 2 0.0697 0.0337 0.869 0.0214 0.0058 
773 2 0.0692 0.0335 0.87 0.0212 0.00576 
774 2 0.0663 0.0327 0.875 0.0206 0.00562 
775 2 0.066 0.0325 0.875 0.0205 0.0056 
776 2 0.0634 0.0318 0.879 0.02 0.00547 
777 2 0.0633 0.0316 0.88 0.0199 0.00545 
778 2 0.0609 0.0309 0.883 0.0194 0.00533 
779 2 0.0589 0.0303 0.887 0.0189 0.00522 
780 2 0.0589 0.0302 0.887 0.0189 0.00521 
781 2 0.0569 0.0296 0.89 0.0184 0.0051 
782 2 0.0553 0.0291 0.893 0.018 0.00501 
783 2 0.0537 0.0286 0.895 0.0177 0.00493 
784 2 0.0523 0.0281 0.897 0.0173 0.00485 
785 2 0.051 0.0277 0.9 0.017 0.00477 
786 2 0.0497 0.0273 0.902 0.0167 0.0047 
787 2 0.0485 0.0269 0.904 0.0164 0.00464 
788 2 0.0474 0.0265 0.905 0.0161 0.00457 
789 2 0.0464 0.0262 0.907 0.0159 0.00451 
790 2 0.0454 0.0259 0.909 0.0157 0.00445 
791 2 0.0447 0.0256 0.91 0.0155 0.00441 
792 2 0.0444 0.0256 0.91 0.0154 0.0044 
793 2 0.0443 0.0258 0.91 0.0154 0.0044 
794 2 0.0444 0.0259 0.91 0.0154 0.00441 
795 2 0.0445 0.0262 0.909 0.0155 0.00442 
796 2 0.0447 0.0264 0.909 0.0155 0.00444 
797 2 0.045 0.0267 0.908 0.0156 0.00447 
798 2 0.0453 0.027 0.907 0.0157 0.00449 
799 2 0.0456 0.0274 0.907 0.0158 0.00452 
800 2 0.046 0.0277 0.906 0.0159 0.00455 
801 2 0.0464 0.0281 0.905 0.016 0.00459 
802 2 0.0469 0.0286 0.904 0.0162 0.00463 
803 2 0.0474 0.029 0.903 0.0163 0.00467 
804 2 0.048 0.0295 0.901 0.0165 0.00471 
805 2 0.0486 0.03 0.9 0.0167 0.00476 
806 2 0.0493 0.0306 0.899 0.0169 0.00481 
807 2 0.0499 0.0311 0.897 0.017 0.00486 
808 2 0.0506 0.0317 0.896 0.0172 0.00491 
809 2 0.0512 0.0323 0.894 0.0174 0.00496 
810 2 0.0517 0.0328 0.893 0.0176 0.005 
811 2 0.0521 0.0334 0.892 0.0177 0.00504 
812 2 0.0526 0.0339 0.891 0.0178 0.00508 
813 2 0.053 0.0345 0.889 0.018 0.00512 
814 2 0.0532 0.035 0.889 0.0181 0.00515 
815 2 0.0534 0.0355 0.888 0.0181 0.00518 
816 2 0.0535 0.0361 0.887 0.0182 0.00521 
817 2 0.0535 0.0366 0.886 0.0183 0.00523 
818 2 0.0534 0.037 0.886 0.0183 0.00525 
819 2 0.0532 0.0374 0.886 0.0183 0.00525 
820 2 0.0528 0.0377 0.886 0.0182 0.00525 
821 2 0.0525 0.0381 0.886 0.0182 0.00525 
822 2 0.0522 0.0385 0.886 0.0181 0.00526 
823 2 0.0519 0.039 0.886 0.0181 0.00526 
824 2 0.0517 0.0395 0.885 0.0181 0.00528 
825 2 0.0515 0.0401 0.885 0.0181 0.00529 
826 2 0.0512 0.0407 0.885 0.0181 0.00531 
827 2 0.0509 0.0413 0.884 0.0181 0.00532 
828 2 0.0509 0.042 0.884 0.0181 0.00535 
829 2 0.0508 0.0428 0.883 0.0181 0.00537 
830 2 0.0506 0.0436 0.882 0.0182 0.00539 
831 2 0.0506 0.0444 0.881 0.0182 0.00542 
832 2 0.0505 0.0453 0.881 0.0182 0.00545 
833 2 0.0503 0.0462 0.88 0.0183 0.00548 
834 2 0.0503 0.0472 0.879 0.0183 0.00551 
835 2 0.0502 0.0482 0.878 0.0184 0.00554 
836 2 0.0501 0.0492 0.877 0.0184 0.00558 
837 2 0.0501 0.0503 0.876 0.0185 0.00561 
838 2 0.05 0.0514 0.874 0.0185 0.00564 
839 2 0.0499 0.0525 0.873 0.0185 0.00567 
840 2 0.0496 0.0534 0.873 0.0185 0.00569 
841 2 0.0492 0.0541 0.872 0.0185 0.00569 
842 2 0.0489 0.055 0.872 0.0184 0.0057 
843 2 0.0486 0.0558 0.871 0.0184 0.00571 
844 2 0.0484 0.0568 0.871 0.0184 0.00573 
845 2 0.0483 0.058 0.87 0.0184 0.00575 
846 2 0.0482 0.0593 0.868 0.0185 0.00579 
847 2 0.0483 0.0607 0.867 0.0186 0.00582 
848 2 0.0483 0.0622 0.865 0.0186 0.00587 
849 2 0.0484 0.0638 0.863 0.0188 0.00592 
850 2 0.0486 0.0656 0.861 0.0189 0.00597 
851 2 0.0488 0.0675 0.859 0.019 0.00602 
852 2 0.0491 0.0695 0.856 0.0192 0.00609 
853 2 0.0494 0.0718 0.853 0.0193 0.00616 
854 2 0.0498 0.0743 0.85 0.0195 0.00623 
855 2 0.0502 0.0769 0.847 0.0197 0.00631 
856 2 0.0506 0.0797 0.843 0.0199 0.00639 
857 2 0.0511 0.0827 0.84 0.0202 0.00647 
858 2 0.0516 0.086 0.835 0.0204 0.00657 
859 2 0.0522 0.0896 0.831 0.0207 0.00667 
860 2 0.0528 0.0936 0.826 0.021 0.00677 
861 2 0.0535 0.0979 0.82 0.0213 0.00689 
862 2 0.0542 0.103 0.815 0.0216 0.00701 
863 2 0.055 0.108 0.808 0.022 0.00713 
864 2 0.0559 0.114 0.801 0.0224 0.00728 
865 2 0.0568 0.121 0.792 0.0228 0.00743 
866 2 0.0579 0.128 0.783 0.0233 0.00759 
867 2 0.059 0.137 0.772 0.0238 0.00778 
868 2 0.0603 0.148 0.759 0.0244 0.00798 
869 2 0.0618 0.162 0.743 0.0251 0.00821 
870 2 0.0635 0.179 0.724 0.0258 0.00847 
871 2 0.0652 0.199 0.7 0.0266 0.00875 
872 2 0.067 0.225 0.672 0.0275 0.00905 
873 2 0.0686 0.256 0.638 0.0283 0.00933 
874 2 0.0699 0.292 0.599 0.029 0.00958 
875 2 0.0706 0.335 0.556 0.0295 0.00977 
876 2 0.0705 0.383 0.507 0.0297 0.00986 
877 2 0.0695 0.436 0.455 0.0295 0.00983 
878 1 0.0675 0.491 0.403 0.0289 0.00967 
879 1 0.0643 0.55 0.349 0.0278 0.00936 
880 1 0.0599 0.611 0.294 0.0263 0.00887 
881 1 0.0546 0.67 0.243 0.0243 0.00825 
882 1 0.0494 0.719 0.202 0.0222 0.00762 
883 1 0.0446 0.758 0.17 0.0204 0.00702 
884 1 0.0405 0.789 0.145 0.0187 0.00649 
885 1 0.037 0.814 0.126 0.0173 0.00602 
886 1 0.034 0.834 0.111 0.016 0.00561 
887 1 0.0313 0.85 0.0981 0.0149 0.00526 
888 1 0.0291 0.864 0.088 0.014 0.00494 
889 1 0.0271 0.875 0.0796 0.0131 0.00466 
890 1 0.0255 0.885 0.0729 0.0124 0.00443 
891 1 0.0242 0.892 0.0679 0.0119 0.00425 
892 1 0.0231 0.898 0.0636 0.0114 0.00409 
893 1 0.0221 0.903 0.06 0.011 0.00395 
894 1 0.0214 0.907 0.0572 0.0106 0.00384 
895 1 0.0207 0.91 0.0549 0.0103 0.00374 
896 1 0.0203 0.912 0.0534 0.0102 0.00368 
897 1 0.0201 0.914 0.0525 0.0101 0.00365 
898 1 0.0199 0.915 0.0519 0.00998 0.00362 
899 1 0.0198 0.915 0.0514 0.00992 0.00361 
900 1 0.0197 0.916 0.051 0.00988 0.00359 
901 1 0.0196 0.916 0.0506 0.00984 0.00358 
902 1 0.0195 0.917 0.0504 0.00981 0.00357 
903 1 0.0194 0.917 0.0501 0.00979 0.00357 
904 1 0.0194 0.917 0.0499 0.00978 0.00356 
905 1 0.0193 0.918 0.0498 0.00976 0.00356 
906 1 0.0193 0.918 0.0496 0.00974 0.00356 
907 1 0.0193 0.918 0.0494 0.00973 0.00355 
908 1 0.0192 0.918 0.0493 0.00972 0.00355 
909 1 0.0192 0.918 0.0492 0.00971 0.00355 
910 1 0.0191 0.919 0.049 0.0097 0.00355 
911 1 0.0191 0.919 0.0489 0.00968 0.00355 
912 1 0.019 0.919 0.0487 0.00967 0.00354 
913 1 0.019 0.919 0.0485 0.00964 0.00354 
914 1 0.0189 0.92 0.0483 0.00961 0.00354 
915 1 0.0188 0.92 0.0481 0.00959 0.00354 
916 1 0.0188 0.92 0.0479 0.00957 0.00353 
917 1 0.0187 0.92 0.0478 0.00955 0.00353 
918 1 0.0186 0.921 0.0476 0.00953 0.00353 
919 1 0.0186 0.921 0.0475 0.0095 0.00353 
920 1 0.0185 0.921 0.0473 0.00948 0.00353 
921 1 0.0184 0.921 0.0472 0.00946 0.00353 
922 1 0.0183 0.922 0.047 0.00943 0.00353 
923 1 0.0182 0.922 0.0468 0.0094 0.00353 
924 1 0.0182 0.922 0.0466 0.00936 0.00353 
925 1 0.018 0.923 0.0464 0.00932 0.00352 
926 1 0.0179 0.923 0.0462 0.00928 0.00352 
927 1 0.0178 0.923 0.046 0.00924 0.00352 
928 1 0.0177 0.924 0.0458 0.0092 0.00352 
929 1 0.0176 0.924 0.0457 0.00917 0.00351 
930 1 0.0175 0.924 0.0456 0.00913 0.00351 
931 1 0.0174 0.925 0.0454 0.00909 0.00351 
932 1 0.0173 0.925 0.0451 0.00903 0.00349 
933 1 0.0171 0.926 0.0448 0.00897 0.00348 
934 1 0.0169 0.926 0.0445 0.00889 0.00346 
935 1 0.0168 0.927 0.0441 0.00882 0.00344 
936 1 0.0166 0.927 0.0438 0.00875 0.00342 
937 1 0.0165 0.928 0.0435 0.00869 0.0034 
938 1 0.0163 0.928 0.0432 0.00863 0.00338 
939 1 0.0162 0.929 0.0429 0.00857 0.00337 
940 1 0.0161 0.929 0.0426 0.00851 0.00335 
941 1 0.0159 0.93 0.0424 0.00845 0.00333 
942 1 0.0158 0.93 0.0421 0.0084 0.00332 
943 1 0.0157 0.931 0.0418 0.00834 0.0033 
944 1 0.0155 0.931 0.0415 0.00828 0.00328 
945 1 0.0154 0.932 0.0412 0.00821 0.00326 
946 1 0.0152 0.932 0.0409 0.00815 0.00324 
947 1 0.0151 0.933 0.0406 0.00809 0.00322 
948 1 0.015 0.933 0.0403 0.00803 0.0032 
949 1 0.0148 0.934 0.04 0.00797 0.00318 
950 1 0.0147 0.935 0.0397 0.00791 0.00316 
951 1 0.0146 0.935 0.0394 0.00785 0.00314 
952 1 0.0145 0.935 0.0392 0.00781 0.00312 
953 1 0.0144 0.936 0.0391 0.00777 0.00311 
954 1 0.0144 0.936 0.039 0.00775 0.0031 
955 1 0.0143 0.936 0.039 0.00773 0.00309 
956 1 0.0143 0.936 0.039 0.00772 0.00309 
957 1 0.0143 0.936 0.0391 0.00771 0.00308 
958 1 0.0142 0.936 0.0392 0.00771 0.00308 
959 1 0.0142 0.936 0.0393 0.00771 0.00308 
960 1 0.0142 0.936 0.0394 0.00771 0.00308 
961 1 0.0142 0.935 0.0395 0.00771 0.00309 
962 1 0.0142 0.935 0.0397 0.00772 0.00309 
963 1 0.0143 0.935 0.0398 0.00772 0.00309 
964 1 0.0143 0.935 0.04 0.00773 0.00309 
965 1 0.0143 0.935 0.0401 0.00773 0.0031 
966 1 0.0143 0.935 0.0403 0.00774 0.0031 
967 1 0.0143 0.934 0.0404 0.00775 0.00311 
968 1 0.0143 0.934 0.0406 0.00775 0.00311 
969 1 0.0143 0.934 0.0407 0.00776 0.00311 
970 1 0.0143 0.934 0.0408 0.00776 0.00312 
971 1 0.0143 0.934 0.0409 0.00775 0.00312 
972 1 0.0143 0.934 0.0409 0.00774 0.00312 
973 1 0.0142 0.934 0.0408 0.00773 0.00311 
974 1 0.0142 0.934 0.0407 0.0077 0.0031 
975 1 0.0141 0.935 0.0405 0.00767 0.0031 
976 1 0.014 0.935 0.0404 0.00764 0.00309 
977 1 0.014 0.935 0.0402 0.00761 0.00308 
978 1 0.0139 0.935 0.0401 0.00758 0.00307 
979 1 0.0138 0.936 0.0399 0.00755 0.00306 
980 1 0.0138 0.936 0.0398 0.00752 0.00305 
981 1 0.0137 0.936 0.0397 0.0075 0.00305 
982 1 0.0137 0.936 0.0396 0.00748 0.00304 
