0 0 0.2 0.2 0.2 0.2 0.2 
1 3 0.175 0.197 0.211 0.212 0.205 
2 3 0.173 0.197 0.21 0.214 0.206 
3 3 0.173 0.197 0.21 0.214 0.206 
4 3 0.173 0.197 0.21 0.214 0.207 
5 3 0.172 0.197 0.21 0.214 0.207 
6 3 0.172 0.196 0.209 0.214 0.208 
7 3 0.172 0.196 0.209 0.214 0.208 
8 3 0.172 0.196 0.209 0.214 0.209 
9 3 0.172 0.196 0.208 0.214 0.21 
10 3 0.171 0.195 0.208 0.214 0.211 
11 3 0.171 0.195 0.208 0.214 0.212 
12 3 0.171 0.195 0.207 0.214 0.213 
13 4 0.17 0.194 0.207 0.214 0.215 
14 4 0.17 0.194 0.206 0.214 0.217 
15 4 0.17 0.193 0.205 0.213 0.219 
16 4 0.169 0.192 0.204 0.212 0.222 
17 4 0.168 0.191 0.203 0.212 0.226 
18 4 0.167 0.19 0.201 0.21 0.231 
19 4 0.166 0.188 0.199 0.209 0.238 
20 4 0.164 0.186 0.197 0.207 0.247 
21 4 0.162 0.184 0.194 0.204 0.256 
22 4 0.16 0.181 0.191 0.201 0.267 
23 4 0.157 0.178 0.188 0.198 0.278 
24 4 0.155 0.175 0.185 0.195 0.29 
25 4 0.152 0.172 0.181 0.192 0.302 
26 4 0.15 0.169 0.178 0.188 0.316 
27 4 0.147 0.165 0.174 0.185 0.329 
28 4 0.144 0.162 0.17 0.181 0.344 
29 4 0.141 0.158 0.166 0.177 0.359 
30 4 0.137 0.154 0.161 0.173 0.374 
31 4 0.134 0.15 0.157 0.168 0.39 
32 4 0.131 0.146 0.153 0.164 0.407 
33 4 0.127 0.142 0.148 0.159 0.423 
34 4 0.123 0.138 0.144 0.155 0.44 
35 4 0.12 0.133 0.139 0.15 0.458 
36 4 0.116 0.129 0.134 0.145 0.475 
37 4 0.112 0.125 0.13 0.141 0.492 
38 4 0.109 0.12 0.125 0.136 0.51 
39 4 0.105 0.116 0.121 0.131 0.527 
40 4 0.101 0.112 0.116 0.127 0.544 
41 4 0.0975 0.108 0.112 0.122 0.561 
42 4 0.0939 0.104 0.107 0.118 0.577 
43 4 0.0904 0.0997 0.103 0.113 0.593 
44 4 0.0871 0.0959 0.0992 0.109 0.609 
45 4 0.0838 0.0922 0.0953 0.105 0.624 
46 4 0.0806 0.0886 0.0915 0.101 0.638 
47 4 0.0775 0.0851 0.0879 0.0973 0.652 
48 4 0.0746 0.0818 0.0844 0.0936 0.666 
49 4 0.0717 0.0786 0.081 0.0901 0.679 
50 4 0.069 0.0755 0.0779 0.0867 0.691 
51 4 0.0664 0.0726 0.0748 0.0835 0.703 
52 4 0.0639 0.0698 0.0719 0.0804 0.714 
53 4 0.0615 0.0671 0.0691 0.0774 0.725 
54 4 0.0592 0.0646 0.0665 0.0746 0.735 
55 4 0.057 0.0622 0.0639 0.0719 0.745 
56 4 0.055 0.0598 0.0615 0.0692 0.754 
57 4 0.0529 0.0576 0.0592 0.0667 0.764 
58 4 0.051 0.0554 0.0569 0.0642 0.773 
59 4 0.049 0.0532 0.0547 0.0618 0.781 
60 4 0.047 0.0511 0.0524 0.0593 0.79 
61 4 0.0452 0.049 0.0503 0.057 0.799 
62 4 0.0435 0.0471 0.0483 0.0549 0.806 
63 4 0.042 0.0455 0.0466 0.053 0.813 
64 4 0.0406 0.0439 0.045 0.0512 0.819 
65 4 0.0393 0.0425 0.0435 0.0496 0.825 
66 4 0.038 0.0411 0.0421 0.0481 0.831 
67 4 0.0369 0.0399 0.0408 0.0467 0.836 
68 4 0.0358 0.0387 0.0396 0.0455 0.84 
69 4 0.0348 0.0376 0.0384 0.0442 0.845 
70 4 0.0338 0.0365 0.0373 0.0431 0.849 
71 4 0.0329 0.0355 0.0363 0.042 0.853 
72 4 0.0321 0.0345 0.0353 0.041 0.857 
73 4 0.0312 0.0336 0.0344 0.04 0.861 
74 4 0.0304 0.0328 0.0335 0.0391 0.864 
75 4 0.0298 0.0321 0.0328 0.0384 0.867 
76 4 0.0294 0.0317 0.0323 0.038 0.869 
77 4 0.0292 0.0314 0.032 0.0379 0.87 
78 4 0.029 0.0312 0.0318 0.0378 0.87 
79 4 0.0288 0.031 0.0316 0.0378 0.871 
80 4 0.0287 0.0308 0.0315 0.0378 0.871 
81 4 0.0286 0.0307 0.0314 0.0379 0.871 
82 4 0.0285 0.0306 0.0312 0.038 0.872 
83 4 0.0284 0.0305 0.0311 0.0381 0.872 
84 4 0.0283 0.0304 0.031 0.0382 0.872 
85 4 0.0282 0.0303 0.031 0.0383 0.872 
86 4 0.0281 0.0302 0.0308 0.0385 0.872 
87 4 0.028 0.0301 0.0307 0.0386 0.873 
88 4 0.0279 0.03 0.0306 0.0386 0.873 
89 4 0.0277 0.0298 0.0304 0.0386 0.874 
90 4 0.0274 0.0294 0.03 0.0384 0.875 
91 4 0.0268 0.0287 0.0293 0.0377 0.878 
92 4 0.026 0.0279 0.0284 0.0367 0.881 
93 4 0.0253 0.0271 0.0277 0.0358 0.884 
94 4 0.0248 0.0266 0.0271 0.0352 0.886 
95 4 0.0243 0.0261 0.0266 0.0347 0.888 
96 4 0.024 0.0257 0.0262 0.0343 0.89 
97 4 0.0237 0.0253 0.0258 0.034 0.891 
98 4 0.0234 0.025 0.0255 0.0338 0.892 
99 4 0.0231 0.0248 0.0252 0.0336 0.893 
100 4 0.0229 0.0245 0.0249 0.0334 0.894 
101 4 0.0227 0.0243 0.0247 0.0333 0.895 
102 4 0.0225 0.024 0.0245 0.0331 0.896 
103 4 0.0223 0.0238 0.0243 0.033 0.897 
104 4 0.0221 0.0236 0.024 0.0329 0.897 
105 4 0.0219 0.0234 0.0238 0.0327 0.898 
106 4 0.0216 0.0231 0.0235 0.0325 0.899 
107 4 0.0214 0.0228 0.0232 0.0322 0.9 
108 4 0.0211 0.0225 0.0229 0.0319 0.902 
109 4 0.0208 0.0223 0.0226 0.0317 0.903 
110 4 0.0206 0.022 0.0224 0.0315 0.904 
111 4 0.0204 0.0218 0.0221 0.0313 0.904 
112 4 0.0202 0.0216 0.0219 0.0311 0.905 
113 4 0.02 0.0214 0.0217 0.031 0.906 
114 4 0.0199 0.0212 0.0215 0.0309 0.907 
115 4 0.0197 0.021 0.0214 0.0308 0.907 
116 4 0.0196 0.0209 0.0212 0.0307 0.908 
117 4 0.0194 0.0208 0.0211 0.0307 0.908 
118 4 0.0193 0.0206 0.021 0.0306 0.908 
119 4 0.0192 0.0205 0.0208 0.0306 0.909 
120 4 0.0191 0.0204 0.0207 0.0306 0.909 
121 4 0.019 0.0203 0.0206 0.0306 0.91 
122 4 0.0189 0.0202 0.0205 0.0306 0.91 
123 4 0.0189 0.0201 0.0204 0.0306 0.91 
124 4 0.0188 0.02 0.0203 0.0306 0.91 
125 4 0.0187 0.0199 0.0202 0.0307 0.91 
126 4 0.0186 0.0199 0.0202 0.0307 0.911 
127 4 0.0186 0.0198 0.0201 0.0308 0.911 
128 4 0.0185 0.0197 0.02 0.0308 0.911 
129 4 0.0185 0.0197 0.02 0.0309 0.911 
130 4 0.0184 0.0196 0.0199 0.031 0.911 
131 4 0.0184 0.0196 0.0198 0.0311 0.911 
132 4 0.0183 0.0195 0.0198 0.0312 0.911 
133 4 0.0183 0.0195 0.0198 0.0313 0.911 
134 4 0.0182 0.0194 0.0197 0.0314 0.911 
135 4 0.0182 0.0194 0.0197 0.0315 0.911 
136 4 0.0182 0.0194 0.0196 0.0316 0.911 
137 4 0.0181 0.0193 0.0196 0.0318 0.911 
138 4 0.0181 0.0193 0.0196 0.0319 0.911 
139 4 0.0181 0.0193 0.0195 0.0321 0.911 
140 4 0.0181 0.0193 0.0195 0.0322 0.911 
141 4 0.0181 0.0192 0.0195 0.0324 0.911 
142 4 0.018 0.0192 0.0195 0.0326 0.911 
143 4 0.018 0.0192 0.0195 0.0327 0.911 
144 4 0.018 0.0192 0.0195 0.0329 0.91 
145 4 0.018 0.0192 0.0194 0.0331 0.91 
146 4 0.018 0.0192 0.0194 0.0333 0.91 
147 4 0.018 0.0192 0.0194 0.0336 0.91 
148 4 0.018 0.0192 0.0194 0.0338 0.91 
149 4 0.018 0.0192 0.0194 0.034 0.909 
150 4 0.018 0.0192 0.0194 0.0343 0.909 
151 4 0.018 0.0192 0.0195 0.0346 0.909 
152 4 0.0181 0.0192 0.0195 0.0348 0.908 
153 4 0.0181 0.0192 0.0195 0.0351 0.908 
154 4 0.0181 0.0192 0.0195 0.0354 0.908 
155 4 0.0181 0.0193 0.0195 0.0357 0.907 
156 4 0.0181 0.0193 0.0195 0.0361 0.907 
157 4 0.0182 0.0193 0.0196 0.0364 0.907 
158 4 0.0182 0.0194 0.0196 0.0367 0.906 
159 4 0.0182 0.0194 0.0196 0.0371 0.906 
160 4 0.0183 0.0194 0.0197 0.0375 0.905 
161 4 0.0183 0.0195 0.0197 0.0379 0.905 
162 4 0.0183 0.0195 0.0197 0.0383 0.904 
163 4 0.0184 0.0195 0.0198 0.0387 0.904 
164 4 0.0184 0.0196 0.0198 0.0392 0.903 
165 4 0.0185 0.0196 0.0199 0.0396 0.902 
166 4 0.0185 0.0197 0.0199 0.0401 0.902 
167 4 0.0186 0.0197 0.02 0.0406 0.901 
168 4 0.0186 0.0198 0.02 0.0411 0.9 
169 4 0.0187 0.0199 0.0201 0.0416 0.9 
170 4 0.0187 0.0199 0.0201 0.0421 0.899 
171 4 0.0188 0.02 0.0202 0.0426 0.898 
172 4 0.0189 0.02 0.0203 0.0432 0.898 
173 4 0.0189 0.0201 0.0203 0.0438 0.897 
174 4 0.019 0.0202 0.0204 0.0444 0.896 
175 4 0.0191 0.0203 0.0205 0.045 0.895 
176 4 0.0191 0.0203 0.0205 0.0456 0.894 
177 4 0.0192 0.0204 0.0206 0.0462 0.894 
178 4 0.0193 0.0205 0.0207 0.0469 0.893 
179 4 0.0193 0.0206 0.0208 0.0476 0.892 
180 4 0.0194 0.0206 0.0209 0.0483 0.891 
181 4 0.0195 0.0207 0.0209 0.049 0.89 
182 4 0.0196 0.0208 0.021 0.0497 0.889 
183 4 0.0197 0.0209 0.0211 0.0505 0.888 
184 4 0.0197 0.021 0.0212 0.0513 0.887 
185 4 0.0198 0.0211 0.0213 0.0521 0.886 
186 4 0.0199 0.0211 0.0214 0.0529 0.885 
187 4 0.02 0.0212 0.0215 0.0537 0.884 
188 4 0.0201 0.0213 0.0216 0.0546 0.882 
189 4 0.0202 0.0214 0.0216 0.0555 0.881 
190 4 0.0203 0.0215 0.0217 0.0564 0.88 
191 4 0.0204 0.0216 0.0218 0.0573 0.879 
192 4 0.0205 0.0217 0.022 0.0583 0.878 
193 4 0.0206 0.0218 0.0221 0.0593 0.876 
194 4 0.0207 0.022 0.0222 0.0603 0.875 
195 4 0.0208 0.0221 0.0223 0.0614 0.873 
196 4 0.0209 0.0222 0.0224 0.0625 0.872 
197 4 0.021 0.0223 0.0225 0.0637 0.871 
198 4 0.0211 0.0224 0.0226 0.0649 0.869 
199 4 0.0213 0.0226 0.0228 0.0661 0.867 
200 4 0.0214 0.0227 0.0229 0.0674 0.866 
201 4 0.0215 0.0228 0.023 0.0687 0.864 
202 4 0.0216 0.0229 0.0231 0.0701 0.862 
203 4 0.0218 0.0231 0.0233 0.0715 0.86 
204 4 0.0219 0.0232 0.0234 0.073 0.858 
205 4 0.022 0.0234 0.0236 0.0746 0.856 
206 4 0.0222 0.0235 0.0237 0.0762 0.854 
207 4 0.0223 0.0237 0.0239 0.078 0.852 
208 4 0.0225 0.0239 0.0241 0.0798 0.85 
209 4 0.0227 0.024 0.0242 0.0817 0.847 
210 4 0.0228 0.0242 0.0244 0.0838 0.845 
211 4 0.023 0.0244 0.0246 0.0859 0.842 
212 4 0.0232 0.0246 0.0248 0.0882 0.839 
213 4 0.0234 0.0248 0.025 0.0906 0.836 
214 4 0.0236 0.025 0.0252 0.0931 0.833 
215 4 0.0238 0.0252 0.0254 0.0958 0.83 
216 4 0.024 0.0255 0.0256 0.0987 0.826 
217 4 0.0243 0.0257 0.0259 0.102 0.822 
218 4 0.0245 0.0259 0.0261 0.105 0.819 
219 4 0.0247 0.0262 0.0264 0.108 0.814 
220 4 0.025 0.0264 0.0266 0.112 0.81 
221 4 0.0252 0.0267 0.0269 0.115 0.806 
222 4 0.0254 0.0269 0.0271 0.119 0.801 
223 4 0.0257 0.0272 0.0274 0.123 0.797 
224 4 0.0259 0.0274 0.0276 0.127 0.792 
225 4 0.0262 0.0277 0.0279 0.131 0.787 
226 4 0.0264 0.0279 0.0281 0.135 0.782 
227 4 0.0266 0.0282 0.0284 0.14 0.777 
228 4 0.0268 0.0284 0.0286 0.144 0.772 
229 4 0.0271 0.0287 0.0288 0.149 0.766 
230 4 0.0273 0.0289 0.0291 0.154 0.761 
231 4 0.0275 0.0291 0.0293 0.159 0.755 
232 4 0.0278 0.0294 0.0295 0.164 0.749 
233 4 0.028 0.0296 0.0298 0.17 0.743 
234 4 0.0282 0.0298 0.03 0.175 0.737 
235 4 0.0284 0.0301 0.0302 0.181 0.73 
236 4 0.0286 0.0303 0.0304 0.187 0.724 
237 4 0.0288 0.0305 0.0306 0.193 0.717 
238 4 0.029 0.0307 0.0308 0.2 0.71 
239 4 0.0292 0.0309 0.031 0.206 0.702 
240 4 0.0294 0.0311 0.0312 0.213 0.695 
241 4 0.0296 0.0313 0.0314 0.22 0.687 
242 4 0.0298 0.0315 0.0316 0.228 0.679 
243 4 0.0299 0.0316 0.0318 0.236 0.671 
244 4 0.0301 0.0318 0.0319 0.243 0.663 
245 4 0.0302 0.032 0.0321 0.252 0.654 
246 4 0.0304 0.0321 0.0322 0.26 0.645 
247 4 0.0305 0.0322 0.0323 0.269 0.636 
248 4 0.0306 0.0324 0.0325 0.278 0.627 
249 4 0.0307 0.0325 0.0326 0.287 0.617 
250 4 0.0308 0.0326 0.0327 0.296 0.608 
251 4 0.0309 0.0326 0.0327 0.306 0.598 
252 4 0.031 0.0327 0.0328 0.316 0.587 
253 4 0.031 0.0328 0.0328 0.326 0.577 
254 4 0.0311 0.0328 0.0329 0.337 0.566 
255 4 0.0311 0.0328 0.0329 0.348 0.556 
256 4 0.0311 0.0328 0.0328 0.358 0.545 
257 4 0.031 0.0328 0.0328 0.37 0.534 
258 4 0.031 0.0327 0.0328 0.381 0.523 
259 4 0.0309 0.0326 0.0327 0.393 0.511 
260 4 0.0309 0.0326 0.0326 0.404 0.5 
261 4 0.0308 0.0324 0.0325 0.416 0.488 
262 4 0.0306 0.0323 0.0323 0.428 0.477 
263 4 0.0305 0.0322 0.0322 0.44 0.465 
264 4 0.0304 0.032 0.032 0.452 0.454 
265 3 0.0302 0.0318 0.0318 0.464 0.442 
266 3 0.03 0.0316 0.0316 0.476 0.431 
267 3 0.0298 0.0314 0.0314 0.488 0.42 
268 3 0.0295 0.0311 0.0311 0.499 0.409 
269 3 0.0293 0.0309 0.0309 0.51 0.399 
270 3 0.0292 0.0307 0.0307 0.517 0.392 
271 3 0.029 0.0306 0.0306 0.52 0.389 
272 3 0.029 0.0305 0.0305 0.521 0.389 
273 3 0.029 0.0305 0.0305 0.519 0.392 
274 3 0.029 0.0305 0.0305 0.515 0.395 
275 3 0.029 0.0305 0.0305 0.512 0.398 
276 3 0.029 0.0305 0.0305 0.508 0.402 
277 3 0.029 0.0305 0.0304 0.506 0.404 
278 3 0.0289 0.0304 0.0304 0.506 0.405 
279 3 0.0288 0.0303 0.0303 0.509 0.401 
280 3 0.0286 0.0301 0.0301 0.517 0.394 
281 3 0.0284 0.0299 0.0298 0.527 0.385 
282 3 0.0281 0.0296 0.0295 0.539 0.374 
283 3 0.0278 0.0293 0.0292 0.551 0.362 
284 3 0.0275 0.0289 0.0289 0.563 0.351 
285 3 0.0272 0.0286 0.0285 0.575 0.341 
286 3 0.0269 0.0283 0.0282 0.586 0.331 
287 3 0.0266 0.0279 0.0279 0.597 0.321 
288 3 0.0263 0.0276 0.0275 0.607 0.312 
289 3 0.026 0.0273 0.0272 0.616 0.303 
290 3 0.0256 0.0269 0.0269 0.625 0.295 
291 3 0.0253 0.0266 0.0265 0.634 0.288 
292 3 0.0251 0.0263 0.0262 0.642 0.28 
293 3 0.0248 0.026 0.0259 0.65 0.274 
294 3 0.0245 0.0257 0.0256 0.657 0.267 
295 3 0.0242 0.0254 0.0253 0.664 0.261 
296 3 0.024 0.0251 0.025 0.67 0.255 
297 3 0.0237 0.0249 0.0248 0.677 0.25 
298 3 0.0234 0.0246 0.0245 0.683 0.245 
299 3 0.0232 0.0243 0.0242 0.688 0.24 
300 3 0.023 0.0241 0.024 0.693 0.235 
301 3 0.0227 0.0238 0.0237 0.699 0.231 
302 3 0.0225 0.0236 0.0235 0.703 0.227 
303 3 0.0223 0.0234 0.0233 0.708 0.223 
304 3 0.0221 0.0232 0.0231 0.713 0.219 
305 3 0.0219 0.023 0.0228 0.717 0.216 
306 3 0.0217 0.0227 0.0226 0.721 0.212 
307 3 0.0215 0.0225 0.0224 0.725 0.209 
308 3 0.0213 0.0223 0.0222 0.728 0.206 
309 3 0.0212 0.0222 0.022 0.732 0.203 
310 3 0.021 0.022 0.0219 0.735 0.2 
311 3 0.0208 0.0218 0.0217 0.739 0.197 
312 3 0.0206 0.0216 0.0215 0.742 0.194 
313 3 0.0205 0.0214 0.0213 0.745 0.192 
314 3 0.0203 0.0213 0.0212 0.748 0.189 
315 3 0.0202 0.0211 0.021 0.751 0.187 
316 3 0.02 0.021 0.0208 0.753 0.185 
317 3 0.0199 0.0208 0.0207 0.756 0.183 
318 3 0.0198 0.0207 0.0205 0.759 0.181 
319 3 0.0196 0.0205 0.0204 0.761 0.178 
320 3 0.0195 0.0204 0.0203 0.763 0.177 
321 3 0.0194 0.0202 0.0201 0.766 0.175 
322 3 0.0192 0.0201 0.02 0.768 0.173 
323 3 0.0191 0.02 0.0198 0.77 0.171 
324 3 0.019 0.0199 0.0197 0.772 0.169 
325 3 0.0189 0.0197 0.0196 0.774 0.168 
326 3 0.0188 0.0196 0.0195 0.776 0.166 
327 3 0.0187 0.0195 0.0194 0.778 0.165 
328 3 0.0185 0.0194 0.0192 0.78 0.163 
329 3 0.0184 0.0193 0.0191 0.781 0.162 
330 3 0.0183 0.0192 0.019 0.783 0.16 
331 3 0.0182 0.019 0.0189 0.785 0.159 
332 3 0.0181 0.0189 0.0188 0.786 0.158 
333 3 0.018 0.0188 0.0187 0.788 0.156 
334 3 0.018 0.0187 0.0186 0.79 0.155 
335 3 0.0179 0.0186 0.0185 0.791 0.154 
336 3 0.0178 0.0185 0.0184 0.793 0.153 
337 3 0.0177 0.0185 0.0183 0.794 0.152 
338 3 0.0176 0.0184 0.0182 0.795 0.151 
339 3 0.0175 0.0183 0.0181 0.797 0.149 
340 3 0.0174 0.0182 0.018 0.798 0.148 
341 3 0.0174 0.0181 0.0179 0.799 0.147 
342 3 0.0173 0.018 0.0179 0.8 0.146 
343 3 0.0172 0.0179 0.0178 0.802 0.145 
344 3 0.0171 0.0178 0.0177 0.803 0.145 
345 3 0.017 0.0178 0.0176 0.804 0.144 
346 3 0.017 0.0177 0.0175 0.805 0.143 
347 3 0.0169 0.0176 0.0175 0.806 0.142 
348 3 0.0168 0.0175 0.0174 0.807 0.141 
349 3 0.0168 0.0175 0.0173 0.808 0.14 
350 3 0.0167 0.0174 0.0172 0.809 0.139 
351 3 0.0166 0.0173 0.0172 0.81 0.139 
352 3 0.0166 0.0173 0.0171 0.811 0.138 
353 3 0.0165 0.0172 0.017 0.812 0.137 
354 3 0.0164 0.0171 0.0169 0.813 0.136 
355 3 0.0164 0.0171 0.0169 0.814 0.136 
356 3 0.0163 0.017 0.0168 0.815 0.135 
357 3 0.0163 0.0169 0.0168 0.816 0.134 
358 3 0.0162 0.0169 0.0167 0.817 0.134 
359 3 0.0162 0.0168 0.0166 0.817 0.133 
360 3 0.0161 0.0167 0.0166 0.818 0.132 
361 3 0.016 0.0167 0.0165 0.819 0.132 
362 3 0.016 0.0166 0.0164 0.82 0.131 
363 3 0.0159 0.0166 0.0164 0.821 0.131 
364 3 0.0159 0.0165 0.0163 0.821 0.13 
365 3 0.0158 0.0165 0.0163 0.822 0.129 
366 3 0.0158 0.0164 0.0162 0.823 0.129 
367 3 0.0157 0.0164 0.0162 0.823 0.128 
368 3 0.0157 0.0163 0.0161 0.824 0.128 
369 3 0.0157 0.0163 0.0161 0.825 0.127 
370 3 0.0156 0.0162 0.016 0.825 0.127 
371 3 0.0156 0.0162 0.016 0.826 0.126 
372 3 0.0155 0.0161 0.0159 0.827 0.126 
373 3 0.0155 0.0161 0.0159 0.827 0.125 
374 3 0.0154 0.016 0.0158 0.828 0.125 
375 3 0.0154 0.016 0.0158 0.828 0.124 
376 3 0.0153 0.0159 0.0157 0.829 0.124 
377 3 0.0153 0.0159 0.0157 0.83 0.124 
378 3 0.0153 0.0158 0.0156 0.83 0.123 
379 3 0.0152 0.0158 0.0156 0.831 0.123 
380 3 0.0153 0.0159 0.0157 0.83 0.123 
381 3 0.0154 0.016 0.0158 0.83 0.123 
382 3 0.0155 0.016 0.0158 0.83 0.123 
383 3 0.0155 0.0161 0.0159 0.83 0.123 
384 3 0.0156 0.0161 0.0159 0.83 0.122 
385 3 0.0156 0.0162 0.016 0.83 0.122 
386 3 0.0157 0.0162 0.016 0.831 0.121 
387 3 0.0157 0.0163 0.016 0.831 0.121 
388 3 0.0157 0.0163 0.0161 0.832 0.12 
389 3 0.0158 0.0163 0.0161 0.832 0.119 
390 3 0.0158 0.0163 0.0161 0.833 0.119 
391 3 0.0158 0.0164 0.0161 0.834 0.118 
392 3 0.0158 0.0164 0.0161 0.834 0.118 
393 3 0.0159 0.0164 0.0162 0.835 0.117 
394 3 0.0159 0.0164 0.0162 0.835 0.116 
395 3 0.0159 0.0165 0.0162 0.836 0.116 
396 3 0.016 0.0165 0.0162 0.836 0.115 
397 3 0.016 0.0165 0.0163 0.836 0.115 
398 3 0.016 0.0166 0.0163 0.837 0.114 
399 3 0.0161 0.0166 0.0163 0.837 0.114 
400 3 0.0161 0.0166 0.0164 0.837 0.113 
401 3 0.0162 0.0167 0.0164 0.838 0.113 
402 3 0.0162 0.0167 0.0164 0.838 0.113 
403 3 0.0163 0.0168 0.0165 0.838 0.112 
404 3 0.0163 0.0168 0.0165 0.838 0.112 
405 3 0.0164 0.0169 0.0166 0.839 0.112 
406 3 0.0164 0.0169 0.0166 0.839 0.111 
407 3 0.0165 0.0169 0.0167 0.839 0.111 
408 3 0.0165 0.017 0.0167 0.839 0.111 
409 3 0.0166 0.0171 0.0168 0.839 0.111 
410 3 0.0166 0.0171 0.0168 0.839 0.11 
411 3 0.0167 0.0172 0.0169 0.839 0.11 
412 3 0.0168 0.0172 0.0169 0.839 0.11 
413 3 0.0168 0.0173 0.017 0.839 0.11 
414 3 0.0172 0.0177 0.0174 0.837 0.111 
415 3 0.0173 0.0177 0.0174 0.837 0.11 
416 3 0.0173 0.0178 0.0174 0.838 0.11 
417 3 0.0177 0.0182 0.0178 0.835 0.111 
418 3 0.0177 0.0182 0.0178 0.836 0.11 
419 3 0.0181 0.0186 0.0182 0.834 0.111 
420 3 0.0181 0.0185 0.0182 0.835 0.11 
421 3 0.0185 0.0189 0.0186 0.833 0.111 
422 3 0.0185 0.0189 0.0185 0.834 0.11 
423 3 0.0185 0.0189 0.0185 0.834 0.11 
424 3 0.0189 0.0193 0.0189 0.832 0.111 
425 3 0.0189 0.0193 0.0189 0.832 0.11 
426 3 0.0193 0.0197 0.0193 0.83 0.111 
427 3 0.0193 0.0196 0.0192 0.831 0.111 
428 3 0.0197 0.02 0.0196 0.829 0.112 
429 3 0.0196 0.0199 0.0195 0.83 0.111 
430 3 0.02 0.0203 0.0199 0.828 0.112 
431 3 0.02 0.0202 0.0198 0.829 0.111 
432 3 0.0204 0.0207 0.0202 0.827 0.112 
433 3 0.0203 0.0205 0.0201 0.828 0.112 
434 3 0.0207 0.0209 0.0205 0.825 0.113 
435 3 0.0206 0.0208 0.0203 0.826 0.112 
436 3 0.021 0.0212 0.0207 0.824 0.113 
437 3 0.0209 0.0211 0.0206 0.825 0.113 
438 3 0.0214 0.0215 0.021 0.822 0.114 
439 3 0.0218 0.0219 0.0214 0.82 0.115 
440 3 0.0222 0.0223 0.0217 0.818 0.116 
441 3 0.0226 0.0227 0.0221 0.816 0.117 
442 3 0.023 0.023 0.0224 0.814 0.117 
443 3 0.0233 0.0233 0.0227 0.813 0.118 
444 3 0.0237 0.0236 0.023 0.811 0.118 
445 3 0.024 0.0239 0.0233 0.81 0.119 
446 3 0.0244 0.0243 0.0236 0.808 0.119 
447 3 0.0248 0.0246 0.0239 0.807 0.12 
448 3 0.0252 0.0249 0.0242 0.805 0.12 
449 3 0.0256 0.0253 0.0245 0.804 0.121 
450 3 0.026 0.0256 0.0249 0.802 0.121 
451 3 0.0263 0.0259 0.0252 0.8 0.122 
452 3 0.0267 0.0263 0.0255 0.799 0.123 
453 3 0.0272 0.0267 0.0259 0.797 0.123 
454 3 0.0276 0.0271 0.0262 0.795 0.124 
455 3 0.0281 0.0274 0.0266 0.793 0.125 
456 3 0.0285 0.0278 0.0269 0.791 0.126 
457 3 0.0289 0.0282 0.0273 0.789 0.126 
458 3 0.0294 0.0286 0.0277 0.787 0.127 
459 3 0.0299 0.029 0.0281 0.785 0.128 
460 3 0.0304 0.0294 0.0285 0.783 0.129 
461 3 0.0309 0.0299 0.0289 0.78 0.13 
462 3 0.0315 0.0304 0.0294 0.777 0.131 
463 3 0.0323 0.0311 0.03 0.774 0.132 
464 3 0.033 0.0318 0.0307 0.771 0.134 
465 3 0.0337 0.0324 0.0312 0.768 0.135 
466 3 0.0345 0.0331 0.0319 0.765 0.136 
467 3 0.0352 0.0337 0.0324 0.762 0.137 
468 3 0.036 0.0344 0.0331 0.759 0.138 
469 3 0.0367 0.0351 0.0337 0.756 0.139 
470 3 0.0374 0.0357 0.0343 0.753 0.14 
471 3 0.0382 0.0364 0.035 0.75 0.141 
472 3 0.0391 0.0372 0.0357 0.746 0.142 
473 3 0.04 0.038 0.0364 0.743 0.143 
474 3 0.0409 0.0388 0.0372 0.739 0.144 
475 3 0.0418 0.0396 0.0379 0.735 0.145 
476 3 0.0427 0.0405 0.0388 0.732 0.146 
477 3 0.0437 0.0414 0.0396 0.728 0.148 
478 3 0.0446 0.0423 0.0404 0.724 0.149 
479 3 0.0458 0.0434 0.0414 0.719 0.15 
480 3 0.0468 0.0443 0.0422 0.715 0.151 
481 3 0.0479 0.0454 0.0433 0.711 0.153 
482 3 0.049 0.0464 0.0442 0.707 0.154 
483 3 0.0502 0.0476 0.0452 0.702 0.155 
484 3 0.0513 0.0487 0.0462 0.697 0.156 
485 3 0.0525 0.0499 0.0473 0.693 0.158 
486 3 0.0537 0.0511 0.0484 0.688 0.159 
487 3 0.055 0.0524 0.0496 0.683 0.16 
488 3 0.0562 0.0537 0.0507 0.678 0.162 
489 3 0.0576 0.0552 0.052 0.672 0.163 
490 3 0.0589 0.0565 0.0532 0.667 0.165 
491 3 0.0604 0.0581 0.0546 0.661 0.166 
492 3 0.0619 0.0597 0.0561 0.655 0.168 
493 3 0.0633 0.0614 0.0575 0.649 0.169 
494 3 0.0651 0.0633 0.0592 0.642 0.171 
495 3 0.0667 0.0651 0.0608 0.635 0.172 
496 3 0.0684 0.0671 0.0624 0.629 0.174 
497 3 0.0701 0.069 0.0641 0.622 0.175 
498 3 0.0717 0.0709 0.0657 0.616 0.176 
499 3 0.0734 0.073 0.0675 0.609 0.177 
500 3 0.0751 0.0751 0.0692 0.602 0.178 
501 3 0.0769 0.0773 0.071 0.595 0.18 
502 3 0.0787 0.0797 0.073 0.588 0.181 
503 3 0.0806 0.0821 0.0749 0.581 0.182 
504 3 0.0822 0.0844 0.0767 0.574 0.183 
505 3 0.0842 0.087 0.0787 0.566 0.184 
506 3 0.0859 0.0896 0.0807 0.559 0.185 
507 3 0.088 0.0927 0.083 0.551 0.186 
508 3 0.0899 0.0956 0.0852 0.543 0.187 
509 3 0.0921 0.0989 0.0876 0.534 0.187 
510 3 0.094 0.102 0.0899 0.526 0.188 
511 3 0.0958 0.105 0.0922 0.518 0.189 
512 3 0.0979 0.109 0.0947 0.51 0.189 
513 3 0.0998 0.112 0.0971 0.502 0.189 
514 3 0.102 0.116 0.0998 0.493 0.19 
515 3 0.104 0.119 0.102 0.485 0.19 
516 3 0.106 0.123 0.105 0.477 0.19 
517 3 0.107 0.126 0.108 0.469 0.19 
518 3 0.109 0.13 0.111 0.46 0.19 
519 3 0.111 0.133 0.113 0.453 0.19 
520 3 0.113 0.136 0.116 0.446 0.189 
521 3 0.114 0.139 0.119 0.439 0.189 
522 3 0.116 0.143 0.122 0.43 0.189 
523 3 0.118 0.146 0.125 0.423 0.188 
524 3 0.12 0.149 0.127 0.416 0.188 
525 3 0.121 0.153 0.131 0.408 0.187 
526 3 0.123 0.156 0.134 0.401 0.186 
527 3 0.124 0.159 0.136 0.395 0.186 
528 3 0.126 0.162 0.14 0.387 0.185 
529 3 0.128 0.166 0.143 0.38 0.184 
530 3 0.129 0.169 0.146 0.373 0.183 
531 3 0.131 0.171 0.149 0.367 0.182 
532 3 0.132 0.175 0.153 0.36 0.18 
533 3 0.134 0.178 0.156 0.353 0.179 
534 3 0.135 0.18 0.159 0.347 0.178 
535 3 0.137 0.183 0.163 0.34 0.177 
536 3 0.138 0.186 0.167 0.334 0.175 
537 3 0.139 0.189 0.171 0.327 0.174 
538 3 0.14 0.191 0.174 0.322 0.173 
539 3 0.142 0.194 0.178 0.315 0.171 
540 3 0.143 0.197 0.182 0.309 0.169 
541 3 0.144 0.199 0.187 0.302 0.168 
542 3 0.145 0.202 0.191 0.296 0.166 
543 3 0.146 0.204 0.196 0.29 0.164 
544 3 0.147 0.207 0.2 0.283 0.163 
545 3 0.148 0.209 0.204 0.277 0.161 
546 3 0.149 0.212 0.209 0.271 0.159 
547 3 0.151 0.215 0.214 0.265 0.157 
548 3 0.152 0.217 0.218 0.258 0.154 
549 3 0.153 0.22 0.223 0.252 0.152 
550 3 0.154 0.223 0.228 0.245 0.15 
551 3 0.155 0.225 0.233 0.239 0.148 
552 2 0.156 0.227 0.238 0.234 0.145 
553 2 0.157 0.229 0.242 0.228 0.143 
554 2 0.158 0.231 0.247 0.223 0.141 
555 2 0.159 0.233 0.252 0.218 0.139 
556 2 0.16 0.235 0.257 0.212 0.137 
557 2 0.161 0.237 0.262 0.206 0.134 
558 2 0.162 0.239 0.268 0.2 0.131 
559 2 0.162 0.241 0.274 0.195 0.129 
560 2 0.161 0.242 0.279 0.191 0.127 
561 2 0.16 0.244 0.284 0.187 0.125 
562 2 0.159 0.245 0.289 0.184 0.123 
563 2 0.158 0.246 0.293 0.181 0.122 
564 2 0.156 0.247 0.298 0.178 0.12 
565 2 0.155 0.248 0.303 0.175 0.119 
566 2 0.153 0.25 0.308 0.172 0.117 
567 2 0.15 0.251 0.313 0.17 0.116 
568 2 0.148 0.253 0.318 0.167 0.114 
569 2 0.146 0.254 0.324 0.164 0.113 
570 2 0.143 0.256 0.329 0.161 0.111 
571 2 0.141 0.257 0.335 0.158 0.109 
572 2 0.138 0.259 0.341 0.155 0.108 
573 2 0.136 0.26 0.347 0.152 0.106 
574 2 0.133 0.262 0.353 0.148 0.104 
575 2 0.13 0.263 0.359 0.145 0.102 
576 2 0.128 0.265 0.366 0.142 0.1 
577 2 0.125 0.267 0.372 0.138 0.0983 
578 2 0.122 0.268 0.379 0.135 0.0962 
579 2 0.119 0.27 0.386 0.131 0.0943 
580 2 0.116 0.271 0.392 0.128 0.0924 
581 2 0.113 0.273 0.399 0.125 0.0904 
582 2 0.11 0.274 0.406 0.121 0.0884 
583 2 0.107 0.275 0.411 0.119 0.0868 
584 2 0.105 0.277 0.415 0.118 0.086 
585 2 0.102 0.279 0.418 0.116 0.0852 
586 2 0.0999 0.281 0.418 0.116 0.085 
587 2 0.0977 0.284 0.415 0.117 0.0855 
588 2 0.0954 0.291 0.411 0.117 0.0855 
589 2 0.0931 0.299 0.405 0.117 0.0854 
590 2 0.0907 0.312 0.395 0.117 0.085 
591 2 0.0881 0.329 0.383 0.116 0.0843 
592 2 0.0853 0.349 0.368 0.114 0.0833 
593 1 0.0823 0.371 0.352 0.112 0.082 
594 1 0.0792 0.396 0.335 0.109 0.0804 
595 1 0.076 0.422 0.317 0.106 0.0785 
596 1 0.0727 0.449 0.299 0.103 0.0763 
597 1 0.0693 0.477 0.281 0.0994 0.0738 
598 1 0.0658 0.506 0.262 0.0952 0.0711 
599 1 0.0622 0.536 0.243 0.0908 0.0681 
600 1 0.0586 0.566 0.225 0.0862 0.0649 
601 1 0.0548 0.597 0.206 0.0811 0.0614 
602 1 0.0508 0.631 0.185 0.0754 0.0574 
603 1 0.0466 0.667 0.164 0.0692 0.053 
604 1 0.0425 0.701 0.145 0.063 0.0486 
605 1 0.0387 0.731 0.128 0.0575 0.0445 
606 1 0.0354 0.757 0.114 0.0525 0.0409 
607 1 0.0325 0.78 0.102 0.048 0.0376 
608 1 0.0299 0.8 0.0917 0.0442 0.0347 
609 1 0.0276 0.816 0.0831 0.0408 0.0322 
610 1 0.0257 0.831 0.0758 0.0379 0.03 
611 1 0.024 0.843 0.0696 0.0354 0.0281 
612 1 0.0224 0.854 0.0641 0.0331 0.0264 
613 1 0.0211 0.864 0.0594 0.0311 0.0249 
614 1 0.0199 0.872 0.0552 0.0293 0.0235 
615 1 0.0188 0.88 0.0515 0.0277 0.0222 
616 1 0.0178 0.887 0.0483 0.0262 0.0211 
617 1 0.0169 0.893 0.0453 0.0249 0.0201 
618 1 0.0161 0.899 0.0427 0.0236 0.0191 
619 1 0.0153 0.904 0.0402 0.0225 0.0182 
620 1 0.0146 0.909 0.038 0.0214 0.0174 
621 1 0.014 0.913 0.0361 0.0205 0.0167 
622 1 0.0134 0.917 0.0344 0.0197 0.016 
623 1 0.0129 0.92 0.0328 0.0189 0.0154 
624 1 0.0124 0.923 0.0314 0.0182 0.0149 
625 1 0.0119 0.926 0.03 0.0175 0.0144 
626 1 0.0115 0.929 0.0289 0.0169 0.0139 
627 1 0.0112 0.931 0.0277 0.0164 0.0134 
628 1 0.0108 0.934 0.0267 0.0158 0.013 
629 1 0.0105 0.936 0.0257 0.0153 0.0126 
630 1 0.0101 0.938 0.0248 0.0149 0.0122 
631 1 0.00986 0.94 0.024 0.0144 0.0119 
632 1 0.0096 0.941 0.0233 0.0141 0.0116 
633 1 0.00937 0.943 0.0227 0.0137 0.0113 
634 1 0.00916 0.944 0.0221 0.0134 0.0111 
635 1 0.00896 0.945 0.0216 0.0131 0.0109 
636 1 0.00877 0.947 0.0211 0.0129 0.0107 
637 1 0.00859 0.948 0.0206 0.0126 0.0104 
638 1 0.00842 0.949 0.0201 0.0123 0.0103 
639 1 0.00826 0.95 0.0197 0.0121 0.0101 
640 1 0.00811 0.951 0.0193 0.0119 0.00989 
641 1 0.00796 0.952 0.0189 0.0117 0.00972 
642 1 0.00781 0.953 0.0185 0.0115 0.00955 
643 1 0.00767 0.954 0.0181 0.0113 0.00939 
644 1 0.00754 0.954 0.0178 0.0111 0.00923 
645 1 0.0074 0.955 0.0174 0.0109 0.00908 
646 1 0.00728 0.956 0.0171 0.0107 0.00893 
647 1 0.00717 0.957 0.0168 0.0105 0.0088 
648 1 0.00707 0.957 0.0166 0.0104 0.00869 
649 1 0.00698 0.958 0.0163 0.0103 0.0086 
650 1 0.0069 0.958 0.0161 0.0102 0.00851 
651 1 0.00683 0.959 0.016 0.0101 0.00843 
652 1 0.00676 0.959 0.0158 0.00998 0.00835 
653 1 0.00669 0.959 0.0156 0.00989 0.00829 
654 1 0.00663 0.96 0.0155 0.00981 0.00822 
655 1 0.00657 0.96 0.0154 0.00974 0.00816 
656 1 0.00652 0.96 0.0152 0.00967 0.0081 
657 1 0.00647 0.961 0.0151 0.0096 0.00805 
658 1 0.00642 0.961 0.015 0.00954 0.008 
659 1 0.00637 0.961 0.0149 0.00948 0.00795 
660 1 0.00633 0.962 0.0148 0.00942 0.00791 
661 1 0.00628 0.962 0.0147 0.00936 0.00786 
662 1 0.00624 0.962 0.0146 0.00931 0.00782 
663 1 0.0062 0.962 0.0145 0.00926 0.00778 
664 1 0.00616 0.962 0.0144 0.00921 0.00774 
665 1 0.00613 0.963 0.0143 0.00916 0.0077 
666 1 0.00609 0.963 0.0143 0.00912 0.00767 
667 1 0.00606 0.963 0.0142 0.00908 0.00763 
668 1 0.00602 0.963 0.0141 0.00903 0.0076 
669 1 0.00599 0.963 0.014 0.00899 0.00757 
670 1 0.00596 0.964 0.014 0.00895 0.00754 
671 1 0.00593 0.964 0.0139 0.00891 0.00751 
672 1 0.00589 0.964 0.0139 0.00888 0.00748 
673 1 0.00587 0.964 0.0138 0.00884 0.00745 
674 1 0.00584 0.964 0.0137 0.00881 0.00742 
675 1 0.00581 0.964 0.0137 0.00877 0.00739 
676 1 0.00578 0.964 0.0136 0.00874 0.00737 
677 1 0.00576 0.965 0.0136 0.00871 0.00734 
678 1 0.00573 0.965 0.0135 0.00868 0.00732 
679 1 0.00571 0.965 0.0135 0.00865 0.0073 
680 1 0.00568 0.965 0.0134 0.00862 0.00727 
681 1 0.00566 0.965 0.0134 0.00859 0.00725 
682 1 0.00563 0.965 0.0134 0.00856 0.00723 
683 1 0.00561 0.965 0.0133 0.00853 0.00721 
684 1 0.00559 0.965 0.0133 0.00851 0.00719 
685 1 0.00557 0.966 0.0132 0.00848 0.00716 
686 1 0.00555 0.966 0.0132 0.00845 0.00714 
687 1 0.00553 0.966 0.0132 0.00843 0.00712 
688 1 0.00551 0.966 0.0131 0.0084 0.00711 
689 1 0.00549 0.966 0.0131 0.00838 0.00709 
690 1 0.00547 0.966 0.0131 0.00836 0.00707 
691 1 0.00545 0.966 0.013 0.00833 0.00705 
692 1 0.00543 0.966 0.013 0.00831 0.00703 
693 1 0.00541 0.966 0.013 0.00829 0.00702 
694 1 0.00539 0.966 0.0129 0.00827 0.007 
695 1 0.00538 0.966 0.0129 0.00824 0.00698 
696 1 0.00536 0.967 0.0129 0.00822 0.00697 
697 1 0.00534 0.967 0.0129 0.0082 0.00695 
698 1 0.00532 0.967 0.0128 0.00818 0.00693 
699 1 0.00531 0.967 0.0128 0.00816 0.00692 
700 1 0.00529 0.967 0.0128 0.00814 0.00691 
701 1 0.00528 0.967 0.0128 0.00813 0.00689 
702 1 0.00526 0.967 0.0127 0.00811 0.00688 
703 1 0.00525 0.967 0.0127 0.00809 0.00686 
704 1 0.00523 0.967 0.0127 0.00807 0.00685 
705 1 0.00522 0.967 0.0127 0.00805 0.00684 
706 1 0.00521 0.967 0.0127 0.00804 0.00682 
707 1 0.00521 0.967 0.0127 0.00804 0.00683 
708 1 0.00519 0.967 0.0127 0.00801 0.00681 
709 1 0.00519 0.967 0.0127 0.00801 0.00681 
710 1 0.00519 0.967 0.0127 0.00801 0.00681 
711 1 0.00519 0.967 0.0127 0.00801 0.00681 
712 1 0.00518 0.967 0.0128 0.008 0.00681 
713 1 0.00518 0.967 0.0128 0.008 0.0068 
714 1 0.00518 0.967 0.0128 0.00799 0.0068 
715 1 0.00518 0.967 0.0128 0.00799 0.0068 
716 1 0.00517 0.967 0.0129 0.00799 0.0068 
717 1 0.00517 0.967 0.0129 0.00798 0.0068 
718 1 0.00517 0.967 0.0129 0.00798 0.0068 
719 1 0.00517 0.967 0.0129 0.00798 0.0068 
720 1 0.00517 0.967 0.013 0.00797 0.0068 
721 1 0.00517 0.967 0.013 0.00797 0.0068 
722 1 0.00516 0.967 0.013 0.00797 0.0068 
723 1 0.00516 0.967 0.013 0.00797 0.0068 
724 1 0.00516 0.967 0.0131 0.00797 0.0068 
725 1 0.00516 0.967 0.0131 0.00796 0.0068 
726 1 0.00516 0.967 0.0131 0.00796 0.0068 
727 1 0.00516 0.967 0.0132 0.00796 0.0068 
728 1 0.00516 0.967 0.0132 0.00796 0.0068 
729 1 0.00516 0.967 0.0132 0.00796 0.0068 
730 1 0.00516 0.967 0.0132 0.00796 0.0068 
731 1 0.00516 0.967 0.0133 0.00796 0.0068 
732 1 0.00516 0.967 0.0133 0.00796 0.0068 
733 1 0.00516 0.967 0.0133 0.00796 0.00681 
734 1 0.00516 0.967 0.0134 0.00796 0.00681 
735 1 0.00516 0.967 0.0134 0.00796 0.00681 
736 1 0.00516 0.967 0.0134 0.00796 0.00681 
737 1 0.00516 0.967 0.0135 0.00796 0.00681 
738 1 0.00516 0.967 0.0135 0.00796 0.00682 
739 1 0.00517 0.967 0.0135 0.00796 0.00682 
740 1 0.00517 0.966 0.0136 0.00796 0.00682 
741 1 0.00517 0.966 0.0136 0.00796 0.00682 
742 1 0.00517 0.966 0.0136 0.00796 0.00682 
743 1 0.00517 0.966 0.0137 0.00796 0.00683 
744 1 0.00517 0.966 0.0137 0.00797 0.00683 
745 1 0.00517 0.966 0.0137 0.00797 0.00683 
746 1 0.00517 0.966 0.0138 0.00797 0.00683 
747 1 0.00517 0.966 0.0138 0.00797 0.00684 
748 1 0.00517 0.966 0.0139 0.00797 0.00684 
749 1 0.00517 0.966 0.0139 0.00797 0.00684 
750 1 0.00517 0.966 0.0139 0.00797 0.00685 
751 1 0.00518 0.966 0.014 0.00798 0.00685 
752 1 0.00518 0.966 0.014 0.00798 0.00685 
753 1 0.00518 0.966 0.014 0.00798 0.00686 
754 1 0.00522 0.966 0.0143 0.00803 0.0069 
755 1 0.00522 0.966 0.0143 0.00803 0.0069 
756 1 0.00522 0.966 0.0143 0.00803 0.00691 
757 1 0.00526 0.965 0.0145 0.00808 0.00695 
758 1 0.00526 0.965 0.0145 0.00808 0.00695 
759 1 0.0053 0.965 0.0147 0.00812 0.00699 
760 1 0.00529 0.965 0.0147 0.00812 0.00699 
761 1 0.00529 0.965 0.0148 0.00811 0.00699 
762 1 0.00532 0.965 0.0149 0.00816 0.00703 
763 1 0.00531 0.965 0.0149 0.00814 0.00702 
764 1 0.00531 0.965 0.0149 0.00814 0.00701 
765 1 0.00534 0.964 0.0151 0.00818 0.00705 
766 1 0.00533 0.964 0.0151 0.00816 0.00704 
767 1 0.00537 0.964 0.0153 0.00821 0.00708 
768 1 0.00535 0.964 0.0153 0.00819 0.00706 
769 1 0.00539 0.964 0.0154 0.00823 0.0071 
770 1 0.00537 0.964 0.0154 0.00821 0.00708 
771 1 0.0054 0.964 0.0156 0.00825 0.00712 
772 1 0.00538 0.964 0.0155 0.00822 0.0071 
773 1 0.00537 0.964 0.0155 0.0082 0.00709 
774 1 0.0054 0.964 0.0156 0.00824 0.00712 
775 1 0.00538 0.964 0.0156 0.00821 0.0071 
776 1 0.00541 0.963 0.0158 0.00826 0.00714 
777 1 0.00539 0.964 0.0157 0.00823 0.00711 
778 1 0.00542 0.963 0.0158 0.00827 0.00715 
779 1 0.00544 0.963 0.016 0.00829 0.00717 
780 1 0.00541 0.963 0.0159 0.00826 0.00714 
781 1 0.00544 0.963 0.016 0.0083 0.00718 
782 1 0.00545 0.963 0.0161 0.00831 0.00719 
783 1 0.00547 0.963 0.0162 0.00833 0.00721 
784 1 0.00549 0.963 0.0163 0.00835 0.00723 
785 1 0.0055 0.962 0.0164 0.00837 0.00725 
786 1 0.00552 0.962 0.0165 0.00839 0.00727 
787 1 0.00553 0.962 0.0167 0.00841 0.00729 
788 1 0.00555 0.962 0.0168 0.00843 0.0073 
789 1 0.00556 0.962 0.0169 0.00844 0.00732 
790 1 0.00558 0.962 0.017 0.00846 0.00734 
791 1 0.00559 0.961 0.0171 0.00848 0.00736 
792 1 0.00561 0.961 0.0172 0.0085 0.00738 
793 1 0.00562 0.961 0.0173 0.00852 0.0074 
794 1 0.00564 0.961 0.0174 0.00854 0.00741 
795 1 0.00565 0.961 0.0175 0.00856 0.00743 
796 1 0.00567 0.961 0.0176 0.00858 0.00745 
797 1 0.00568 0.96 0.0178 0.0086 0.00747 
798 1 0.0057 0.96 0.0179 0.00862 0.00749 
799 1 0.00571 0.96 0.018 0.00865 0.00751 
800 1 0.00573 0.96 0.0181 0.00867 0.00753 
801 1 0.00574 0.96 0.0182 0.00869 0.00755 
802 1 0.00576 0.96 0.0183 0.00871 0.00757 
803 1 0.00577 0.959 0.0184 0.00873 0.00759 
804 1 0.00579 0.959 0.0186 0.00876 0.00761 
805 1 0.0058 0.959 0.0187 0.00878 0.00763 
806 1 0.00581 0.959 0.0188 0.0088 0.00766 
807 1 0.00583 0.959 0.0189 0.00882 0.00768 
808 1 0.00585 0.959 0.019 0.00885 0.0077 
809 1 0.00587 0.958 0.0192 0.00888 0.00773 
810 1 0.00589 0.958 0.0194 0.00891 0.00776 
811 1 0.00592 0.958 0.0196 0.00895 0.0078 
812 1 0.00594 0.958 0.0197 0.00899 0.00783 
813 1 0.00597 0.957 0.0199 0.00903 0.00787 
814 1 0.006 0.957 0.0202 0.00908 0.00791 
815 1 0.00604 0.956 0.0204 0.00913 0.00796 
816 1 0.00608 0.956 0.0207 0.00918 0.008 
817 1 0.00612 0.956 0.021 0.00924 0.00805 
818 1 0.00616 0.955 0.0213 0.0093 0.00811 
819 1 0.00621 0.955 0.0216 0.00935 0.00816 
820 1 0.00625 0.954 0.0219 0.00942 0.00822 
821 1 0.0063 0.954 0.0223 0.00948 0.00828 
822 1 0.00636 0.953 0.0227 0.00956 0.00835 
823 1 0.00642 0.952 0.0231 0.00963 0.00842 
824 1 0.00647 0.952 0.0235 0.00971 0.00848 
825 1 0.00654 0.951 0.024 0.00979 0.00856 
826 1 0.00661 0.95 0.0245 0.00987 0.00864 
827 1 0.00668 0.95 0.025 0.00997 0.00872 
828 1 0.00674 0.949 0.0255 0.01 0.00879 
829 1 0.00681 0.948 0.0261 0.0101 0.00887 
830 1 0.00688 0.947 0.0266 0.0102 0.00896 
831 1 0.00696 0.946 0.0272 0.0103 0.00905 
832 1 0.00704 0.946 0.0279 0.0104 0.00914 
833 1 0.00712 0.945 0.0286 0.0105 0.00924 
834 1 0.00721 0.944 0.0293 0.0106 0.00934 
835 1 0.00729 0.943 0.03 0.0107 0.00944 
836 1 0.00738 0.941 0.0308 0.0109 0.00954 
837 1 0.00747 0.94 0.0316 0.011 0.00965 
838 1 0.00757 0.939 0.0325 0.0111 0.00977 
839 1 0.00766 0.938 0.0334 0.0112 0.00988 
840 1 0.00776 0.937 0.0343 0.0114 0.00999 
841 1 0.00786 0.935 0.0352 0.0115 0.0101 
842 1 0.00796 0.934 0.0362 0.0116 0.0102 
843 1 0.00806 0.933 0.0372 0.0118 0.0104 
844 1 0.00817 0.931 0.0383 0.0119 0.0105 
845 1 0.00827 0.93 0.0394 0.012 0.0106 
846 1 0.00838 0.928 0.0406 0.0122 0.0107 
847 1 0.0085 0.926 0.0418 0.0123 0.0109 
848 1 0.00861 0.925 0.0431 0.0125 0.011 
849 1 0.00873 0.923 0.0444 0.0126 0.0112 
850 1 0.00885 0.921 0.0459 0.0128 0.0113 
851 1 0.00897 0.919 0.0473 0.013 0.0115 
852 1 0.0091 0.917 0.0489 0.0131 0.0116 
853 1 0.00923 0.915 0.0506 0.0133 0.0118 
854 1 0.00937 0.913 0.0523 0.0135 0.012 
855 1 0.00951 0.91 0.0542 0.0137 0.0122 
856 1 0.00965 0.908 0.0561 0.0139 0.0123 
857 1 0.0098 0.905 0.0582 0.0141 0.0125 
858 1 0.00995 0.903 0.0604 0.0143 0.0127 
859 1 0.0101 0.9 0.0627 0.0146 0.0129 
860 1 0.0103 0.896 0.0653 0.0148 0.0132 
861 1 0.0105 0.893 0.0679 0.0151 0.0134 
862 1 0.0106 0.89 0.0708 0.0153 0.0136 
863 1 0.0108 0.886 0.0738 0.0156 0.0138 
864 1 0.011 0.882 0.0771 0.0159 0.0141 
865 1 0.0112 0.878 0.0806 0.0161 0.0144 
866 1 0.0114 0.873 0.0844 0.0165 0.0146 
867 1 0.0116 0.868 0.0886 0.0168 0.0149 
868 1 0.0119 0.863 0.093 0.0171 0.0152 
869 1 0.0121 0.857 0.0979 0.0175 0.0156 
870 1 0.0123 0.851 0.103 0.0178 0.0159 
871 1 0.0126 0.845 0.108 0.0182 0.0162 
872 1 0.0128 0.838 0.114 0.0185 0.0165 
873 1 0.013 0.831 0.12 0.0189 0.0169 
874 1 0.0133 0.824 0.127 0.0193 0.0172 
875 1 0.0135 0.816 0.133 0.0197 0.0176 
876 1 0.0137 0.808 0.14 0.0201 0.0179 
877 1 0.014 0.799 0.148 0.0205 0.0183 
878 1 0.0142 0.791 0.156 0.0209 0.0187 
879 1 0.0145 0.78 0.165 0.0213 0.0191 
880 1 0.0148 0.769 0.175 0.0218 0.0195 
881 1 0.015 0.756 0.187 0.0223 0.0199 
882 1 0.0153 0.742 0.199 0.0228 0.0204 
883 1 0.0157 0.727 0.213 0.0233 0.0208 
884 1 0.016 0.709 0.23 0.0239 0.0213 
885 1 0.0163 0.69 0.248 0.0244 0.0218 
886 1 0.0167 0.667 0.269 0.025 0.0223 
887 1 0.017 0.64 0.294 0.0255 0.0228 
888 1 0.0173 0.611 0.323 0.026 0.0233 
889 1 0.0175 0.577 0.355 0.0264 0.0236 
890 1 0.0177 0.54 0.392 0.0267 0.0239 
891 1 0.0178 0.498 0.433 0.0268 0.024 
892 2 0.0177 0.454 0.477 0.0266 0.0239 
893 2 0.0174 0.411 0.522 0.0262 0.0235 
894 2 0.0171 0.373 0.561 0.0257 0.023 
895 2 0.0167 0.342 0.594 0.0251 0.0225 
896 2 0.0163 0.314 0.624 0.0245 0.022 
897 2 0.0158 0.289 0.65 0.0238 0.0214 
898 2 0.0154 0.266 0.675 0.0231 0.0207 
899 2 0.0149 0.243 0.699 0.0223 0.02 
900 2 0.0143 0.222 0.723 0.0214 0.0193 
901 2 0.0137 0.201 0.747 0.0205 0.0185 
902 2 0.013 0.178 0.772 0.0194 0.0174 
903 2 0.0122 0.157 0.796 0.0182 0.0164 
904 2 0.0115 0.14 0.816 0.0171 0.0154 
905 2 0.0109 0.125 0.833 0.0161 0.0146 
906 2 0.0103 0.113 0.847 0.0153 0.0138 
907 2 0.00983 0.104 0.859 0.0145 0.0131 
908 2 0.00943 0.0962 0.868 0.0139 0.0126 
909 2 0.00908 0.0898 0.876 0.0134 0.0121 
910 2 0.00874 0.0839 0.883 0.0129 0.0116 
911 2 0.00841 0.0784 0.89 0.0123 0.0112 
912 2 0.0081 0.0732 0.896 0.0119 0.0107 
913 2 0.00779 0.0684 0.902 0.0114 0.0103 
914 2 0.0075 0.0639 0.908 0.0109 0.00989 
915 2 0.00722 0.0599 0.913 0.0105 0.00951 
916 2 0.00697 0.0563 0.917 0.0101 0.00915 
917 2 0.00674 0.0532 0.922 0.00973 0.00883 
918 2 0.00656 0.0507 0.925 0.00944 0.00857 
919 2 0.00639 0.0485 0.928 0.00918 0.00834 
920 2 0.00624 0.0466 0.93 0.00895 0.00813 
921 2 0.0061 0.0448 0.932 0.00873 0.00793 
922 2 0.00597 0.0431 0.935 0.00852 0.00774 
923 2 0.00585 0.0416 0.937 0.00833 0.00757 
924 2 0.00575 0.0403 0.938 0.00815 0.00741 
925 2 0.00564 0.039 0.94 0.00798 0.00726 
926 2 0.00554 0.0378 0.942 0.00782 0.00711 
927 2 0.00545 0.0366 0.943 0.00766 0.00697 
928 2 0.00536 0.0356 0.945 0.00752 0.00684 
929 2 0.00529 0.0347 0.946 0.0074 0.00674 
930 2 0.00525 0.0342 0.947 0.00732 0.00666 
931 2 0.00521 0.0337 0.947 0.00724 0.00659 
932 2 0.00516 0.0331 0.948 0.00716 0.00652 
933 2 0.00511 0.0326 0.949 0.00708 0.00645 
934 2 0.00506 0.0321 0.949 0.007 0.00638 
935 2 0.005 0.0316 0.95 0.00692 0.00631 
936 2 0.00496 0.0311 0.951 0.00685 0.00625 
937 2 0.00491 0.0307 0.951 0.00678 0.00618 
938 2 0.00486 0.0303 0.952 0.00671 0.00612 
939 2 0.00482 0.0299 0.953 0.00665 0.00607 
940 2 0.00478 0.0295 0.953 0.00658 0.00601 
941 2 0.00474 0.0291 0.954 0.00652 0.00596 
942 2 0.0047 0.0288 0.954 0.00646 0.0059 
943 2 0.00466 0.0284 0.955 0.0064 0.00585 
944 2 0.00462 0.0281 0.955 0.00635 0.0058 
945 2 0.00458 0.0278 0.956 0.00629 0.00575 
946 2 0.00453 0.0274 0.956 0.00623 0.0057 
947 2 0.00449 0.0271 0.957 0.00618 0.00565 
948 2 0.00446 0.0269 0.957 0.00613 0.00561 
949 2 0.00443 0.0267 0.957 0.00609 0.00557 
950 2 0.0044 0.0265 0.958 0.00605 0.00554 
951 2 0.00437 0.0263 0.958 0.00602 0.00551 
952 2 0.00435 0.0261 0.958 0.00599 0.00548 
953 2 0.00432 0.026 0.958 0.00596 0.00546 
954 2 0.0043 0.0259 0.958 0.00594 0.00544 
955 2 0.00428 0.0258 0.959 0.00592 0.00542 
956 2 0.00426 0.0257 0.959 0.0059 0.00541 
957 2 0.00425 0.0257 0.959 0.00589 0.00539 
958 2 0.00423 0.0256 0.959 0.00587 0.00538 
959 2 0.00422 0.0256 0.959 0.00586 0.00537 
960 2 0.00421 0.0255 0.959 0.00585 0.00536 
961 2 0.0042 0.0255 0.959 0.00584 0.00535 
962 2 0.00419 0.0255 0.959 0.00583 0.00535 
963 2 0.00418 0.0254 0.959 0.00582 0.00534 
964 2 0.00417 0.0254 0.959 0.00581 0.00533 
965 2 0.00416 0.0254 0.959 0.00581 0.00533 
966 2 0.00415 0.0254 0.959 0.0058 0.00532 
967 2 0.00415 0.0253 0.959 0.00579 0.00532 
968 2 0.00414 0.0253 0.959 0.00578 0.00531 
969 2 0.00413 0.0253 0.96 0.00578 0.0053 
970 2 0.00412 0.0252 0.96 0.00577 0.0053 
971 2 0.00411 0.0252 0.96 0.00576 0.00529 
972 2 0.0041 0.0251 0.96 0.00574 0.00527 
973 2 0.00409 0.025 0.96 0.00573 0.00526 
974 2 0.00408 0.0249 0.96 0.00571 0.00525 
975 2 0.00406 0.0248 0.96 0.00569 0.00523 
976 2 0.00405 0.0247 0.96 0.00566 0.00521 
977 2 0.00403 0.0246 0.961 0.00564 0.00519 
978 2 0.00402 0.0244 0.961 0.00562 0.00517 
979 2 0.00401 0.0243 0.961 0.0056 0.00516 
980 2 0.00399 0.0242 0.961 0.00558 0.00514 
981 2 0.00398 0.0241 0.961 0.00557 0.00513 
982 2 0.00397 0.024 0.961 0.00555 0.00511 
983 2 0.00396 0.024 0.961 0.00553 0.0051 
984 2 0.00395 0.0239 0.962 0.00552 0.00509 
985 2 0.00393 0.0238 0.962 0.00551 0.00507 
986 2 0.00392 0.0237 0.962 0.00549 0.00506 
987 2 0.00391 0.0237 0.962 0.00548 0.00505 
988 2 0.0039 0.0236 0.962 0.00547 0.00504 
989 2 0.00389 0.0236 0.962 0.00545 0.00503 
990 2 0.00389 0.0235 0.962 0.00544 0.00502 
