0 0 0.2 0.2 0.2 0.2 0.2 
1 2 0.2 0.197 0.201 0.201 0.2 
2 2 0.199 0.198 0.203 0.2 0.2 
3 2 0.199 0.198 0.203 0.2 0.2 
4 2 0.199 0.198 0.203 0.2 0.2 
5 2 0.199 0.199 0.203 0.2 0.2 
6 2 0.199 0.199 0.203 0.2 0.2 
7 2 0.199 0.199 0.203 0.199 0.2 
8 2 0.199 0.199 0.203 0.199 0.2 
9 2 0.199 0.199 0.203 0.199 0.2 
10 2 0.199 0.2 0.203 0.199 0.2 
11 2 0.198 0.2 0.203 0.199 0.2 
12 2 0.198 0.2 0.203 0.199 0.2 
13 2 0.198 0.2 0.203 0.199 0.2 
14 2 0.198 0.201 0.203 0.198 0.199 
15 2 0.198 0.201 0.203 0.198 0.199 
16 2 0.198 0.201 0.203 0.198 0.199 
17 2 0.198 0.202 0.204 0.198 0.199 
18 2 0.197 0.202 0.204 0.198 0.199 
19 2 0.197 0.202 0.204 0.197 0.199 
20 2 0.197 0.203 0.204 0.197 0.199 
21 2 0.197 0.203 0.204 0.197 0.199 
22 1 0.197 0.204 0.204 0.197 0.199 
23 1 0.197 0.204 0.204 0.196 0.199 
24 1 0.196 0.205 0.204 0.196 0.199 
25 1 0.196 0.206 0.204 0.196 0.199 
26 1 0.196 0.207 0.204 0.196 0.198 
27 1 0.195 0.208 0.204 0.195 0.198 
28 1 0.195 0.209 0.203 0.195 0.198 
29 1 0.195 0.21 0.203 0.194 0.198 
30 1 0.194 0.212 0.203 0.194 0.197 
31 1 0.194 0.213 0.203 0.193 0.197 
32 1 0.193 0.216 0.202 0.192 0.196 
33 1 0.193 0.219 0.202 0.191 0.196 
34 1 0.192 0.222 0.202 0.189 0.195 
35 1 0.191 0.226 0.201 0.187 0.195 
36 1 0.191 0.229 0.201 0.185 0.194 
37 1 0.19 0.233 0.201 0.182 0.194 
38 1 0.19 0.237 0.201 0.178 0.194 
39 1 0.19 0.241 0.201 0.175 0.194 
40 1 0.19 0.245 0.201 0.171 0.194 
41 1 0.189 0.249 0.201 0.167 0.194 
42 1 0.189 0.253 0.201 0.162 0.194 
43 1 0.189 0.257 0.202 0.158 0.194 
44 1 0.189 0.262 0.202 0.154 0.194 
45 1 0.189 0.266 0.202 0.15 0.194 
46 1 0.189 0.27 0.202 0.146 0.193 
47 1 0.188 0.275 0.202 0.142 0.193 
48 1 0.188 0.279 0.202 0.138 0.193 
49 1 0.187 0.284 0.202 0.134 0.193 
50 1 0.187 0.289 0.202 0.13 0.192 
51 1 0.186 0.295 0.201 0.127 0.191 
52 1 0.185 0.301 0.201 0.123 0.19 
53 1 0.183 0.309 0.199 0.119 0.189 
54 1 0.181 0.319 0.198 0.116 0.187 
55 1 0.178 0.331 0.195 0.112 0.184 
56 1 0.174 0.347 0.191 0.108 0.18 
57 1 0.17 0.364 0.186 0.103 0.176 
58 1 0.165 0.384 0.181 0.0989 0.171 
59 1 0.16 0.404 0.176 0.0946 0.165 
60 1 0.154 0.425 0.17 0.0904 0.16 
61 1 0.149 0.446 0.164 0.0863 0.154 
62 1 0.143 0.468 0.158 0.0823 0.148 
63 1 0.138 0.489 0.152 0.0783 0.143 
64 1 0.132 0.511 0.146 0.0745 0.137 
65 1 0.126 0.532 0.14 0.0709 0.131 
66 1 0.121 0.553 0.134 0.0674 0.125 
67 1 0.115 0.573 0.129 0.064 0.119 
68 1 0.11 0.592 0.123 0.0608 0.114 
69 1 0.105 0.611 0.118 0.0578 0.109 
70 1 0.1 0.629 0.112 0.0549 0.104 
71 1 0.0953 0.646 0.108 0.0522 0.0989 
72 1 0.0909 0.662 0.103 0.0496 0.0943 
73 1 0.0867 0.678 0.0984 0.0472 0.09 
74 1 0.0828 0.692 0.0942 0.045 0.0859 
75 1 0.0791 0.706 0.0903 0.0429 0.082 
76 1 0.0755 0.719 0.0865 0.0409 0.0784 
77 1 0.0722 0.731 0.083 0.0391 0.0749 
78 1 0.0691 0.742 0.0797 0.0373 0.0717 
79 1 0.0662 0.753 0.0766 0.0357 0.0686 
80 1 0.0637 0.762 0.0739 0.0343 0.066 
81 1 0.062 0.768 0.0724 0.0333 0.0644 
82 1 0.0609 0.772 0.0714 0.0326 0.0632 
83 1 0.0599 0.775 0.0706 0.0319 0.0622 
84 1 0.0591 0.778 0.07 0.0313 0.0613 
85 1 0.0583 0.781 0.0695 0.0308 0.0606 
86 1 0.0577 0.783 0.069 0.0303 0.0599 
87 1 0.057 0.785 0.0686 0.0298 0.0593 
88 1 0.0564 0.787 0.0683 0.0294 0.0587 
89 1 0.0559 0.789 0.068 0.0289 0.0581 
90 1 0.0553 0.791 0.0677 0.0285 0.0576 
91 1 0.0548 0.793 0.0674 0.0281 0.0571 
92 1 0.0544 0.794 0.0671 0.0278 0.0566 
93 1 0.0539 0.796 0.0669 0.0274 0.0561 
94 1 0.0535 0.797 0.0666 0.027 0.0557 
95 1 0.053 0.799 0.0664 0.0267 0.0553 
96 1 0.0526 0.8 0.0662 0.0264 0.0549 
97 1 0.0522 0.801 0.066 0.0261 0.0545 
98 1 0.0518 0.803 0.0658 0.0257 0.0541 
99 1 0.0514 0.804 0.0655 0.0254 0.0537 
100 1 0.0511 0.805 0.0653 0.0251 0.0533 
101 1 0.0507 0.806 0.0651 0.0249 0.053 
102 1 0.0503 0.808 0.0649 0.0246 0.0526 
103 1 0.05 0.809 0.0647 0.0243 0.0522 
104 1 0.0496 0.81 0.0645 0.024 0.0519 
105 1 0.0493 0.811 0.0644 0.0238 0.0516 
106 1 0.0492 0.811 0.0644 0.0236 0.0515 
107 1 0.0496 0.81 0.0653 0.0236 0.0519 
108 1 0.0505 0.806 0.067 0.0239 0.0529 
109 1 0.0517 0.801 0.069 0.0242 0.0542 
110 1 0.053 0.795 0.0713 0.0246 0.0557 
111 1 0.0545 0.789 0.0738 0.025 0.0573 
112 1 0.0561 0.783 0.0766 0.0255 0.0591 
113 1 0.0578 0.776 0.0796 0.026 0.0609 
114 1 0.0595 0.768 0.0827 0.0265 0.0628 
115 1 0.0613 0.761 0.0859 0.027 0.0648 
116 1 0.063 0.754 0.0891 0.0275 0.0667 
117 1 0.0646 0.747 0.0921 0.0278 0.0684 
118 1 0.0658 0.742 0.0946 0.0281 0.0698 
119 1 0.0663 0.739 0.096 0.0281 0.0704 
120 1 0.066 0.74 0.0959 0.0278 0.0701 
121 1 0.065 0.744 0.0948 0.0273 0.0691 
122 1 0.0638 0.748 0.0933 0.0267 0.0678 
123 1 0.0624 0.754 0.0913 0.0261 0.0663 
124 1 0.0608 0.76 0.0892 0.0254 0.0647 
125 1 0.0592 0.766 0.0869 0.0247 0.063 
126 1 0.0576 0.772 0.0846 0.024 0.0613 
127 1 0.0561 0.778 0.0825 0.0234 0.0598 
128 1 0.0547 0.784 0.0805 0.0228 0.0583 
129 1 0.0534 0.789 0.0786 0.0222 0.0569 
130 1 0.0521 0.794 0.0769 0.0217 0.0556 
131 1 0.051 0.798 0.0752 0.0212 0.0544 
132 1 0.0499 0.803 0.0736 0.0207 0.0532 
133 1 0.0488 0.807 0.0722 0.0203 0.0521 
134 1 0.0478 0.81 0.0708 0.0198 0.0511 
135 1 0.0469 0.814 0.0695 0.0194 0.0501 
136 1 0.046 0.818 0.0682 0.019 0.0492 
137 1 0.0452 0.821 0.067 0.0187 0.0483 
138 1 0.0444 0.824 0.0659 0.0183 0.0475 
139 1 0.0436 0.827 0.0649 0.018 0.0467 
140 1 0.0429 0.83 0.0638 0.0177 0.0459 
141 1 0.0422 0.832 0.0629 0.0174 0.0452 
142 1 0.0416 0.835 0.062 0.0171 0.0445 
143 1 0.0409 0.837 0.0611 0.0168 0.0439 
144 1 0.0403 0.84 0.0602 0.0165 0.0432 
145 1 0.0397 0.842 0.0594 0.0163 0.0426 
146 1 0.0392 0.844 0.0587 0.016 0.0421 
147 1 0.0386 0.846 0.0579 0.0158 0.0415 
148 1 0.0381 0.848 0.0572 0.0155 0.041 
149 1 0.0376 0.85 0.0565 0.0153 0.0405 
150 1 0.0372 0.852 0.0559 0.0151 0.04 
151 1 0.0367 0.854 0.0552 0.0149 0.0395 
152 1 0.0363 0.855 0.0546 0.0147 0.039 
153 1 0.0358 0.857 0.0541 0.0145 0.0386 
154 1 0.0354 0.859 0.0535 0.0143 0.0382 
155 1 0.035 0.86 0.053 0.0141 0.0378 
156 1 0.0346 0.862 0.0524 0.014 0.0374 
157 1 0.0343 0.863 0.0519 0.0138 0.037 
158 1 0.0339 0.864 0.0514 0.0136 0.0366 
159 1 0.0335 0.866 0.0509 0.0135 0.0363 
160 1 0.0332 0.867 0.0505 0.0133 0.0359 
161 1 0.0329 0.868 0.05 0.0132 0.0356 
162 1 0.0325 0.87 0.0496 0.013 0.0352 
163 1 0.0322 0.871 0.0492 0.0129 0.0349 
164 1 0.0319 0.872 0.0487 0.0127 0.0346 
165 1 0.0316 0.873 0.0484 0.0126 0.0343 
166 1 0.0313 0.874 0.0479 0.0125 0.034 
167 1 0.0311 0.875 0.0476 0.0123 0.0337 
168 1 0.0308 0.876 0.0472 0.0122 0.0335 
169 1 0.0305 0.877 0.0469 0.0121 0.0332 
170 1 0.0303 0.878 0.0465 0.012 0.0329 
171 1 0.03 0.879 0.0462 0.0119 0.0327 
172 1 0.0297 0.88 0.0458 0.0117 0.0324 
173 1 0.0295 0.881 0.0455 0.0116 0.0322 
174 1 0.0293 0.882 0.0452 0.0115 0.032 
175 1 0.029 0.883 0.0449 0.0114 0.0317 
176 1 0.0288 0.884 0.0446 0.0113 0.0315 
177 1 0.0286 0.885 0.0443 0.0112 0.0313 
178 1 0.0284 0.885 0.044 0.0111 0.0311 
179 1 0.0282 0.886 0.0438 0.011 0.0309 
180 1 0.028 0.887 0.0435 0.0109 0.0307 
181 1 0.0278 0.888 0.0432 0.0108 0.0305 
182 1 0.0276 0.888 0.043 0.0108 0.0303 
183 1 0.0274 0.889 0.0427 0.0107 0.0301 
184 1 0.0272 0.89 0.0425 0.0106 0.0299 
185 1 0.027 0.89 0.0422 0.0105 0.0297 
186 1 0.0268 0.891 0.042 0.0104 0.0296 
187 1 0.0267 0.892 0.0418 0.0103 0.0294 
188 1 0.0265 0.892 0.0416 0.0103 0.0292 
189 1 0.0263 0.893 0.0413 0.0102 0.0291 
190 1 0.0262 0.894 0.0411 0.0101 0.0289 
191 1 0.026 0.894 0.0409 0.01 0.0288 
192 1 0.0258 0.895 0.0407 0.00996 0.0286 
193 1 0.0257 0.895 0.0405 0.00989 0.0285 
194 1 0.0255 0.896 0.0403 0.00982 0.0284 
195 1 0.0254 0.896 0.0402 0.00975 0.0282 
196 1 0.0252 0.897 0.04 0.00969 0.0281 
197 1 0.0251 0.898 0.0398 0.00962 0.028 
198 1 0.025 0.898 0.0396 0.00956 0.0278 
199 1 0.0248 0.898 0.0395 0.00949 0.0277 
200 1 0.0247 0.899 0.0393 0.00943 0.0276 
201 1 0.0246 0.899 0.0391 0.00937 0.0275 
202 1 0.0244 0.9 0.039 0.00931 0.0274 
203 1 0.0243 0.9 0.0388 0.00926 0.0273 
204 1 0.0242 0.901 0.0387 0.0092 0.0272 
205 1 0.0241 0.901 0.0385 0.00915 0.0271 
206 1 0.024 0.902 0.0384 0.00909 0.027 
207 1 0.0239 0.902 0.0383 0.00904 0.0269 
208 1 0.0237 0.902 0.0381 0.00899 0.0268 
209 1 0.0236 0.903 0.038 0.00894 0.0267 
210 1 0.0235 0.903 0.0379 0.00889 0.0266 
211 1 0.0234 0.903 0.0377 0.00884 0.0265 
212 1 0.0233 0.904 0.0376 0.00879 0.0265 
213 1 0.0232 0.904 0.0375 0.00874 0.0264 
214 1 0.0231 0.904 0.0374 0.0087 0.0263 
215 1 0.023 0.905 0.0373 0.00865 0.0263 
216 1 0.0229 0.905 0.0372 0.00861 0.0262 
217 1 0.0229 0.905 0.0371 0.00857 0.0262 
218 1 0.0228 0.906 0.037 0.00853 0.0261 
219 1 0.0227 0.906 0.0369 0.00849 0.0261 
220 1 0.0226 0.906 0.0368 0.00845 0.026 
221 1 0.0225 0.906 0.0368 0.00841 0.026 
222 1 0.0225 0.907 0.0367 0.00837 0.0259 
223 1 0.0224 0.907 0.0366 0.00834 0.0259 
224 1 0.0223 0.907 0.0365 0.0083 0.0259 
225 1 0.0222 0.907 0.0365 0.00827 0.0259 
226 1 0.0222 0.907 0.0364 0.00823 0.0258 
227 1 0.0221 0.907 0.0364 0.0082 0.0258 
228 1 0.0221 0.908 0.0363 0.00817 0.0258 
229 1 0.022 0.908 0.0363 0.00814 0.0258 
230 1 0.0219 0.908 0.0362 0.00811 0.0258 
231 1 0.0219 0.908 0.0362 0.00809 0.0259 
232 1 0.0218 0.908 0.0362 0.00806 0.0259 
233 1 0.0218 0.908 0.0361 0.00804 0.0259 
234 1 0.0218 0.908 0.0361 0.00801 0.0259 
235 1 0.0217 0.908 0.0361 0.00799 0.026 
236 1 0.0217 0.908 0.0361 0.00797 0.026 
237 1 0.0217 0.908 0.0361 0.00795 0.0261 
238 1 0.0216 0.908 0.0361 0.00793 0.0262 
239 1 0.0216 0.908 0.0361 0.00792 0.0262 
240 1 0.0216 0.908 0.0362 0.0079 0.0263 
241 1 0.0216 0.908 0.0362 0.00789 0.0264 
242 1 0.0216 0.908 0.0362 0.00788 0.0265 
243 1 0.0216 0.908 0.0363 0.00787 0.0267 
244 1 0.0216 0.907 0.0363 0.00786 0.0268 
245 1 0.0216 0.907 0.0364 0.00785 0.027 
246 1 0.0216 0.907 0.0364 0.00785 0.0271 
247 1 0.0216 0.907 0.0365 0.00785 0.0273 
248 1 0.0216 0.906 0.0366 0.00784 0.0275 
249 1 0.0216 0.906 0.0367 0.00784 0.0277 
250 1 0.0216 0.906 0.0368 0.00785 0.0279 
251 1 0.0217 0.905 0.0369 0.00785 0.0281 
252 1 0.0217 0.905 0.037 0.00785 0.0284 
253 1 0.0217 0.905 0.0372 0.00786 0.0286 
254 1 0.0218 0.904 0.0373 0.00787 0.0289 
255 1 0.0218 0.904 0.0375 0.00788 0.0292 
256 1 0.0219 0.903 0.0376 0.00789 0.0295 
257 1 0.0219 0.903 0.0378 0.0079 0.0298 
258 1 0.022 0.902 0.0379 0.00792 0.0301 
259 1 0.0221 0.901 0.0381 0.00793 0.0305 
260 1 0.0221 0.901 0.0383 0.00795 0.0308 
261 1 0.0222 0.9 0.0385 0.00797 0.0312 
262 1 0.0223 0.899 0.0387 0.00799 0.0316 
263 1 0.0224 0.899 0.0389 0.00801 0.032 
264 1 0.0225 0.898 0.0392 0.00803 0.0324 
265 1 0.0225 0.897 0.0394 0.00806 0.0329 
266 1 0.0226 0.896 0.0397 0.00808 0.0333 
267 1 0.0227 0.895 0.0399 0.00811 0.0338 
268 1 0.0228 0.895 0.0402 0.00814 0.0343 
269 1 0.0229 0.894 0.0405 0.00817 0.0349 
270 1 0.0231 0.893 0.0408 0.0082 0.0354 
271 1 0.0232 0.892 0.0411 0.00823 0.036 
272 1 0.0233 0.891 0.0414 0.00827 0.0366 
273 1 0.0234 0.889 0.0417 0.00831 0.0372 
274 1 0.0235 0.888 0.042 0.00834 0.0378 
275 1 0.0237 0.887 0.0424 0.00838 0.0385 
276 1 0.0238 0.886 0.0428 0.00842 0.0392 
277 1 0.024 0.885 0.0431 0.00847 0.0399 
278 1 0.0241 0.883 0.0435 0.00852 0.0407 
279 1 0.0243 0.882 0.044 0.00856 0.0415 
280 1 0.0244 0.88 0.0444 0.00861 0.0423 
281 1 0.0246 0.879 0.0448 0.00866 0.0431 
282 1 0.0248 0.877 0.0453 0.00872 0.0441 
283 1 0.025 0.875 0.0458 0.00878 0.045 
284 1 0.0252 0.874 0.0463 0.00884 0.046 
285 1 0.0254 0.872 0.0469 0.0089 0.047 
286 1 0.0256 0.87 0.0474 0.00896 0.0481 
287 1 0.0258 0.868 0.048 0.00903 0.0493 
288 1 0.026 0.866 0.0487 0.0091 0.0505 
289 1 0.0263 0.863 0.0493 0.00918 0.0518 
290 1 0.0265 0.861 0.05 0.00925 0.0531 
291 1 0.0268 0.859 0.0507 0.00933 0.0545 
292 1 0.027 0.856 0.0515 0.00942 0.056 
293 1 0.0273 0.853 0.0523 0.00951 0.0576 
294 1 0.0276 0.85 0.0532 0.0096 0.0593 
295 1 0.0279 0.847 0.0541 0.0097 0.0611 
296 1 0.0283 0.844 0.0551 0.00981 0.063 
297 1 0.0286 0.84 0.0561 0.00992 0.065 
298 1 0.029 0.837 0.0572 0.01 0.0671 
299 1 0.0294 0.833 0.0584 0.0102 0.0694 
300 1 0.0298 0.828 0.0597 0.0103 0.0719 
301 1 0.0302 0.824 0.061 0.0104 0.0745 
302 1 0.0306 0.819 0.0625 0.0106 0.0774 
303 1 0.0311 0.814 0.0641 0.0107 0.0804 
304 1 0.0316 0.808 0.0659 0.0109 0.0837 
305 1 0.0321 0.802 0.0678 0.0111 0.0873 
306 1 0.0327 0.795 0.0698 0.0112 0.0911 
307 1 0.0333 0.788 0.0721 0.0114 0.0952 
308 1 0.0339 0.78 0.0746 0.0117 0.0998 
309 1 0.0346 0.771 0.0774 0.0119 0.105 
310 1 0.0353 0.762 0.0804 0.0121 0.11 
311 1 0.036 0.752 0.0838 0.0124 0.116 
312 1 0.0368 0.741 0.0875 0.0126 0.122 
313 1 0.0377 0.728 0.0917 0.0129 0.129 
314 1 0.0385 0.715 0.0964 0.0132 0.137 
315 1 0.0395 0.7 0.102 0.0135 0.145 
316 1 0.0404 0.685 0.107 0.0138 0.154 
317 1 0.0413 0.667 0.113 0.0142 0.164 
318 1 0.0423 0.649 0.12 0.0145 0.174 
319 1 0.0432 0.629 0.128 0.0148 0.185 
320 1 0.0441 0.607 0.136 0.0152 0.197 
321 1 0.0449 0.585 0.145 0.0155 0.209 
322 1 0.0457 0.561 0.155 0.0158 0.222 
323 1 0.0464 0.536 0.166 0.016 0.235 
324 1 0.047 0.511 0.177 0.0163 0.249 
325 1 0.0475 0.484 0.19 0.0164 0.262 
326 1 0.0478 0.457 0.204 0.0166 0.275 
327 1 0.0479 0.43 0.219 0.0167 0.286 
328 1 0.0479 0.403 0.236 0.0167 0.297 
329 1 0.0477 0.375 0.256 0.0167 0.304 
330 1 0.0472 0.348 0.278 0.0167 0.31 
331 1 0.0466 0.322 0.303 0.0165 0.312 
332 2 0.0458 0.297 0.329 0.0163 0.312 
333 2 0.0447 0.274 0.356 0.016 0.309 
334 2 0.0436 0.253 0.381 0.0157 0.306 
335 2 0.0425 0.235 0.405 0.0154 0.302 
336 2 0.0413 0.219 0.427 0.015 0.298 
337 2 0.0401 0.204 0.449 0.0146 0.293 
338 2 0.0388 0.19 0.469 0.0143 0.287 
339 2 0.0376 0.178 0.489 0.0139 0.282 
340 2 0.0364 0.166 0.508 0.0135 0.276 
341 2 0.0353 0.156 0.526 0.0131 0.269 
342 2 0.0341 0.147 0.543 0.0127 0.263 
343 2 0.033 0.138 0.56 0.0124 0.256 
344 2 0.0319 0.131 0.576 0.012 0.25 
345 2 0.0309 0.123 0.59 0.0117 0.244 
346 2 0.0299 0.117 0.605 0.0113 0.237 
347 2 0.029 0.111 0.618 0.011 0.231 
348 2 0.0281 0.105 0.631 0.0107 0.225 
349 2 0.0272 0.1 0.643 0.0104 0.219 
350 2 0.0263 0.0953 0.655 0.0101 0.213 
351 2 0.0255 0.0909 0.666 0.00985 0.208 
352 2 0.0248 0.0868 0.676 0.00958 0.202 
353 2 0.0241 0.0829 0.686 0.00933 0.197 
354 2 0.0234 0.0794 0.696 0.00908 0.192 
355 2 0.0227 0.0761 0.705 0.00885 0.187 
356 2 0.0221 0.073 0.713 0.00863 0.183 
357 2 0.0215 0.0702 0.721 0.00842 0.179 
358 2 0.0209 0.0676 0.728 0.00822 0.175 
359 2 0.0205 0.0656 0.733 0.00807 0.173 
360 2 0.0202 0.0642 0.735 0.00798 0.173 
361 2 0.02 0.0632 0.734 0.00792 0.175 
362 2 0.0199 0.0624 0.732 0.00788 0.178 
363 2 0.0198 0.0618 0.729 0.00786 0.182 
364 2 0.0198 0.0614 0.724 0.00785 0.187 
365 2 0.0198 0.0611 0.719 0.00785 0.192 
366 2 0.0198 0.0608 0.714 0.00786 0.198 
367 2 0.0198 0.0606 0.707 0.00788 0.205 
368 2 0.0199 0.0605 0.699 0.0079 0.213 
369 2 0.0199 0.0604 0.691 0.00793 0.221 
370 2 0.02 0.0604 0.681 0.00797 0.231 
371 2 0.0201 0.0603 0.671 0.008 0.241 
372 2 0.0202 0.0603 0.66 0.00804 0.252 
373 2 0.0202 0.0603 0.647 0.00807 0.264 
374 2 0.0203 0.0603 0.634 0.00811 0.277 
375 2 0.0204 0.0602 0.619 0.00814 0.292 
376 2 0.0204 0.0601 0.604 0.00816 0.307 
377 2 0.0204 0.06 0.588 0.00818 0.324 
378 2 0.0205 0.0598 0.57 0.00819 0.342 
379 2 0.0204 0.0595 0.551 0.00819 0.361 
380 2 0.0205 0.0591 0.515 0.00822 0.398 
381 2 0.0204 0.0583 0.478 0.00819 0.435 
382 4 0.0202 0.0571 0.441 0.00811 0.474 
383 4 0.0199 0.0555 0.404 0.00798 0.513 
384 4 0.0194 0.0537 0.368 0.0078 0.551 
385 4 0.0188 0.0516 0.335 0.00758 0.587 
386 4 0.0182 0.0493 0.304 0.00733 0.621 
387 4 0.0175 0.047 0.276 0.00707 0.652 
388 4 0.0168 0.0447 0.251 0.0068 0.681 
389 4 0.0161 0.0425 0.228 0.00652 0.707 
390 4 0.0155 0.0403 0.208 0.00625 0.73 
391 4 0.0148 0.0383 0.19 0.006 0.751 
392 4 0.0142 0.0364 0.175 0.00575 0.769 
393 4 0.0136 0.0346 0.161 0.00552 0.785 
394 4 0.013 0.0329 0.149 0.00529 0.8 
395 4 0.0125 0.0313 0.138 0.00509 0.813 
396 4 0.012 0.0299 0.128 0.00489 0.825 
397 4 0.0115 0.0285 0.119 0.00471 0.836 
398 4 0.0111 0.0273 0.112 0.00454 0.845 
399 4 0.0107 0.0261 0.105 0.00438 0.854 
400 4 0.0103 0.025 0.0982 0.00422 0.862 
401 4 0.00991 0.024 0.0922 0.00407 0.87 
402 4 0.00954 0.0229 0.0865 0.00392 0.877 
403 4 0.00921 0.022 0.0815 0.00379 0.883 
404 4 0.0089 0.0212 0.0772 0.00367 0.889 
405 4 0.00862 0.0204 0.0733 0.00356 0.894 
406 4 0.00836 0.0197 0.0697 0.00346 0.899 
407 4 0.00812 0.019 0.0665 0.00336 0.903 
408 4 0.00789 0.0184 0.0635 0.00327 0.907 
409 4 0.00767 0.0178 0.0608 0.00318 0.91 
410 4 0.00748 0.0173 0.0583 0.0031 0.914 
411 4 0.00731 0.0169 0.0563 0.00304 0.916 
412 4 0.00721 0.0166 0.0552 0.003 0.918 
413 4 0.00717 0.0165 0.0547 0.00298 0.919 
414 4 0.00704 0.0161 0.0531 0.00293 0.921 
415 4 0.00706 0.0161 0.0534 0.00293 0.921 
416 4 0.00707 0.0161 0.0536 0.00293 0.92 
417 4 0.00697 0.0158 0.0522 0.00289 0.922 
418 4 0.00701 0.0159 0.0528 0.0029 0.921 
419 4 0.00692 0.0157 0.0517 0.00287 0.923 
420 4 0.00697 0.0158 0.0523 0.00288 0.922 
421 4 0.00689 0.0155 0.0513 0.00285 0.923 
422 4 0.00694 0.0156 0.052 0.00287 0.923 
423 4 0.00697 0.0157 0.0526 0.00288 0.922 
424 4 0.00691 0.0155 0.0517 0.00285 0.923 
425 4 0.00697 0.0156 0.0526 0.00287 0.922 
426 4 0.00693 0.0155 0.0519 0.00285 0.923 
427 4 0.00699 0.0156 0.0529 0.00288 0.922 
428 4 0.00696 0.0155 0.0524 0.00286 0.922 
429 4 0.00704 0.0157 0.0536 0.00289 0.921 
430 4 0.00702 0.0156 0.0533 0.00288 0.921 
431 4 0.00711 0.0159 0.0547 0.00292 0.919 
432 4 0.00711 0.0158 0.0545 0.00291 0.92 
433 4 0.00722 0.0161 0.0562 0.00296 0.918 
434 4 0.00723 0.016 0.0562 0.00296 0.918 
435 4 0.00736 0.0164 0.0582 0.00301 0.915 
436 4 0.00739 0.0164 0.0584 0.00302 0.915 
437 4 0.00755 0.0168 0.0609 0.00308 0.912 
438 4 0.00758 0.0168 0.0613 0.00309 0.911 
439 4 0.00762 0.0169 0.0617 0.0031 0.911 
440 4 0.00765 0.0169 0.0621 0.00311 0.91 
441 4 0.00767 0.0169 0.0623 0.00311 0.91 
442 4 0.0077 0.0169 0.0627 0.00312 0.91 
443 4 0.00773 0.017 0.063 0.00313 0.909 
444 4 0.00776 0.017 0.0634 0.00314 0.909 
445 4 0.00779 0.017 0.0638 0.00315 0.908 
446 4 0.00782 0.0171 0.0642 0.00316 0.908 
447 4 0.00786 0.0171 0.0648 0.00317 0.907 
448 4 0.0079 0.0172 0.0653 0.00318 0.906 
449 4 0.00794 0.0172 0.0659 0.00319 0.906 
450 4 0.00799 0.0173 0.0666 0.00321 0.905 
451 4 0.00804 0.0174 0.0674 0.00323 0.904 
452 4 0.0081 0.0175 0.0682 0.00325 0.903 
453 4 0.00815 0.0176 0.069 0.00326 0.902 
454 4 0.00821 0.0177 0.0699 0.00328 0.901 
455 4 0.00828 0.0178 0.0709 0.00331 0.9 
456 4 0.00835 0.0179 0.0719 0.00333 0.898 
457 4 0.00842 0.0181 0.0731 0.00335 0.897 
458 4 0.00849 0.0182 0.0742 0.00338 0.896 
459 4 0.00856 0.0183 0.0753 0.0034 0.894 
460 4 0.00863 0.0184 0.0765 0.00343 0.893 
461 4 0.00869 0.0185 0.0775 0.00345 0.892 
462 4 0.00874 0.0186 0.0783 0.00346 0.891 
463 4 0.00878 0.0186 0.0788 0.00347 0.89 
464 4 0.00879 0.0186 0.079 0.00348 0.89 
465 4 0.00882 0.0186 0.0795 0.00348 0.89 
466 4 0.00883 0.0186 0.0796 0.00348 0.89 
467 4 0.00885 0.0186 0.0799 0.00349 0.889 
468 4 0.00885 0.0186 0.0798 0.00348 0.889 
469 4 0.00884 0.0185 0.0797 0.00348 0.89 
470 4 0.00882 0.0184 0.0794 0.00347 0.89 
471 4 0.00878 0.0183 0.0789 0.00345 0.891 
472 4 0.00875 0.0181 0.0783 0.00343 0.891 
473 4 0.00872 0.018 0.078 0.00342 0.892 
474 4 0.0087 0.0179 0.0777 0.00341 0.892 
475 4 0.00869 0.0179 0.0774 0.0034 0.893 
476 4 0.00868 0.0178 0.0773 0.0034 0.893 
477 4 0.00867 0.0177 0.0772 0.00339 0.893 
478 4 0.00867 0.0177 0.0771 0.00339 0.893 
479 4 0.00866 0.0176 0.0771 0.00338 0.893 
480 4 0.00866 0.0176 0.0771 0.00338 0.893 
481 4 0.00867 0.0175 0.0771 0.00338 0.893 
482 4 0.00867 0.0175 0.0771 0.00338 0.893 
483 4 0.00867 0.0175 0.0772 0.00338 0.893 
484 4 0.00868 0.0174 0.0773 0.00338 0.893 
485 4 0.00869 0.0174 0.0775 0.00338 0.893 
486 4 0.0087 0.0174 0.0776 0.00338 0.893 
487 4 0.00871 0.0174 0.0778 0.00338 0.893 
488 4 0.00872 0.0173 0.078 0.00338 0.893 
489 4 0.00873 0.0173 0.0782 0.00338 0.892 
490 4 0.00874 0.0173 0.0784 0.00338 0.892 
491 4 0.00876 0.0173 0.0787 0.00339 0.892 
492 4 0.00877 0.0173 0.0789 0.00339 0.892 
493 4 0.00879 0.0173 0.0792 0.00339 0.891 
494 4 0.00881 0.0173 0.0795 0.0034 0.891 
495 4 0.00883 0.0173 0.0797 0.0034 0.891 
496 4 0.00885 0.0172 0.08 0.0034 0.89 
497 4 0.00886 0.0172 0.0803 0.00341 0.89 
498 4 0.00888 0.0172 0.0806 0.00341 0.89 
499 4 0.0089 0.0172 0.081 0.00342 0.889 
500 4 0.00892 0.0172 0.0813 0.00342 0.889 
501 4 0.00894 0.0172 0.0816 0.00343 0.889 
502 4 0.00896 0.0172 0.082 0.00343 0.888 
503 4 0.00898 0.0172 0.0824 0.00344 0.888 
504 4 0.009 0.0172 0.0828 0.00344 0.888 
505 4 0.00903 0.0172 0.0832 0.00345 0.887 
506 4 0.00905 0.0172 0.0836 0.00345 0.887 
507 4 0.00907 0.0173 0.084 0.00346 0.886 
508 4 0.0091 0.0173 0.0845 0.00347 0.886 
509 4 0.00913 0.0173 0.0849 0.00347 0.885 
510 4 0.00915 0.0173 0.0854 0.00348 0.885 
511 4 0.00918 0.0173 0.0858 0.00349 0.884 
512 4 0.0092 0.0173 0.0863 0.0035 0.884 
513 4 0.00923 0.0173 0.0868 0.0035 0.883 
514 4 0.00926 0.0173 0.0873 0.00351 0.883 
515 4 0.00929 0.0174 0.0878 0.00352 0.882 
516 4 0.00932 0.0174 0.0884 0.00353 0.881 
517 4 0.00935 0.0174 0.0889 0.00354 0.881 
518 4 0.00938 0.0174 0.0895 0.00355 0.88 
519 4 0.00941 0.0174 0.0901 0.00355 0.88 
520 4 0.00945 0.0175 0.0907 0.00356 0.879 
521 4 0.00948 0.0175 0.0912 0.00357 0.878 
522 4 0.00951 0.0175 0.0919 0.00358 0.878 
523 4 0.00955 0.0175 0.0925 0.00359 0.877 
524 4 0.00958 0.0175 0.0931 0.0036 0.876 
525 4 0.00961 0.0176 0.0938 0.00361 0.875 
526 4 0.00965 0.0176 0.0944 0.00362 0.875 
527 4 0.00968 0.0176 0.095 0.00363 0.874 
528 4 0.00972 0.0176 0.0957 0.00364 0.873 
529 4 0.00975 0.0177 0.0964 0.00365 0.873 
530 4 0.00979 0.0177 0.0971 0.00366 0.872 
531 4 0.00982 0.0177 0.0978 0.00367 0.871 
532 4 0.00986 0.0178 0.0986 0.00368 0.87 
533 4 0.0099 0.0178 0.0993 0.0037 0.869 
534 4 0.00994 0.0178 0.1 0.00371 0.868 
535 4 0.00998 0.0179 0.101 0.00372 0.868 
536 4 0.01 0.0179 0.102 0.00373 0.867 
537 4 0.0101 0.0179 0.102 0.00374 0.866 
538 4 0.0101 0.018 0.103 0.00375 0.865 
539 4 0.0101 0.018 0.104 0.00377 0.864 
540 4 0.0102 0.0181 0.105 0.00378 0.863 
541 4 0.0102 0.0181 0.106 0.0038 0.862 
542 4 0.0103 0.0181 0.107 0.00381 0.861 
543 4 0.0103 0.0182 0.108 0.00382 0.86 
544 4 0.0104 0.0182 0.109 0.00384 0.859 
545 4 0.0104 0.0183 0.11 0.00385 0.858 
546 4 0.0105 0.0183 0.111 0.00387 0.857 
547 4 0.0105 0.0184 0.112 0.00388 0.856 
548 4 0.0106 0.0184 0.113 0.0039 0.854 
549 4 0.0106 0.0185 0.114 0.00391 0.853 
550 4 0.0107 0.0185 0.115 0.00393 0.852 
551 4 0.0107 0.0186 0.116 0.00395 0.851 
552 4 0.0108 0.0186 0.117 0.00396 0.85 
553 4 0.0108 0.0187 0.118 0.00398 0.849 
554 4 0.0109 0.0187 0.119 0.00399 0.848 
555 4 0.011 0.0187 0.12 0.00401 0.846 
556 4 0.011 0.0188 0.121 0.00403 0.845 
557 4 0.0111 0.0189 0.122 0.00405 0.844 
558 4 0.0112 0.0189 0.124 0.00407 0.842 
559 4 0.0112 0.019 0.125 0.00408 0.841 
560 4 0.0113 0.019 0.126 0.0041 0.84 
561 4 0.0113 0.019 0.127 0.00412 0.838 
562 4 0.0114 0.0191 0.128 0.00413 0.837 
563 4 0.0114 0.0191 0.13 0.00415 0.836 
564 4 0.0115 0.0192 0.131 0.00417 0.834 
565 4 0.0116 0.0193 0.133 0.00419 0.832 
566 4 0.0116 0.0193 0.134 0.00421 0.831 
567 4 0.0117 0.0194 0.136 0.00422 0.829 
568 4 0.0117 0.0195 0.137 0.00424 0.827 
569 4 0.0118 0.0195 0.139 0.00427 0.825 
570 4 0.0119 0.0196 0.141 0.00429 0.823 
571 4 0.0119 0.0197 0.143 0.00431 0.822 
572 4 0.012 0.0197 0.144 0.00433 0.82 
573 4 0.0121 0.0198 0.146 0.00435 0.818 
574 4 0.0121 0.0199 0.148 0.00437 0.816 
575 4 0.0122 0.0199 0.15 0.00439 0.814 
576 4 0.0123 0.02 0.152 0.00441 0.812 
577 4 0.0123 0.0201 0.154 0.00443 0.809 
578 4 0.0124 0.0202 0.156 0.00445 0.807 
579 4 0.0125 0.0202 0.158 0.00447 0.805 
580 4 0.0125 0.0203 0.159 0.00449 0.803 
581 4 0.0126 0.0204 0.161 0.00451 0.801 
582 4 0.0127 0.0204 0.164 0.00454 0.799 
583 4 0.0127 0.0205 0.165 0.00455 0.797 
584 4 0.0128 0.0205 0.167 0.00456 0.795 
585 4 0.0128 0.0206 0.17 0.00458 0.793 
586 4 0.0128 0.0206 0.172 0.00459 0.79 
587 4 0.0128 0.0207 0.174 0.0046 0.788 
588 4 0.0128 0.0208 0.177 0.00461 0.785 
589 4 0.0129 0.0209 0.18 0.00463 0.782 
590 4 0.0129 0.021 0.183 0.00465 0.779 
591 4 0.0129 0.0211 0.186 0.00466 0.775 
592 4 0.013 0.0212 0.189 0.00468 0.772 
593 4 0.013 0.0213 0.192 0.0047 0.769 
594 4 0.0131 0.0214 0.196 0.00472 0.765 
595 4 0.0131 0.0216 0.199 0.00474 0.761 
596 4 0.0131 0.0217 0.203 0.00476 0.758 
597 4 0.0132 0.0218 0.206 0.00477 0.754 
598 4 0.0132 0.0219 0.209 0.00479 0.751 
599 4 0.0132 0.022 0.213 0.00481 0.747 
600 4 0.0132 0.0221 0.216 0.00482 0.743 
601 4 0.0133 0.0222 0.22 0.00484 0.74 
602 4 0.0133 0.0223 0.223 0.00485 0.736 
603 4 0.0133 0.0225 0.227 0.00487 0.733 
604 4 0.0133 0.0226 0.23 0.00488 0.729 
605 4 0.0134 0.0227 0.234 0.00489 0.726 
606 4 0.0134 0.0228 0.237 0.00491 0.722 
607 4 0.0134 0.0229 0.24 0.00492 0.718 
608 4 0.0134 0.023 0.244 0.00493 0.715 
609 4 0.0134 0.0231 0.247 0.00494 0.711 
610 4 0.0134 0.0231 0.25 0.00494 0.708 
611 4 0.0134 0.0232 0.253 0.00494 0.706 
612 4 0.0134 0.0232 0.256 0.00494 0.703 
613 4 0.0133 0.0233 0.258 0.00495 0.7 
614 4 0.0133 0.0233 0.261 0.00495 0.697 
615 4 0.0133 0.0234 0.264 0.00495 0.694 
616 4 0.0133 0.0234 0.267 0.00495 0.692 
617 4 0.0133 0.0235 0.27 0.00495 0.689 
618 4 0.0132 0.0235 0.272 0.00495 0.686 
619 4 0.0132 0.0236 0.275 0.00495 0.683 
620 4 0.0132 0.0236 0.278 0.00495 0.68 
621 4 0.0132 0.0237 0.281 0.00495 0.677 
622 4 0.0132 0.0237 0.284 0.00495 0.674 
623 4 0.0131 0.0238 0.287 0.00495 0.671 
624 4 0.0131 0.0238 0.29 0.00495 0.668 
625 4 0.0131 0.0239 0.293 0.00495 0.665 
626 4 0.0131 0.0239 0.296 0.00495 0.662 
627 4 0.0131 0.024 0.299 0.00495 0.659 
628 4 0.013 0.024 0.302 0.00495 0.656 
629 4 0.013 0.0241 0.305 0.00495 0.653 
630 4 0.013 0.0241 0.308 0.00495 0.65 
631 4 0.013 0.0242 0.311 0.00495 0.647 
632 4 0.013 0.0242 0.314 0.00495 0.644 
633 4 0.0129 0.0242 0.317 0.00495 0.64 
634 4 0.0129 0.0243 0.321 0.00495 0.637 
635 4 0.0129 0.0243 0.324 0.00495 0.634 
636 4 0.0129 0.0244 0.327 0.00494 0.631 
637 4 0.0129 0.0244 0.33 0.00494 0.628 
638 4 0.0128 0.0245 0.333 0.00494 0.624 
639 4 0.0128 0.0245 0.337 0.00494 0.621 
640 4 0.0128 0.0245 0.34 0.00494 0.618 
641 4 0.0128 0.0246 0.343 0.00494 0.614 
642 4 0.0127 0.0246 0.346 0.00493 0.611 
643 4 0.0127 0.0246 0.349 0.00492 0.609 
644 4 0.0127 0.0246 0.352 0.00492 0.606 
645 4 0.0126 0.0246 0.355 0.00491 0.603 
646 4 0.0126 0.0247 0.358 0.0049 0.6 
647 4 0.0125 0.0247 0.361 0.0049 0.597 
648 4 0.0125 0.0247 0.364 0.00489 0.594 
649 4 0.0125 0.0247 0.367 0.00488 0.591 
650 4 0.0124 0.0247 0.37 0.00488 0.588 
651 4 0.0124 0.0247 0.373 0.00487 0.585 
652 4 0.0124 0.0247 0.376 0.00486 0.582 
653 4 0.0123 0.0247 0.379 0.00485 0.579 
654 4 0.0123 0.0247 0.382 0.00485 0.576 
655 4 0.0122 0.0247 0.385 0.00484 0.573 
656 4 0.0122 0.0247 0.388 0.00483 0.57 
657 4 0.0122 0.0247 0.391 0.00482 0.567 
658 4 0.0121 0.0247 0.394 0.00482 0.564 
659 4 0.0121 0.0247 0.397 0.00481 0.561 
660 4 0.0121 0.0247 0.4 0.0048 0.558 
661 4 0.012 0.0247 0.403 0.00479 0.555 
662 4 0.012 0.0247 0.406 0.00478 0.552 
663 4 0.0119 0.0247 0.409 0.00478 0.549 
664 4 0.0119 0.0247 0.413 0.00477 0.546 
665 4 0.0119 0.0247 0.416 0.00476 0.543 
666 4 0.0118 0.0247 0.419 0.00475 0.54 
667 4 0.0118 0.0247 0.422 0.00474 0.537 
668 4 0.0118 0.0247 0.425 0.00473 0.534 
669 4 0.0117 0.0247 0.428 0.00472 0.531 
670 4 0.0117 0.0247 0.431 0.00471 0.528 
671 4 0.0116 0.0247 0.434 0.0047 0.525 
672 4 0.0116 0.0247 0.437 0.00469 0.522 
673 4 0.0116 0.0247 0.44 0.00468 0.519 
674 4 0.0115 0.0246 0.443 0.00468 0.516 
675 4 0.0115 0.0246 0.446 0.00467 0.514 
676 4 0.0114 0.0246 0.449 0.00466 0.511 
677 4 0.0114 0.0246 0.451 0.00465 0.508 
678 4 0.0114 0.0246 0.454 0.00464 0.505 
679 4 0.0113 0.0245 0.457 0.00463 0.502 
680 4 0.0113 0.0245 0.46 0.00462 0.5 
681 4 0.0113 0.0245 0.463 0.00461 0.497 
682 4 0.0112 0.0245 0.466 0.00459 0.494 
683 4 0.0112 0.0244 0.469 0.00458 0.491 
684 4 0.0111 0.0244 0.471 0.00457 0.489 
685 4 0.0111 0.0244 0.474 0.00456 0.486 
686 4 0.0111 0.0243 0.477 0.00455 0.483 
687 4 0.011 0.0243 0.48 0.00454 0.481 
688 2 0.011 0.0243 0.482 0.00453 0.478 
689 2 0.0109 0.0242 0.485 0.00452 0.475 
690 2 0.0109 0.0242 0.488 0.00451 0.473 
691 2 0.0109 0.0242 0.49 0.0045 0.47 
692 2 0.0108 0.0241 0.493 0.00449 0.468 
693 2 0.0108 0.0241 0.496 0.00447 0.465 
694 2 0.0108 0.024 0.498 0.00446 0.462 
695 2 0.0107 0.024 0.501 0.00445 0.46 
696 2 0.0107 0.0239 0.504 0.00444 0.457 
697 2 0.0106 0.0239 0.506 0.00443 0.455 
698 2 0.0106 0.0239 0.509 0.00442 0.452 
699 2 0.0106 0.0238 0.512 0.0044 0.45 
700 2 0.0105 0.0238 0.514 0.00439 0.447 
701 2 0.0105 0.0237 0.517 0.00438 0.444 
702 2 0.0104 0.0237 0.52 0.00437 0.442 
703 2 0.0104 0.0236 0.522 0.00436 0.439 
704 2 0.0104 0.0236 0.525 0.00434 0.437 
705 2 0.0103 0.0235 0.528 0.00433 0.434 
706 2 0.0103 0.0234 0.531 0.00432 0.431 
707 2 0.0103 0.0234 0.533 0.00431 0.429 
708 2 0.0102 0.0233 0.537 0.0043 0.426 
709 2 0.0102 0.0233 0.539 0.00429 0.423 
710 2 0.0102 0.0233 0.543 0.00428 0.42 
711 2 0.0102 0.0232 0.546 0.00427 0.417 
712 2 0.0101 0.0232 0.549 0.00427 0.413 
713 2 0.0101 0.0231 0.552 0.00426 0.41 
714 2 0.0101 0.023 0.556 0.00425 0.407 
715 2 0.01 0.023 0.559 0.00424 0.404 
716 2 0.01 0.0229 0.562 0.00423 0.401 
717 2 0.00998 0.0229 0.565 0.00421 0.398 
718 2 0.00995 0.0228 0.568 0.0042 0.395 
719 2 0.00993 0.0227 0.572 0.00419 0.392 
720 2 0.0099 0.0227 0.575 0.00418 0.389 
721 2 0.00987 0.0226 0.578 0.00417 0.386 
722 2 0.00984 0.0225 0.581 0.00416 0.383 
723 2 0.00981 0.0225 0.584 0.00415 0.38 
724 2 0.00978 0.0224 0.587 0.00414 0.377 
725 2 0.00975 0.0223 0.59 0.00413 0.374 
726 2 0.00972 0.0223 0.593 0.00412 0.371 
727 2 0.00969 0.0222 0.596 0.00411 0.368 
728 2 0.00966 0.0222 0.599 0.00409 0.365 
729 2 0.00963 0.0221 0.602 0.00408 0.362 
730 2 0.0096 0.022 0.605 0.00407 0.36 
731 2 0.00956 0.022 0.607 0.00406 0.357 
732 2 0.00953 0.0219 0.61 0.00405 0.354 
733 2 0.0095 0.0218 0.613 0.00404 0.352 
734 2 0.00947 0.0218 0.616 0.00403 0.349 
735 2 0.00944 0.0217 0.618 0.00401 0.346 
736 2 0.00941 0.0216 0.621 0.004 0.344 
737 2 0.00938 0.0216 0.624 0.00399 0.341 
738 2 0.00935 0.0215 0.626 0.00398 0.339 
739 2 0.00932 0.0214 0.629 0.00397 0.336 
740 2 0.00929 0.0214 0.631 0.00396 0.334 
741 2 0.00925 0.0213 0.634 0.00394 0.332 
742 2 0.00922 0.0212 0.636 0.00393 0.329 
743 2 0.00919 0.0212 0.639 0.00392 0.327 
744 2 0.00916 0.0211 0.641 0.00391 0.325 
745 2 0.00913 0.021 0.644 0.0039 0.322 
746 2 0.0091 0.021 0.646 0.00389 0.32 
747 2 0.00907 0.0209 0.648 0.00388 0.318 
748 2 0.00904 0.0208 0.65 0.00386 0.316 
749 2 0.00901 0.0208 0.653 0.00385 0.314 
750 2 0.00898 0.0207 0.655 0.00384 0.312 
751 2 0.00895 0.0206 0.657 0.00383 0.31 
752 2 0.00892 0.0206 0.659 0.00382 0.308 
753 2 0.00889 0.0205 0.661 0.00381 0.306 
754 2 0.0089 0.0205 0.663 0.00381 0.304 
755 2 0.00886 0.0204 0.666 0.00379 0.301 
756 2 0.00883 0.0203 0.668 0.00378 0.299 
757 2 0.00883 0.0203 0.67 0.00378 0.297 
758 2 0.00879 0.0202 0.673 0.00376 0.294 
759 2 0.0088 0.0202 0.675 0.00376 0.292 
760 2 0.00876 0.0201 0.677 0.00375 0.29 
761 2 0.00872 0.02 0.68 0.00373 0.288 
762 2 0.00872 0.02 0.681 0.00373 0.286 
763 2 0.00868 0.0199 0.684 0.00372 0.284 
764 2 0.00864 0.0198 0.686 0.0037 0.282 
765 2 0.00865 0.0198 0.687 0.0037 0.281 
766 2 0.00861 0.0197 0.69 0.00369 0.278 
767 2 0.00861 0.0197 0.691 0.00368 0.277 
768 2 0.00856 0.0196 0.693 0.00367 0.275 
769 2 0.00856 0.0196 0.695 0.00367 0.274 
770 2 0.00852 0.0195 0.697 0.00365 0.271 
771 2 0.00852 0.0195 0.698 0.00365 0.27 
772 2 0.00847 0.0194 0.7 0.00363 0.268 
773 2 0.00844 0.0193 0.701 0.00362 0.267 
774 2 0.00845 0.0193 0.702 0.00362 0.267 
775 2 0.0084 0.0192 0.703 0.0036 0.265 
776 2 0.00841 0.0192 0.703 0.00361 0.265 
777 2 0.00837 0.0192 0.705 0.00359 0.264 
778 2 0.00838 0.0192 0.705 0.00359 0.264 
779 2 0.00837 0.0191 0.706 0.00359 0.263 
780 2 0.00833 0.0191 0.707 0.00358 0.262 
781 2 0.00834 0.0191 0.707 0.00358 0.262 
782 2 0.00833 0.019 0.708 0.00357 0.261 
783 2 0.00832 0.019 0.709 0.00357 0.26 
784 2 0.00831 0.019 0.711 0.00356 0.259 
785 2 0.0083 0.0189 0.712 0.00356 0.257 
786 2 0.00828 0.0189 0.713 0.00355 0.256 
787 2 0.00828 0.0188 0.714 0.00355 0.255 
788 2 0.00826 0.0188 0.716 0.00354 0.254 
789 2 0.00825 0.0188 0.717 0.00354 0.253 
790 2 0.00825 0.0187 0.718 0.00353 0.252 
791 2 0.00824 0.0187 0.718 0.00353 0.251 
792 2 0.00823 0.0187 0.719 0.00352 0.25 
793 2 0.00822 0.0186 0.72 0.00352 0.25 
794 2 0.00821 0.0186 0.721 0.00352 0.249 
795 2 0.00821 0.0186 0.721 0.00351 0.248 
796 2 0.0082 0.0186 0.722 0.00351 0.248 
797 2 0.0082 0.0186 0.723 0.00351 0.247 
798 2 0.00819 0.0185 0.723 0.0035 0.247 
799 2 0.00818 0.0185 0.723 0.0035 0.246 
800 2 0.00818 0.0185 0.724 0.0035 0.246 
801 2 0.00817 0.0185 0.724 0.0035 0.246 
802 2 0.00817 0.0185 0.725 0.00349 0.245 
803 2 0.00817 0.0185 0.725 0.00349 0.245 
804 2 0.00816 0.0185 0.725 0.00349 0.245 
805 2 0.00816 0.0185 0.725 0.00349 0.245 
806 2 0.00815 0.0185 0.725 0.00349 0.244 
807 2 0.00815 0.0185 0.726 0.00348 0.244 
808 2 0.00815 0.0185 0.726 0.00348 0.244 
809 2 0.00815 0.0185 0.726 0.00348 0.244 
810 2 0.00815 0.0185 0.726 0.00348 0.244 
811 2 0.00816 0.0185 0.726 0.00348 0.244 
812 2 0.00816 0.0185 0.726 0.00348 0.244 
813 2 0.00816 0.0185 0.726 0.00348 0.243 
814 2 0.00817 0.0185 0.727 0.00348 0.243 
815 2 0.00817 0.0185 0.727 0.00348 0.242 
816 2 0.00817 0.0184 0.728 0.00348 0.242 
817 2 0.00818 0.0184 0.729 0.00348 0.241 
818 2 0.00818 0.0184 0.73 0.00348 0.24 
819 2 0.00818 0.0184 0.732 0.00348 0.238 
820 2 0.00818 0.0184 0.733 0.00347 0.237 
821 2 0.00817 0.0183 0.735 0.00347 0.235 
822 2 0.00817 0.0183 0.736 0.00347 0.234 
823 2 0.00817 0.0182 0.738 0.00346 0.232 
824 2 0.00817 0.0182 0.74 0.00346 0.23 
825 2 0.00816 0.0181 0.742 0.00345 0.228 
826 2 0.00816 0.0181 0.744 0.00345 0.227 
827 2 0.00816 0.0181 0.746 0.00344 0.225 
828 2 0.00815 0.018 0.748 0.00344 0.223 
829 2 0.00815 0.0179 0.75 0.00343 0.221 
830 2 0.00815 0.0179 0.751 0.00343 0.219 
831 2 0.00814 0.0178 0.753 0.00342 0.217 
832 2 0.00814 0.0178 0.755 0.00342 0.216 
833 2 0.00814 0.0178 0.756 0.00342 0.214 
834 2 0.00814 0.0177 0.758 0.00341 0.213 
835 2 0.00814 0.0177 0.76 0.00341 0.211 
836 2 0.00814 0.0176 0.761 0.0034 0.21 
837 2 0.00815 0.0176 0.762 0.0034 0.209 
838 2 0.00815 0.0175 0.764 0.0034 0.207 
839 2 0.00815 0.0175 0.765 0.0034 0.206 
840 2 0.00815 0.0175 0.766 0.00339 0.205 
841 2 0.00815 0.0174 0.767 0.00339 0.204 
842 2 0.00816 0.0174 0.768 0.00339 0.203 
843 2 0.00816 0.0174 0.769 0.00339 0.202 
844 2 0.00816 0.0173 0.77 0.00339 0.201 
845 2 0.00817 0.0173 0.771 0.00338 0.201 
846 2 0.00818 0.0173 0.771 0.00338 0.2 
847 2 0.00818 0.0173 0.772 0.00338 0.199 
848 2 0.00819 0.0173 0.772 0.00338 0.199 
849 2 0.0082 0.0172 0.773 0.00338 0.199 
850 2 0.00821 0.0172 0.773 0.00339 0.198 
851 2 0.00822 0.0172 0.773 0.00339 0.198 
852 2 0.00823 0.0172 0.773 0.00339 0.198 
853 2 0.00824 0.0172 0.773 0.00339 0.198 
854 2 0.00825 0.0172 0.773 0.00339 0.198 
855 2 0.00826 0.0172 0.773 0.0034 0.198 
856 2 0.00828 0.0172 0.773 0.0034 0.198 
857 2 0.00829 0.0172 0.773 0.0034 0.198 
858 2 0.00831 0.0173 0.773 0.00341 0.198 
859 2 0.00832 0.0173 0.772 0.00341 0.199 
860 2 0.00834 0.0173 0.772 0.00342 0.199 
861 2 0.00836 0.0173 0.771 0.00342 0.2 
862 2 0.00838 0.0173 0.771 0.00343 0.2 
863 2 0.00839 0.0173 0.77 0.00343 0.2 
864 2 0.00841 0.0174 0.77 0.00344 0.201 
865 2 0.00843 0.0174 0.769 0.00344 0.202 
866 2 0.00845 0.0174 0.768 0.00345 0.202 
867 2 0.00847 0.0175 0.768 0.00346 0.203 
868 2 0.0085 0.0175 0.767 0.00347 0.204 
869 2 0.00852 0.0176 0.766 0.00347 0.205 
870 2 0.00854 0.0176 0.765 0.00348 0.206 
871 2 0.00856 0.0176 0.764 0.00349 0.207 
872 2 0.00859 0.0177 0.762 0.0035 0.208 
873 2 0.00861 0.0178 0.761 0.00351 0.209 
874 2 0.00864 0.0178 0.759 0.00352 0.211 
875 2 0.00867 0.0179 0.758 0.00353 0.212 
876 2 0.00869 0.018 0.756 0.00354 0.214 
877 2 0.00872 0.018 0.754 0.00355 0.215 
878 2 0.00875 0.0181 0.752 0.00356 0.217 
879 2 0.00878 0.0182 0.75 0.00357 0.219 
880 2 0.00881 0.0183 0.748 0.00358 0.221 
881 2 0.00885 0.0184 0.746 0.0036 0.223 
882 2 0.00889 0.0185 0.744 0.00361 0.225 
883 2 0.00894 0.0186 0.741 0.00363 0.227 
884 2 0.00899 0.0187 0.739 0.00365 0.23 
885 2 0.00904 0.0188 0.736 0.00366 0.232 
886 2 0.00909 0.0189 0.734 0.00368 0.234 
887 2 0.00915 0.0191 0.731 0.0037 0.237 
888 2 0.00921 0.0192 0.729 0.00372 0.239 
889 2 0.00927 0.0193 0.726 0.00374 0.242 
890 2 0.00933 0.0194 0.723 0.00376 0.244 
891 2 0.0094 0.0196 0.721 0.00379 0.247 
892 2 0.00947 0.0197 0.718 0.00381 0.249 
893 2 0.00954 0.0199 0.715 0.00383 0.252 
894 2 0.00962 0.02 0.712 0.00386 0.254 
895 2 0.00969 0.0202 0.71 0.00388 0.256 
896 2 0.00977 0.0203 0.707 0.0039 0.259 
897 2 0.00985 0.0204 0.705 0.00393 0.261 
898 2 0.00993 0.0206 0.703 0.00395 0.263 
899 2 0.01 0.0207 0.701 0.00397 0.264 
900 2 0.0101 0.0209 0.699 0.00399 0.266 
901 2 0.0102 0.021 0.698 0.00401 0.267 
902 2 0.0102 0.0211 0.697 0.00403 0.267 
903 2 0.0103 0.0212 0.697 0.00405 0.267 
904 2 0.0103 0.0212 0.698 0.00406 0.266 
905 2 0.0104 0.0213 0.7 0.00406 0.264 
906 2 0.0104 0.0213 0.703 0.00406 0.261 
907 2 0.0104 0.0212 0.707 0.00406 0.258 
908 2 0.0104 0.0212 0.711 0.00405 0.254 
909 2 0.0104 0.0212 0.715 0.00404 0.249 
910 2 0.0104 0.0211 0.72 0.00403 0.245 
911 2 0.0104 0.021 0.725 0.00402 0.24 
912 2 0.0104 0.0209 0.73 0.00401 0.235 
913 2 0.0104 0.0208 0.735 0.004 0.229 
914 2 0.0104 0.0207 0.74 0.00399 0.225 
915 2 0.0105 0.0207 0.744 0.00399 0.22 
916 2 0.0105 0.0206 0.748 0.00399 0.217 
917 2 0.0106 0.0206 0.751 0.00399 0.214 
918 2 0.0106 0.0205 0.753 0.00399 0.211 
919 2 0.0107 0.0205 0.755 0.004 0.21 
920 2 0.0108 0.0205 0.756 0.00402 0.208 
921 2 0.0108 0.0206 0.757 0.00403 0.208 
922 2 0.0109 0.0206 0.757 0.00405 0.208 
923 2 0.0111 0.0207 0.756 0.00408 0.208 
924 2 0.0112 0.0207 0.756 0.00411 0.208 
925 2 0.0114 0.0207 0.755 0.00414 0.209 
926 2 0.0115 0.0208 0.755 0.00417 0.209 
927 2 0.0117 0.0208 0.754 0.0042 0.209 
928 2 0.0118 0.0209 0.754 0.00423 0.209 
929 2 0.012 0.0209 0.754 0.00426 0.209 
930 2 0.0121 0.0209 0.753 0.00429 0.209 
931 2 0.0122 0.0209 0.753 0.0043 0.209 
932 2 0.0123 0.0208 0.754 0.00431 0.209 
933 2 0.0123 0.0207 0.754 0.00431 0.208 
934 2 0.0123 0.0206 0.755 0.00431 0.208 
935 2 0.0123 0.0205 0.756 0.00431 0.207 
936 2 0.0123 0.0204 0.756 0.0043 0.207 
937 2 0.0124 0.0203 0.757 0.0043 0.207 
938 2 0.0124 0.0202 0.757 0.0043 0.206 
939 2 0.0124 0.0201 0.757 0.0043 0.206 
940 2 0.0124 0.02 0.758 0.0043 0.205 
941 2 0.0124 0.0199 0.758 0.00429 0.205 
942 2 0.0124 0.0198 0.759 0.00429 0.205 
943 2 0.0124 0.0197 0.759 0.00427 0.204 
944 2 0.0123 0.0196 0.76 0.00426 0.204 
945 2 0.0123 0.0194 0.761 0.00424 0.203 
946 2 0.0122 0.0193 0.762 0.00423 0.202 
947 2 0.0122 0.0192 0.763 0.00421 0.202 
948 2 0.0121 0.0191 0.763 0.0042 0.202 
949 2 0.0121 0.019 0.762 0.0042 0.203 
950 2 0.0121 0.019 0.761 0.00419 0.204 
951 2 0.0121 0.019 0.759 0.0042 0.206 
952 2 0.0121 0.019 0.757 0.0042 0.207 
953 2 0.012 0.019 0.756 0.0042 0.209 
954 2 0.012 0.019 0.754 0.0042 0.211 
955 2 0.012 0.019 0.752 0.00421 0.213 
956 2 0.012 0.019 0.75 0.00421 0.215 
957 2 0.012 0.019 0.748 0.00421 0.217 
958 2 0.012 0.0191 0.746 0.00422 0.219 
959 2 0.012 0.0191 0.744 0.00422 0.221 
960 2 0.012 0.0191 0.742 0.00423 0.223 
961 2 0.0121 0.0192 0.74 0.00424 0.225 
962 2 0.0121 0.0192 0.738 0.00425 0.227 
963 2 0.0121 0.0193 0.736 0.00426 0.229 
964 2 0.0121 0.0193 0.734 0.00427 0.23 
965 2 0.0122 0.0194 0.732 0.00428 0.232 
966 2 0.0122 0.0194 0.73 0.00429 0.234 
967 2 0.0122 0.0195 0.729 0.0043 0.235 
968 2 0.0123 0.0195 0.727 0.00431 0.237 
969 2 0.0123 0.0196 0.725 0.00433 0.239 
970 2 0.0124 0.0197 0.724 0.00434 0.24 
971 2 0.0124 0.0197 0.722 0.00436 0.241 
972 2 0.0125 0.0198 0.721 0.00437 0.243 
973 2 0.0125 0.0199 0.72 0.00439 0.244 
974 2 0.0126 0.0199 0.718 0.0044 0.245 
975 2 0.0127 0.02 0.718 0.00442 0.245 
976 2 0.0127 0.02 0.717 0.00443 0.246 
977 2 0.0128 0.0201 0.717 0.00444 0.246 
978 2 0.0128 0.0201 0.718 0.00445 0.245 
979 2 0.0128 0.0201 0.719 0.00445 0.243 
980 2 0.0128 0.02 0.721 0.00444 0.241 
981 2 0.0128 0.0199 0.724 0.00443 0.239 
982 2 0.0128 0.0199 0.726 0.00442 0.236 
983 2 0.0127 0.0198 0.729 0.00441 0.234 
984 2 0.0127 0.0197 0.731 0.00439 0.232 
985 2 0.0127 0.0197 0.733 0.00438 0.23 
986 2 0.0126 0.0196 0.735 0.00437 0.228 
