0 0 0.2 0.2 0.2 0.2 0.2 
1 4 0.175 0.204 0.205 0.207 0.21 
2 4 0.174 0.205 0.205 0.207 0.209 
3 4 0.174 0.205 0.206 0.207 0.209 
4 4 0.174 0.205 0.206 0.207 0.209 
5 4 0.174 0.205 0.206 0.207 0.209 
6 4 0.174 0.205 0.206 0.206 0.209 
7 4 0.174 0.205 0.206 0.206 0.209 
8 4 0.174 0.205 0.206 0.206 0.209 
9 4 0.174 0.205 0.206 0.206 0.208 
10 4 0.174 0.205 0.206 0.206 0.208 
11 4 0.174 0.205 0.206 0.206 0.208 
12 4 0.174 0.205 0.207 0.206 0.208 
13 4 0.175 0.205 0.207 0.206 0.208 
14 4 0.175 0.205 0.207 0.206 0.208 
15 4 0.175 0.205 0.207 0.206 0.208 
16 4 0.175 0.205 0.207 0.206 0.208 
17 4 0.175 0.205 0.207 0.206 0.207 
18 2 0.175 0.205 0.207 0.206 0.207 
19 2 0.175 0.204 0.208 0.206 0.207 
20 2 0.175 0.204 0.208 0.206 0.207 
21 2 0.175 0.204 0.208 0.206 0.207 
22 2 0.175 0.204 0.208 0.206 0.207 
23 2 0.176 0.204 0.208 0.205 0.206 
24 2 0.176 0.204 0.208 0.205 0.206 
25 2 0.176 0.204 0.209 0.205 0.206 
26 2 0.176 0.204 0.209 0.205 0.206 
27 2 0.176 0.204 0.209 0.205 0.206 
28 2 0.176 0.204 0.209 0.205 0.206 
29 2 0.176 0.204 0.209 0.205 0.205 
30 2 0.176 0.204 0.21 0.205 0.205 
31 2 0.177 0.204 0.21 0.205 0.205 
32 2 0.177 0.204 0.21 0.205 0.205 
33 2 0.177 0.204 0.211 0.204 0.204 
34 2 0.177 0.204 0.211 0.204 0.204 
35 2 0.177 0.204 0.211 0.204 0.204 
36 2 0.177 0.203 0.212 0.204 0.204 
37 2 0.177 0.203 0.212 0.204 0.203 
38 2 0.178 0.203 0.212 0.204 0.203 
39 2 0.178 0.203 0.213 0.203 0.203 
40 2 0.178 0.203 0.213 0.203 0.203 
41 2 0.178 0.203 0.214 0.203 0.202 
42 2 0.178 0.203 0.214 0.203 0.202 
43 2 0.179 0.202 0.215 0.203 0.202 
44 2 0.179 0.202 0.215 0.202 0.201 
45 2 0.179 0.202 0.216 0.202 0.201 
46 2 0.179 0.202 0.217 0.202 0.2 
47 2 0.179 0.202 0.218 0.201 0.2 
48 2 0.18 0.201 0.219 0.201 0.199 
49 2 0.18 0.201 0.22 0.2 0.199 
50 2 0.18 0.2 0.222 0.2 0.198 
51 2 0.18 0.2 0.224 0.199 0.197 
52 2 0.18 0.199 0.226 0.198 0.196 
53 2 0.181 0.198 0.229 0.197 0.195 
54 2 0.18 0.197 0.233 0.196 0.194 
55 2 0.18 0.195 0.238 0.194 0.192 
56 2 0.179 0.193 0.245 0.192 0.19 
57 2 0.178 0.191 0.255 0.189 0.187 
58 2 0.177 0.187 0.267 0.186 0.183 
59 2 0.175 0.183 0.28 0.182 0.179 
60 2 0.173 0.179 0.295 0.177 0.175 
61 2 0.171 0.175 0.311 0.173 0.17 
62 2 0.168 0.17 0.328 0.168 0.166 
63 2 0.166 0.165 0.346 0.163 0.16 
64 2 0.164 0.16 0.363 0.157 0.155 
65 2 0.163 0.154 0.381 0.152 0.15 
66 2 0.162 0.15 0.396 0.147 0.145 
67 2 0.162 0.146 0.407 0.144 0.141 
68 2 0.164 0.143 0.414 0.141 0.139 
69 2 0.166 0.141 0.418 0.138 0.136 
70 2 0.17 0.139 0.421 0.136 0.134 
71 2 0.173 0.137 0.422 0.135 0.132 
72 2 0.178 0.136 0.423 0.133 0.131 
73 2 0.182 0.134 0.423 0.131 0.129 
74 2 0.187 0.133 0.422 0.13 0.128 
75 2 0.193 0.132 0.421 0.128 0.126 
76 2 0.199 0.131 0.419 0.127 0.125 
77 2 0.205 0.129 0.417 0.126 0.123 
78 2 0.211 0.128 0.414 0.124 0.122 
79 2 0.218 0.127 0.411 0.123 0.12 
80 2 0.225 0.126 0.408 0.121 0.119 
81 2 0.233 0.125 0.405 0.12 0.118 
82 2 0.241 0.124 0.401 0.119 0.116 
83 2 0.249 0.122 0.397 0.117 0.115 
84 2 0.257 0.121 0.393 0.115 0.113 
85 2 0.265 0.12 0.39 0.114 0.111 
86 2 0.274 0.118 0.386 0.112 0.11 
87 2 0.282 0.117 0.383 0.11 0.108 
88 2 0.29 0.116 0.38 0.108 0.106 
89 2 0.299 0.114 0.376 0.107 0.104 
90 2 0.309 0.113 0.371 0.105 0.102 
91 2 0.319 0.111 0.366 0.103 0.101 
92 2 0.329 0.11 0.36 0.101 0.0989 
93 2 0.341 0.109 0.354 0.0996 0.0971 
94 0 0.353 0.107 0.347 0.0978 0.0954 
95 0 0.365 0.106 0.339 0.0961 0.0937 
96 0 0.378 0.104 0.332 0.0943 0.0919 
97 0 0.391 0.103 0.323 0.0925 0.0901 
98 0 0.406 0.101 0.315 0.0906 0.0883 
99 0 0.42 0.0993 0.306 0.0887 0.0864 
100 0 0.435 0.0974 0.296 0.0868 0.0845 
101 0 0.45 0.0955 0.287 0.0848 0.0825 
102 0 0.466 0.0935 0.278 0.0828 0.0805 
103 0 0.481 0.0914 0.268 0.0807 0.0785 
104 0 0.498 0.0892 0.258 0.0786 0.0764 
105 0 0.514 0.0869 0.249 0.0764 0.0743 
106 0 0.53 0.0846 0.239 0.0743 0.0722 
107 0 0.546 0.0823 0.229 0.0721 0.0701 
108 0 0.563 0.0799 0.219 0.0699 0.0679 
109 0 0.58 0.0774 0.21 0.0676 0.0657 
110 0 0.597 0.0748 0.2 0.0653 0.0634 
111 0 0.614 0.0721 0.19 0.0629 0.061 
112 0 0.632 0.0692 0.18 0.0604 0.0586 
113 0 0.649 0.0665 0.17 0.0579 0.0562 
114 0 0.665 0.0639 0.161 0.0557 0.054 
115 0 0.68 0.0615 0.153 0.0535 0.0519 
116 0 0.694 0.0592 0.146 0.0515 0.05 
117 0 0.707 0.057 0.139 0.0496 0.0481 
118 0 0.719 0.0549 0.132 0.0478 0.0463 
119 0 0.731 0.0529 0.126 0.046 0.0446 
120 0 0.742 0.0509 0.12 0.0443 0.0429 
121 0 0.754 0.0488 0.114 0.0425 0.0412 
122 0 0.765 0.0467 0.108 0.0407 0.0395 
123 0 0.776 0.0448 0.102 0.039 0.0378 
124 0 0.786 0.043 0.097 0.0375 0.0363 
125 0 0.795 0.0414 0.0925 0.0361 0.035 
126 0 0.803 0.0399 0.0885 0.0348 0.0337 
127 0 0.811 0.0385 0.0848 0.0336 0.0326 
128 0 0.817 0.0373 0.0814 0.0325 0.0315 
129 0 0.824 0.0361 0.0782 0.0314 0.0305 
130 0 0.83 0.035 0.0753 0.0305 0.0295 
131 0 0.835 0.0339 0.0726 0.0296 0.0286 
132 0 0.841 0.0329 0.07 0.0287 0.0278 
133 0 0.846 0.032 0.0676 0.0279 0.027 
134 0 0.85 0.0311 0.0654 0.0271 0.0263 
135 0 0.855 0.0302 0.0633 0.0264 0.0256 
136 0 0.859 0.0294 0.0613 0.0257 0.0249 
137 0 0.863 0.0287 0.0594 0.025 0.0242 
138 0 0.866 0.028 0.0576 0.0244 0.0236 
139 0 0.87 0.0273 0.056 0.0238 0.0231 
140 0 0.873 0.0266 0.0544 0.0232 0.0225 
141 0 0.876 0.026 0.0529 0.0227 0.022 
142 0 0.88 0.0254 0.0514 0.0222 0.0215 
143 0 0.882 0.0248 0.0501 0.0217 0.021 
144 0 0.885 0.0242 0.0488 0.0212 0.0205 
145 0 0.888 0.0237 0.0475 0.0207 0.0201 
146 0 0.891 0.0232 0.0463 0.0203 0.0196 
147 0 0.893 0.0227 0.0452 0.0199 0.0192 
148 0 0.895 0.0223 0.0441 0.0195 0.0188 
149 0 0.898 0.0218 0.0431 0.0191 0.0185 
150 0 0.9 0.0214 0.0421 0.0187 0.0181 
151 0 0.902 0.021 0.0411 0.0183 0.0177 
152 0 0.904 0.0206 0.0402 0.018 0.0174 
153 0 0.906 0.0202 0.0393 0.0177 0.0171 
154 0 0.908 0.0198 0.0385 0.0173 0.0168 
155 0 0.909 0.0194 0.0377 0.017 0.0165 
156 0 0.911 0.0191 0.0369 0.0167 0.0162 
157 0 0.913 0.0187 0.0362 0.0164 0.0159 
158 0 0.914 0.0184 0.0354 0.0161 0.0156 
159 0 0.916 0.0181 0.0347 0.0159 0.0153 
160 0 0.917 0.0178 0.0341 0.0156 0.0151 
161 0 0.919 0.0175 0.0334 0.0153 0.0148 
162 0 0.92 0.0172 0.0328 0.0151 0.0146 
163 0 0.922 0.0169 0.0322 0.0149 0.0144 
164 0 0.923 0.0167 0.0316 0.0146 0.0141 
165 0 0.924 0.0164 0.031 0.0144 0.0139 
166 0 0.925 0.0162 0.0305 0.0142 0.0137 
167 0 0.927 0.0159 0.03 0.014 0.0135 
168 0 0.928 0.0157 0.0294 0.0138 0.0133 
169 0 0.929 0.0154 0.0289 0.0135 0.0131 
170 0 0.93 0.0152 0.0285 0.0134 0.0129 
171 0 0.931 0.015 0.028 0.0132 0.0127 
172 0 0.932 0.0148 0.0275 0.013 0.0125 
173 0 0.933 0.0146 0.0271 0.0128 0.0124 
174 0 0.934 0.0144 0.0267 0.0126 0.0122 
175 0 0.935 0.0142 0.0262 0.0124 0.012 
176 0 0.936 0.014 0.0258 0.0123 0.0118 
177 0 0.937 0.0138 0.0254 0.0121 0.0117 
178 0 0.938 0.0136 0.025 0.0119 0.0115 
179 0 0.939 0.0134 0.0247 0.0118 0.0114 
180 0 0.94 0.0132 0.0243 0.0116 0.0112 
181 0 0.94 0.0131 0.0239 0.0115 0.0111 
182 0 0.941 0.0129 0.0236 0.0113 0.0109 
183 0 0.942 0.0127 0.0232 0.0112 0.0108 
184 0 0.943 0.0126 0.0229 0.0111 0.0107 
185 0 0.944 0.0124 0.0226 0.0109 0.0105 
186 0 0.944 0.0122 0.0222 0.0108 0.0104 
187 0 0.945 0.0121 0.0219 0.0106 0.0103 
188 0 0.946 0.0119 0.0216 0.0105 0.0101 
189 0 0.947 0.0117 0.0212 0.0103 0.00998 
190 0 0.948 0.0116 0.0208 0.0102 0.00982 
191 0 0.949 0.0113 0.0204 0.00998 0.00963 
192 0 0.95 0.0111 0.0198 0.00976 0.00941 
193 0 0.951 0.0108 0.0193 0.00953 0.0092 
194 0 0.952 0.0106 0.0188 0.00932 0.00899 
195 0 0.953 0.0103 0.0183 0.00912 0.00879 
196 0 0.955 0.0101 0.0179 0.00892 0.00861 
197 0 0.956 0.00988 0.0174 0.00873 0.00842 
198 0 0.957 0.00967 0.017 0.00855 0.00825 
199 0 0.957 0.00947 0.0166 0.00838 0.00808 
200 0 0.958 0.00928 0.0162 0.00821 0.00793 
201 0 0.959 0.00913 0.0159 0.00808 0.0078 
202 0 0.96 0.00898 0.0156 0.00795 0.00768 
203 0 0.96 0.00885 0.0154 0.00784 0.00756 
204 0 0.961 0.00872 0.0151 0.00773 0.00746 
205 0 0.962 0.0086 0.0149 0.00762 0.00736 
206 0 0.962 0.00849 0.0147 0.00752 0.00726 
207 0 0.963 0.00837 0.0145 0.00742 0.00716 
208 0 0.963 0.00826 0.0142 0.00733 0.00707 
209 0 0.964 0.00816 0.014 0.00724 0.00698 
210 0 0.964 0.00806 0.0138 0.00715 0.0069 
211 0 0.965 0.00796 0.0137 0.00706 0.00681 
212 0 0.965 0.00786 0.0135 0.00698 0.00673 
213 0 0.965 0.00777 0.0133 0.00689 0.00665 
214 0 0.966 0.00768 0.0131 0.00681 0.00658 
215 0 0.966 0.00759 0.0129 0.00674 0.0065 
216 0 0.967 0.0075 0.0128 0.00666 0.00643 
217 0 0.967 0.00742 0.0126 0.00659 0.00636 
218 0 0.967 0.00734 0.0125 0.00652 0.00629 
219 0 0.968 0.00726 0.0123 0.00645 0.00622 
220 0 0.968 0.00718 0.0122 0.00638 0.00615 
221 0 0.968 0.0071 0.012 0.00631 0.00609 
222 0 0.969 0.00703 0.0119 0.00625 0.00603 
223 0 0.969 0.00696 0.0117 0.00618 0.00597 
224 0 0.969 0.00688 0.0116 0.00612 0.00591 
225 0 0.97 0.00682 0.0115 0.00607 0.00585 
226 0 0.97 0.00677 0.0114 0.00602 0.00581 
227 0 0.97 0.00673 0.0113 0.00599 0.00578 
228 0 0.97 0.0067 0.0113 0.00596 0.00575 
229 0 0.97 0.00667 0.0112 0.00593 0.00572 
230 0 0.971 0.00664 0.0112 0.00591 0.0057 
231 0 0.971 0.00662 0.0111 0.00589 0.00568 
232 0 0.971 0.00659 0.0111 0.00587 0.00566 
233 0 0.971 0.00657 0.011 0.00585 0.00564 
234 0 0.971 0.00655 0.011 0.00583 0.00562 
235 0 0.971 0.00653 0.011 0.00581 0.0056 
236 0 0.971 0.00652 0.0109 0.0058 0.00559 
237 0 0.971 0.0065 0.0109 0.00578 0.00557 
238 0 0.971 0.00648 0.0109 0.00577 0.00556 
239 0 0.971 0.00647 0.0108 0.00575 0.00554 
240 0 0.971 0.00645 0.0108 0.00574 0.00553 
241 0 0.972 0.00644 0.0108 0.00573 0.00552 
242 0 0.972 0.00642 0.0108 0.00571 0.00551 
243 0 0.972 0.00641 0.0107 0.0057 0.00549 
244 0 0.972 0.0064 0.0107 0.00569 0.00548 
245 0 0.972 0.00638 0.0107 0.00568 0.00547 
246 0 0.972 0.00637 0.0107 0.00567 0.00546 
247 0 0.972 0.00636 0.0107 0.00566 0.00545 
248 0 0.972 0.00635 0.0106 0.00565 0.00544 
249 0 0.972 0.00634 0.0106 0.00564 0.00543 
250 0 0.972 0.00632 0.0106 0.00563 0.00542 
251 0 0.972 0.00631 0.0106 0.00562 0.00541 
252 0 0.972 0.0063 0.0106 0.00561 0.0054 
253 0 0.972 0.00629 0.0105 0.0056 0.00539 
254 0 0.972 0.00628 0.0105 0.00559 0.00538 
255 0 0.972 0.00627 0.0105 0.00558 0.00537 
256 0 0.972 0.00626 0.0105 0.00557 0.00536 
257 0 0.972 0.00625 0.0105 0.00556 0.00535 
258 0 0.972 0.00625 0.0105 0.00556 0.00535 
259 0 0.972 0.00624 0.0104 0.00555 0.00534 
260 0 0.972 0.00623 0.0104 0.00554 0.00533 
261 0 0.973 0.00622 0.0104 0.00553 0.00532 
262 0 0.973 0.00621 0.0104 0.00553 0.00531 
263 0 0.973 0.0062 0.0104 0.00552 0.00531 
264 0 0.973 0.0062 0.0104 0.00551 0.0053 
265 0 0.973 0.00619 0.0104 0.0055 0.00529 
266 0 0.973 0.00618 0.0104 0.0055 0.00528 
267 0 0.973 0.00617 0.0103 0.00549 0.00528 
268 0 0.973 0.00617 0.0103 0.00548 0.00527 
269 0 0.973 0.00616 0.0103 0.00548 0.00526 
270 0 0.973 0.00615 0.0103 0.00547 0.00526 
271 0 0.973 0.00614 0.0103 0.00546 0.00525 
272 0 0.973 0.00614 0.0103 0.00546 0.00524 
273 0 0.973 0.00613 0.0103 0.00545 0.00524 
274 0 0.973 0.00612 0.0103 0.00545 0.00523 
275 0 0.973 0.00612 0.0103 0.00544 0.00523 
276 0 0.973 0.00611 0.0102 0.00544 0.00522 
277 0 0.973 0.0061 0.0102 0.00543 0.00521 
278 0 0.973 0.0061 0.0102 0.00542 0.00521 
279 0 0.973 0.00609 0.0102 0.00542 0.0052 
280 0 0.973 0.00609 0.0102 0.00541 0.0052 
281 0 0.973 0.00608 0.0102 0.00541 0.00519 
282 0 0.973 0.00608 0.0102 0.0054 0.00519 
283 0 0.973 0.00607 0.0102 0.0054 0.00518 
284 0 0.973 0.00606 0.0102 0.00539 0.00517 
285 0 0.973 0.00606 0.0102 0.00539 0.00517 
286 0 0.973 0.00605 0.0102 0.00538 0.00516 
287 0 0.973 0.00605 0.0101 0.00538 0.00516 
288 0 0.973 0.00604 0.0101 0.00537 0.00515 
289 0 0.973 0.00604 0.0101 0.00537 0.00515 
290 0 0.973 0.00603 0.0101 0.00537 0.00514 
291 0 0.973 0.00603 0.0101 0.00536 0.00514 
292 0 0.973 0.00602 0.0101 0.00536 0.00513 
293 0 0.973 0.00602 0.0101 0.00535 0.00513 
294 0 0.973 0.00601 0.0101 0.00535 0.00513 
295 0 0.973 0.00601 0.0101 0.00534 0.00512 
296 0 0.973 0.006 0.0101 0.00534 0.00512 
297 0 0.973 0.006 0.0101 0.00534 0.00511 
298 0 0.974 0.006 0.0101 0.00533 0.00511 
299 0 0.974 0.00599 0.0101 0.00533 0.0051 
300 0 0.974 0.00599 0.0101 0.00532 0.0051 
301 0 0.974 0.00598 0.01 0.00532 0.00509 
302 0 0.974 0.00598 0.01 0.00532 0.00509 
303 0 0.974 0.00597 0.01 0.00531 0.00509 
304 0 0.974 0.00597 0.01 0.00531 0.00508 
305 0 0.974 0.00597 0.01 0.00531 0.00508 
306 0 0.974 0.00596 0.01 0.0053 0.00507 
307 0 0.974 0.00596 0.01 0.0053 0.00507 
308 0 0.974 0.00595 0.01 0.00529 0.00507 
309 0 0.974 0.00595 0.01 0.00529 0.00506 
310 0 0.974 0.00595 0.00999 0.00529 0.00506 
311 0 0.974 0.00594 0.00999 0.00528 0.00506 
312 0 0.974 0.00594 0.00998 0.00528 0.00505 
313 0 0.974 0.00594 0.00998 0.00528 0.00505 
314 0 0.974 0.00593 0.00997 0.00528 0.00504 
315 0 0.974 0.00593 0.00997 0.00527 0.00504 
316 0 0.974 0.00592 0.00996 0.00527 0.00504 
317 0 0.974 0.00592 0.00996 0.00527 0.00503 
318 0 0.974 0.00592 0.00995 0.00526 0.00503 
319 0 0.974 0.00591 0.00995 0.00526 0.00503 
320 0 0.974 0.00591 0.00994 0.00526 0.00502 
321 0 0.974 0.00591 0.00994 0.00525 0.00502 
322 0 0.974 0.0059 0.00993 0.00525 0.00502 
323 0 0.974 0.0059 0.00993 0.00525 0.00501 
324 0 0.974 0.0059 0.00993 0.00525 0.00501 
325 0 0.974 0.0059 0.00992 0.00524 0.00501 
326 0 0.974 0.00589 0.00992 0.00524 0.005 
327 0 0.974 0.00589 0.00991 0.00524 0.005 
328 0 0.974 0.00589 0.00991 0.00524 0.005 
329 0 0.974 0.00588 0.00991 0.00523 0.00499 
330 0 0.974 0.00588 0.0099 0.00523 0.00499 
331 0 0.974 0.00588 0.0099 0.00523 0.00499 
332 0 0.974 0.00588 0.0099 0.00523 0.00499 
333 0 0.974 0.00587 0.00989 0.00522 0.00498 
334 0 0.974 0.00587 0.00989 0.00522 0.00498 
335 0 0.974 0.00587 0.00989 0.00522 0.00498 
336 0 0.974 0.00586 0.00988 0.00522 0.00497 
337 0 0.974 0.00586 0.00988 0.00522 0.00497 
338 0 0.974 0.00586 0.00988 0.00521 0.00497 
339 0 0.974 0.00586 0.00987 0.00521 0.00497 
340 0 0.974 0.00585 0.00987 0.00521 0.00496 
341 0 0.974 0.00585 0.00987 0.00521 0.00496 
342 0 0.974 0.00585 0.00986 0.0052 0.00496 
343 0 0.974 0.00585 0.00986 0.0052 0.00496 
344 0 0.974 0.00585 0.00986 0.0052 0.00495 
345 0 0.974 0.00584 0.00986 0.0052 0.00495 
346 0 0.974 0.00584 0.00985 0.0052 0.00495 
347 0 0.974 0.00584 0.00985 0.00519 0.00495 
348 0 0.974 0.00584 0.00985 0.00519 0.00494 
349 0 0.974 0.00583 0.00985 0.00519 0.00494 
350 0 0.974 0.00583 0.00984 0.00519 0.00494 
351 0 0.974 0.00583 0.00984 0.00519 0.00494 
352 0 0.974 0.00583 0.00984 0.00519 0.00493 
353 0 0.974 0.00583 0.00984 0.00518 0.00493 
354 0 0.974 0.00582 0.00984 0.00518 0.00493 
355 0 0.974 0.00582 0.00983 0.00518 0.00493 
356 0 0.974 0.00582 0.00983 0.00518 0.00492 
357 0 0.974 0.00582 0.00983 0.00518 0.00492 
358 0 0.974 0.00582 0.00983 0.00518 0.00492 
359 0 0.974 0.00581 0.00983 0.00517 0.00492 
360 0 0.974 0.00581 0.00982 0.00517 0.00492 
361 0 0.974 0.00581 0.00982 0.00517 0.00491 
362 0 0.974 0.00581 0.00982 0.00517 0.00491 
363 0 0.974 0.00581 0.00982 0.00517 0.00491 
364 0 0.974 0.0058 0.00982 0.00517 0.00491 
365 0 0.974 0.0058 0.00982 0.00517 0.00491 
366 0 0.974 0.0058 0.00981 0.00517 0.0049 
367 0 0.974 0.0058 0.00981 0.00516 0.0049 
368 0 0.974 0.0058 0.00981 0.00516 0.0049 
369 0 0.974 0.0058 0.00981 0.00516 0.0049 
370 0 0.974 0.00579 0.00981 0.00516 0.0049 
371 0 0.974 0.00579 0.00981 0.00516 0.00489 
372 0 0.974 0.00579 0.00981 0.00516 0.00489 
373 0 0.974 0.00579 0.0098 0.00516 0.00489 
374 0 0.974 0.00579 0.0098 0.00516 0.00489 
375 0 0.974 0.00579 0.0098 0.00515 0.00489 
376 0 0.974 0.00579 0.0098 0.00515 0.00488 
377 0 0.974 0.00578 0.0098 0.00515 0.00488 
378 0 0.974 0.00578 0.0098 0.00515 0.00488 
379 0 0.974 0.00578 0.0098 0.00515 0.00488 
380 0 0.974 0.00581 0.00986 0.00518 0.0049 
381 0 0.974 0.00584 0.00992 0.0052 0.00493 
382 0 0.974 0.00587 0.00998 0.00523 0.00495 
383 0 0.974 0.0059 0.01 0.00526 0.00497 
384 0 0.974 0.00593 0.0101 0.00528 0.005 
385 0 0.974 0.00596 0.0102 0.00531 0.00502 
386 0 0.973 0.00599 0.0102 0.00533 0.00504 
387 0 0.973 0.00601 0.0103 0.00535 0.00506 
388 0 0.973 0.00604 0.0103 0.00538 0.00508 
389 0 0.973 0.00607 0.0104 0.0054 0.00511 
390 0 0.973 0.0061 0.0104 0.00543 0.00513 
391 0 0.973 0.00612 0.0105 0.00545 0.00515 
392 0 0.973 0.00615 0.0105 0.00547 0.00517 
393 0 0.973 0.00618 0.0106 0.0055 0.00519 
394 0 0.972 0.00621 0.0106 0.00552 0.00521 
395 0 0.972 0.00623 0.0107 0.00555 0.00523 
396 0 0.972 0.00626 0.0108 0.00557 0.00526 
397 0 0.972 0.00629 0.0108 0.0056 0.00528 
398 0 0.972 0.00632 0.0109 0.00562 0.0053 
399 0 0.972 0.00635 0.0109 0.00565 0.00532 
400 0 0.972 0.00638 0.011 0.00567 0.00535 
401 0 0.971 0.00641 0.0111 0.0057 0.00537 
402 0 0.971 0.00644 0.0111 0.00572 0.00539 
403 0 0.971 0.00647 0.0112 0.00575 0.00542 
404 0 0.971 0.0065 0.0112 0.00578 0.00544 
405 0 0.971 0.00653 0.0113 0.0058 0.00546 
406 0 0.971 0.00656 0.0114 0.00583 0.00549 
407 0 0.971 0.00659 0.0114 0.00586 0.00551 
408 0 0.97 0.00662 0.0115 0.00589 0.00554 
409 0 0.97 0.00665 0.0116 0.00592 0.00556 
410 0 0.97 0.00669 0.0116 0.00595 0.00559 
411 0 0.97 0.00672 0.0117 0.00597 0.00561 
412 0 0.97 0.00675 0.0118 0.006 0.00564 
413 0 0.97 0.00679 0.0118 0.00603 0.00566 
414 0 0.969 0.00691 0.0121 0.00614 0.00576 
415 0 0.969 0.00694 0.0121 0.00617 0.00579 
416 0 0.969 0.00697 0.0122 0.00619 0.00581 
417 0 0.968 0.00709 0.0125 0.0063 0.00591 
418 0 0.968 0.00711 0.0125 0.00633 0.00593 
419 0 0.968 0.00723 0.0128 0.00643 0.00602 
420 0 0.967 0.00726 0.0128 0.00645 0.00604 
421 0 0.967 0.00737 0.013 0.00656 0.00614 
422 0 0.967 0.00739 0.0131 0.00658 0.00615 
423 0 0.967 0.00741 0.0131 0.00659 0.00617 
424 0 0.966 0.00753 0.0134 0.0067 0.00626 
425 0 0.966 0.00754 0.0134 0.00671 0.00627 
426 0 0.966 0.00766 0.0136 0.00682 0.00637 
427 0 0.965 0.00766 0.0137 0.00682 0.00637 
428 0 0.965 0.00777 0.0139 0.00693 0.00646 
429 0 0.965 0.00777 0.0139 0.00693 0.00646 
430 0 0.964 0.00788 0.0141 0.00703 0.00655 
431 0 0.964 0.00787 0.0141 0.00703 0.00655 
432 0 0.964 0.00798 0.0144 0.00713 0.00664 
433 0 0.964 0.00797 0.0144 0.00712 0.00662 
434 0 0.963 0.00807 0.0146 0.00722 0.00671 
435 0 0.963 0.00805 0.0146 0.0072 0.0067 
436 0 0.963 0.00815 0.0148 0.0073 0.00678 
437 0 0.963 0.00813 0.0147 0.00728 0.00676 
438 0 0.963 0.00823 0.015 0.00737 0.00685 
439 0 0.962 0.00833 0.0152 0.00747 0.00693 
440 0 0.962 0.00843 0.0154 0.00756 0.00701 
441 0 0.961 0.00852 0.0156 0.00765 0.00709 
442 0 0.961 0.00861 0.0158 0.00773 0.00716 
443 0 0.96 0.0087 0.016 0.00782 0.00724 
444 0 0.96 0.00879 0.0162 0.00791 0.00731 
445 0 0.959 0.00888 0.0164 0.00799 0.00739 
446 0 0.959 0.00897 0.0166 0.00808 0.00746 
447 0 0.958 0.00905 0.0168 0.00816 0.00754 
448 0 0.958 0.00915 0.017 0.00825 0.00761 
449 0 0.957 0.00924 0.0172 0.00834 0.00769 
450 0 0.957 0.00933 0.0175 0.00842 0.00776 
451 0 0.957 0.00941 0.0177 0.00851 0.00784 
452 0 0.956 0.0095 0.0179 0.00859 0.00791 
453 0 0.956 0.0096 0.0181 0.00869 0.00799 
454 0 0.955 0.00969 0.0183 0.00878 0.00807 
455 0 0.955 0.00978 0.0185 0.00887 0.00814 
456 0 0.954 0.00987 0.0187 0.00895 0.00822 
457 0 0.954 0.00996 0.019 0.00904 0.0083 
458 0 0.953 0.0101 0.0192 0.00914 0.00838 
459 0 0.953 0.0102 0.0194 0.00924 0.00846 
460 0 0.952 0.0103 0.0197 0.00934 0.00855 
461 0 0.952 0.0104 0.0199 0.00944 0.00864 
462 0 0.951 0.0105 0.0202 0.00957 0.00874 
463 0 0.95 0.0106 0.0206 0.00971 0.00886 
464 0 0.949 0.0108 0.021 0.00986 0.009 
465 0 0.949 0.0109 0.0213 0.01 0.00912 
466 0 0.948 0.0111 0.0217 0.0102 0.00925 
467 0 0.947 0.0113 0.0221 0.0103 0.00938 
468 0 0.946 0.0114 0.0225 0.0105 0.00951 
469 0 0.945 0.0116 0.0229 0.0106 0.00965 
470 0 0.944 0.0117 0.0233 0.0108 0.00977 
471 0 0.944 0.0119 0.0237 0.0109 0.00991 
472 0 0.943 0.0121 0.0241 0.0111 0.0101 
473 0 0.942 0.0123 0.0246 0.0113 0.0102 
474 0 0.941 0.0125 0.0251 0.0115 0.0104 
475 0 0.94 0.0126 0.0255 0.0117 0.0105 
476 0 0.939 0.0128 0.0261 0.0119 0.0107 
477 0 0.937 0.013 0.0266 0.012 0.0109 
478 0 0.936 0.0132 0.0271 0.0122 0.011 
479 0 0.935 0.0135 0.0277 0.0125 0.0112 
480 0 0.934 0.0137 0.0283 0.0127 0.0114 
481 0 0.933 0.0139 0.0289 0.0129 0.0116 
482 0 0.931 0.0141 0.0295 0.0132 0.0118 
483 0 0.93 0.0144 0.0302 0.0134 0.012 
484 0 0.929 0.0146 0.0309 0.0136 0.0122 
485 0 0.927 0.0149 0.0316 0.0139 0.0124 
486 0 0.926 0.0152 0.0323 0.0142 0.0126 
487 0 0.924 0.0154 0.0331 0.0144 0.0129 
488 0 0.923 0.0157 0.0339 0.0147 0.0131 
489 0 0.921 0.016 0.0348 0.015 0.0134 
490 0 0.919 0.0163 0.0356 0.0153 0.0136 
491 0 0.917 0.0166 0.0366 0.0156 0.0139 
492 0 0.915 0.017 0.0376 0.016 0.0142 
493 0 0.913 0.0173 0.0386 0.0163 0.0145 
494 0 0.911 0.0177 0.0398 0.0167 0.0148 
495 0 0.909 0.0181 0.041 0.0171 0.0151 
496 0 0.906 0.0185 0.0423 0.0175 0.0155 
497 0 0.904 0.0189 0.0436 0.0179 0.0158 
498 0 0.901 0.0193 0.0449 0.0184 0.0162 
499 0 0.898 0.0198 0.0463 0.0188 0.0166 
500 0 0.896 0.0202 0.0478 0.0193 0.0169 
501 0 0.893 0.0207 0.0494 0.0197 0.0173 
502 0 0.89 0.0212 0.0511 0.0202 0.0178 
503 0 0.887 0.0217 0.0528 0.0208 0.0182 
504 0 0.883 0.0222 0.0546 0.0213 0.0186 
505 0 0.88 0.0228 0.0566 0.0218 0.0191 
506 0 0.876 0.0233 0.0587 0.0224 0.0196 
507 0 0.872 0.024 0.061 0.023 0.0201 
508 0 0.868 0.0246 0.0634 0.0236 0.0206 
509 0 0.863 0.0253 0.0662 0.0244 0.0213 
510 0 0.858 0.026 0.069 0.0251 0.0219 
511 0 0.853 0.0267 0.0719 0.0258 0.0224 
512 0 0.848 0.0275 0.0752 0.0266 0.0231 
513 0 0.842 0.0283 0.0787 0.0274 0.0238 
514 0 0.835 0.0292 0.0827 0.0283 0.0246 
515 0 0.829 0.0301 0.0867 0.0292 0.0253 
516 0 0.821 0.031 0.0912 0.0301 0.0261 
517 0 0.814 0.032 0.0962 0.0311 0.027 
518 0 0.805 0.0331 0.102 0.0322 0.0279 
519 0 0.797 0.0341 0.107 0.0332 0.0288 
520 0 0.787 0.0353 0.113 0.0344 0.0298 
521 0 0.778 0.0364 0.12 0.0355 0.0307 
522 0 0.766 0.0377 0.128 0.0368 0.0319 
523 0 0.754 0.039 0.136 0.0381 0.033 
524 0 0.742 0.0402 0.145 0.0393 0.0341 
525 0 0.727 0.0417 0.155 0.0408 0.0353 
526 0 0.712 0.0431 0.166 0.0422 0.0366 
527 0 0.697 0.0444 0.177 0.0435 0.0377 
528 0 0.679 0.046 0.191 0.0451 0.039 
529 0 0.661 0.0475 0.205 0.0466 0.0403 
530 0 0.641 0.0489 0.22 0.048 0.0416 
531 0 0.621 0.0502 0.236 0.0493 0.0427 
532 0 0.599 0.0516 0.255 0.0507 0.044 
533 0 0.575 0.0529 0.275 0.052 0.0451 
534 0 0.551 0.054 0.296 0.0531 0.0461 
535 0 0.525 0.055 0.319 0.0541 0.047 
536 0 0.498 0.0558 0.344 0.0549 0.0478 
537 0 0.471 0.0564 0.369 0.0555 0.0483 
538 0 0.444 0.0568 0.395 0.0558 0.0486 
539 2 0.416 0.0569 0.422 0.056 0.0488 
540 2 0.389 0.0568 0.45 0.0558 0.0488 
541 2 0.361 0.0564 0.478 0.0554 0.0485 
542 2 0.336 0.0558 0.506 0.0547 0.048 
543 2 0.311 0.0549 0.533 0.0538 0.0473 
544 2 0.288 0.0539 0.559 0.0528 0.0464 
545 2 0.267 0.0527 0.583 0.0516 0.0455 
546 2 0.247 0.0514 0.607 0.0503 0.0444 
547 2 0.228 0.05 0.63 0.0489 0.0432 
548 2 0.213 0.0487 0.649 0.0477 0.0422 
549 2 0.2 0.0478 0.664 0.0467 0.0414 
550 2 0.19 0.047 0.676 0.0459 0.0407 
551 2 0.181 0.0462 0.687 0.0452 0.0401 
552 2 0.174 0.0456 0.697 0.0446 0.0396 
553 2 0.167 0.045 0.705 0.0441 0.0391 
554 2 0.16 0.0445 0.713 0.0435 0.0386 
555 2 0.155 0.0439 0.72 0.043 0.0382 
556 2 0.149 0.0434 0.727 0.0425 0.0378 
557 2 0.143 0.0429 0.735 0.042 0.0374 
558 2 0.137 0.0423 0.742 0.0415 0.0369 
559 2 0.132 0.0418 0.748 0.041 0.0365 
560 2 0.128 0.0413 0.754 0.0405 0.0361 
561 2 0.125 0.0409 0.759 0.0401 0.0358 
562 2 0.122 0.0405 0.762 0.0398 0.0355 
563 2 0.119 0.0401 0.766 0.0395 0.0352 
564 2 0.116 0.0397 0.77 0.0391 0.0349 
565 2 0.114 0.0394 0.773 0.0389 0.0347 
566 2 0.112 0.0393 0.775 0.0388 0.0346 
567 2 0.111 0.0393 0.776 0.0388 0.0347 
568 2 0.11 0.0394 0.777 0.0389 0.0348 
569 2 0.109 0.0395 0.777 0.0391 0.0349 
570 2 0.109 0.0397 0.777 0.0393 0.0351 
571 2 0.108 0.0399 0.777 0.0396 0.0353 
572 2 0.108 0.0401 0.776 0.0399 0.0356 
573 2 0.108 0.0405 0.776 0.0403 0.0359 
574 2 0.108 0.0408 0.775 0.0407 0.0362 
575 2 0.108 0.0412 0.773 0.0411 0.0366 
576 2 0.108 0.0417 0.772 0.0416 0.0371 
577 2 0.108 0.0421 0.77 0.0422 0.0375 
578 2 0.108 0.0426 0.769 0.0428 0.038 
579 2 0.108 0.0432 0.767 0.0434 0.0386 
580 2 0.108 0.0438 0.764 0.0441 0.0392 
581 2 0.109 0.0445 0.762 0.0448 0.0398 
582 2 0.109 0.0452 0.759 0.0457 0.0405 
583 2 0.111 0.0461 0.755 0.0466 0.0413 
584 2 0.114 0.0473 0.749 0.0478 0.0424 
585 2 0.117 0.0486 0.741 0.0492 0.0436 
586 2 0.123 0.0502 0.731 0.0509 0.045 
587 2 0.131 0.0521 0.717 0.0529 0.0468 
588 2 0.14 0.0545 0.701 0.0554 0.0489 
589 2 0.15 0.057 0.684 0.0579 0.0511 
590 2 0.161 0.0596 0.665 0.0607 0.0535 
591 2 0.173 0.0623 0.645 0.0635 0.056 
592 2 0.186 0.0651 0.624 0.0665 0.0585 
593 2 0.2 0.068 0.601 0.0696 0.0612 
594 2 0.215 0.0708 0.577 0.0727 0.0638 
595 2 0.231 0.0736 0.553 0.0757 0.0665 
596 2 0.247 0.0763 0.529 0.0787 0.069 
597 2 0.264 0.0789 0.504 0.0816 0.0715 
598 2 0.282 0.0813 0.479 0.0844 0.0739 
599 2 0.299 0.0836 0.454 0.087 0.0762 
600 2 0.317 0.0855 0.43 0.0893 0.0782 
601 2 0.334 0.0872 0.407 0.0913 0.0801 
602 2 0.352 0.0887 0.385 0.0931 0.0818 
603 0 0.369 0.0899 0.363 0.0945 0.0832 
604 0 0.386 0.0909 0.343 0.0957 0.0845 
605 0 0.403 0.0915 0.324 0.0963 0.0855 
606 0 0.419 0.0918 0.306 0.0967 0.0862 
607 0 0.435 0.092 0.289 0.0968 0.0869 
608 0 0.451 0.092 0.273 0.0966 0.0874 
609 0 0.465 0.0919 0.259 0.0962 0.0878 
610 0 0.481 0.0915 0.245 0.0948 0.0873 
611 0 0.497 0.0908 0.233 0.0932 0.0867 
612 0 0.512 0.09 0.221 0.0914 0.0859 
613 0 0.526 0.0892 0.21 0.0896 0.0851 
614 0 0.54 0.0883 0.2 0.0877 0.0842 
615 0 0.554 0.0873 0.19 0.0858 0.0832 
616 0 0.567 0.0862 0.181 0.0838 0.0822 
617 0 0.579 0.0852 0.173 0.0818 0.0812 
618 0 0.591 0.0841 0.165 0.0799 0.0802 
619 0 0.602 0.083 0.158 0.0779 0.0791 
620 0 0.613 0.0819 0.151 0.076 0.0781 
621 0 0.623 0.0808 0.145 0.0742 0.0771 
622 0 0.633 0.0797 0.139 0.0724 0.0761 
623 0 0.642 0.0785 0.134 0.0707 0.0751 
624 0 0.651 0.0773 0.128 0.0689 0.0741 
625 0 0.66 0.0761 0.124 0.0673 0.0732 
626 0 0.668 0.0749 0.119 0.0657 0.0722 
627 0 0.676 0.0737 0.115 0.0641 0.0713 
628 0 0.684 0.0724 0.111 0.0626 0.0704 
629 0 0.691 0.0711 0.107 0.0611 0.0694 
630 0 0.699 0.0698 0.103 0.0597 0.0685 
631 0 0.706 0.0686 0.1 0.0583 0.0676 
632 0 0.712 0.0672 0.0967 0.0569 0.0667 
633 0 0.719 0.066 0.0937 0.0556 0.0658 
634 0 0.725 0.0647 0.0907 0.0543 0.0649 
635 0 0.731 0.0634 0.088 0.0531 0.0641 
636 0 0.737 0.0622 0.0854 0.0519 0.0632 
637 0 0.743 0.061 0.0829 0.0508 0.0625 
638 0 0.748 0.0599 0.0806 0.0497 0.0617 
639 0 0.753 0.0588 0.0783 0.0487 0.0609 
640 0 0.758 0.0577 0.0762 0.0477 0.0602 
641 0 0.763 0.0566 0.0743 0.0467 0.0595 
642 0 0.768 0.0554 0.0722 0.0456 0.0585 
643 0 0.774 0.0543 0.0701 0.0445 0.0574 
644 0 0.779 0.0531 0.0682 0.0434 0.0564 
645 0 0.784 0.052 0.0664 0.0424 0.0553 
646 0 0.789 0.0509 0.0646 0.0414 0.0543 
647 0 0.794 0.0498 0.0629 0.0404 0.0533 
648 0 0.798 0.0488 0.0612 0.0395 0.0523 
649 0 0.803 0.0478 0.0597 0.0386 0.0514 
650 0 0.807 0.0468 0.0582 0.0377 0.0504 
651 0 0.811 0.0458 0.0567 0.0368 0.0494 
652 0 0.815 0.0449 0.0553 0.036 0.0485 
653 0 0.819 0.044 0.054 0.0352 0.0475 
654 0 0.823 0.0431 0.0527 0.0344 0.0466 
655 0 0.827 0.0422 0.0514 0.0337 0.0457 
656 0 0.831 0.0414 0.0503 0.033 0.0448 
657 0 0.834 0.0405 0.0491 0.0323 0.0439 
658 0 0.838 0.0397 0.048 0.0317 0.0431 
659 0 0.841 0.039 0.0469 0.031 0.0422 
660 0 0.844 0.0382 0.0459 0.0304 0.0414 
661 0 0.847 0.0375 0.045 0.0298 0.0406 
662 0 0.85 0.0368 0.044 0.0292 0.0399 
663 0 0.853 0.0361 0.0431 0.0287 0.0391 
664 0 0.856 0.0354 0.0422 0.0281 0.0384 
665 0 0.859 0.0347 0.0413 0.0276 0.0376 
666 0 0.861 0.0341 0.0405 0.0271 0.0369 
667 0 0.864 0.0335 0.0397 0.0266 0.0362 
668 0 0.867 0.0328 0.0389 0.0261 0.0356 
669 0 0.869 0.0322 0.0382 0.0256 0.0349 
670 0 0.872 0.0316 0.0374 0.0251 0.0343 
671 0 0.874 0.0311 0.0367 0.0247 0.0336 
672 0 0.876 0.0305 0.036 0.0243 0.033 
673 0 0.878 0.03 0.0354 0.0239 0.0324 
674 0 0.88 0.0294 0.0347 0.0235 0.0319 
675 0 0.883 0.0289 0.0341 0.0231 0.0313 
676 0 0.885 0.0284 0.0335 0.0227 0.0308 
677 0 0.886 0.028 0.033 0.0223 0.0303 
678 0 0.888 0.0275 0.0324 0.022 0.0298 
679 0 0.89 0.027 0.0319 0.0216 0.0293 
680 0 0.892 0.0266 0.0314 0.0213 0.0288 
681 0 0.894 0.0262 0.0309 0.021 0.0284 
682 0 0.895 0.0258 0.0304 0.0207 0.0279 
683 0 0.897 0.0254 0.0299 0.0204 0.0275 
684 0 0.898 0.025 0.0295 0.0201 0.0271 
685 0 0.9 0.0246 0.029 0.0198 0.0267 
686 0 0.901 0.0242 0.0286 0.0195 0.0263 
687 0 0.903 0.0238 0.0282 0.0193 0.0259 
688 0 0.904 0.0235 0.0278 0.019 0.0255 
689 0 0.906 0.0231 0.0274 0.0187 0.0251 
690 0 0.907 0.0228 0.027 0.0185 0.0248 
691 0 0.908 0.0224 0.0266 0.0182 0.0244 
692 0 0.91 0.0221 0.0263 0.018 0.0241 
693 0 0.911 0.0218 0.0259 0.0178 0.0238 
694 0 0.912 0.0215 0.0256 0.0176 0.0234 
695 0 0.913 0.0212 0.0253 0.0173 0.0231 
696 0 0.914 0.0209 0.0249 0.0171 0.0228 
697 0 0.915 0.0207 0.0246 0.0169 0.0225 
698 0 0.916 0.0204 0.0243 0.0167 0.0223 
699 0 0.917 0.0201 0.024 0.0165 0.022 
700 0 0.918 0.0199 0.0238 0.0164 0.0217 
701 0 0.919 0.0196 0.0235 0.0162 0.0215 
702 0 0.92 0.0194 0.0232 0.016 0.0212 
703 0 0.921 0.0192 0.023 0.0158 0.021 
704 0 0.922 0.0189 0.0227 0.0157 0.0207 
705 0 0.923 0.0187 0.0225 0.0155 0.0205 
706 0 0.924 0.0185 0.0222 0.0154 0.0203 
707 0 0.924 0.0184 0.0222 0.0153 0.0202 
708 0 0.925 0.0182 0.0219 0.0152 0.02 
709 0 0.925 0.0181 0.0219 0.0151 0.0199 
710 0 0.925 0.0181 0.0218 0.0151 0.0199 
711 0 0.925 0.018 0.0218 0.0151 0.0198 
712 0 0.926 0.0179 0.0217 0.015 0.0198 
713 0 0.926 0.0178 0.0216 0.015 0.0197 
714 0 0.926 0.0178 0.0216 0.0149 0.0196 
715 0 0.926 0.0177 0.0215 0.0149 0.0195 
716 0 0.927 0.0176 0.0214 0.0149 0.0195 
717 0 0.927 0.0175 0.0213 0.0148 0.0194 
718 0 0.927 0.0174 0.0212 0.0148 0.0193 
719 0 0.928 0.0173 0.0212 0.0147 0.0192 
720 0 0.928 0.0172 0.0211 0.0147 0.0192 
721 0 0.928 0.0172 0.021 0.0146 0.0191 
722 0 0.928 0.0171 0.021 0.0146 0.019 
723 0 0.929 0.017 0.0209 0.0145 0.0189 
724 0 0.929 0.0169 0.0208 0.0145 0.0189 
725 0 0.929 0.0168 0.0207 0.0145 0.0188 
726 0 0.929 0.0168 0.0207 0.0144 0.0187 
727 0 0.93 0.0167 0.0206 0.0144 0.0187 
728 0 0.93 0.0166 0.0205 0.0143 0.0186 
729 0 0.93 0.0165 0.0205 0.0143 0.0185 
730 0 0.93 0.0164 0.0204 0.0143 0.0185 
731 0 0.931 0.0163 0.0203 0.0142 0.0184 
732 0 0.931 0.0163 0.0202 0.0142 0.0183 
733 0 0.931 0.0162 0.0202 0.0141 0.0182 
734 0 0.932 0.0161 0.0201 0.0141 0.0182 
735 0 0.932 0.016 0.02 0.014 0.0181 
736 0 0.932 0.0159 0.02 0.014 0.018 
737 0 0.932 0.0159 0.0199 0.014 0.018 
738 0 0.933 0.0158 0.0198 0.0139 0.0179 
739 0 0.933 0.0157 0.0198 0.0139 0.0178 
740 0 0.933 0.0156 0.0197 0.0138 0.0178 
741 0 0.933 0.0155 0.0196 0.0138 0.0177 
742 0 0.934 0.0154 0.0195 0.0137 0.0176 
743 0 0.934 0.0154 0.0195 0.0137 0.0175 
744 0 0.934 0.0153 0.0194 0.0136 0.0174 
745 0 0.935 0.0152 0.0193 0.0136 0.0174 
746 0 0.935 0.0151 0.0192 0.0135 0.0173 
747 0 0.935 0.015 0.0191 0.0135 0.0172 
748 0 0.935 0.0149 0.0191 0.0134 0.0171 
749 0 0.936 0.0148 0.019 0.0134 0.0171 
750 0 0.936 0.0148 0.0189 0.0133 0.017 
751 0 0.936 0.0147 0.0188 0.0133 0.0169 
752 0 0.937 0.0146 0.0188 0.0133 0.0168 
753 0 0.937 0.0145 0.0187 0.0132 0.0168 
754 0 0.936 0.0147 0.019 0.0134 0.017 
755 0 0.936 0.0146 0.0189 0.0134 0.0169 
756 0 0.936 0.0145 0.0188 0.0133 0.0169 
757 0 0.936 0.0147 0.0191 0.0135 0.0171 
758 0 0.936 0.0146 0.019 0.0134 0.017 
759 0 0.935 0.0148 0.0192 0.0136 0.0172 
760 0 0.936 0.0147 0.0191 0.0135 0.0171 
761 0 0.936 0.0145 0.019 0.0134 0.017 
762 0 0.935 0.0146 0.0192 0.0136 0.0172 
763 0 0.936 0.0145 0.019 0.0135 0.017 
764 0 0.937 0.0144 0.0188 0.0134 0.0169 
765 0 0.936 0.0145 0.019 0.0136 0.0171 
766 0 0.937 0.0143 0.0189 0.0134 0.0169 
767 0 0.936 0.0144 0.019 0.0136 0.0171 
768 0 0.937 0.0142 0.0188 0.0134 0.0169 
769 0 0.936 0.0143 0.019 0.0136 0.017 
770 0 0.937 0.0141 0.0187 0.0134 0.0168 
771 0 0.937 0.0142 0.0188 0.0135 0.0169 
772 0 0.937 0.014 0.0186 0.0133 0.0167 
773 0 0.938 0.0137 0.0183 0.0132 0.0165 
774 0 0.938 0.0138 0.0184 0.0133 0.0166 
775 0 0.939 0.0136 0.0181 0.0131 0.0163 
776 0 0.939 0.0136 0.0182 0.0131 0.0164 
777 0 0.94 0.0134 0.0179 0.013 0.0162 
778 0 0.939 0.0134 0.018 0.013 0.0162 
779 0 0.939 0.0134 0.018 0.0131 0.0163 
780 0 0.94 0.0131 0.0177 0.0128 0.016 
781 0 0.94 0.0131 0.0177 0.0129 0.0161 
782 0 0.94 0.0131 0.0177 0.0129 0.0161 
783 0 0.94 0.0131 0.0177 0.0129 0.0161 
784 0 0.94 0.0131 0.0177 0.0129 0.0161 
785 0 0.94 0.013 0.0176 0.0129 0.0161 
786 0 0.94 0.013 0.0176 0.0129 0.0161 
787 0 0.941 0.0129 0.0175 0.0129 0.0161 
788 0 0.941 0.0129 0.0175 0.0129 0.0161 
789 0 0.941 0.0128 0.0174 0.0129 0.0161 
790 0 0.941 0.0128 0.0173 0.0129 0.016 
791 0 0.941 0.0127 0.0173 0.0129 0.016 
792 0 0.941 0.0126 0.0172 0.0128 0.016 
793 0 0.942 0.0126 0.0171 0.0128 0.016 
794 0 0.942 0.0125 0.017 0.0128 0.0159 
795 0 0.942 0.0125 0.0169 0.0128 0.0159 
796 0 0.942 0.0124 0.0169 0.0127 0.0159 
797 0 0.942 0.0123 0.0168 0.0127 0.0158 
798 0 0.943 0.0122 0.0167 0.0127 0.0158 
799 0 0.943 0.0122 0.0166 0.0126 0.0157 
800 0 0.943 0.0121 0.0165 0.0126 0.0157 
801 0 0.943 0.012 0.0164 0.0126 0.0156 
802 0 0.944 0.012 0.0163 0.0125 0.0156 
803 0 0.944 0.0119 0.0162 0.0125 0.0155 
804 0 0.944 0.0118 0.0161 0.0124 0.0155 
805 0 0.944 0.0117 0.016 0.0124 0.0154 
806 0 0.945 0.0117 0.0159 0.0123 0.0154 
807 0 0.945 0.0116 0.0158 0.0123 0.0153 
808 0 0.945 0.0115 0.0157 0.0122 0.0152 
809 0 0.946 0.0114 0.0156 0.0122 0.0152 
810 0 0.946 0.0114 0.0156 0.0122 0.0152 
811 0 0.946 0.0114 0.0155 0.0122 0.0152 
812 0 0.946 0.0113 0.0155 0.0121 0.0152 
813 0 0.946 0.0113 0.0154 0.0121 0.0152 
814 0 0.946 0.0113 0.0154 0.0122 0.0152 
815 0 0.946 0.0113 0.0154 0.0122 0.0152 
816 0 0.946 0.0112 0.0154 0.0122 0.0153 
817 0 0.946 0.0112 0.0154 0.0122 0.0153 
818 0 0.946 0.0113 0.0154 0.0123 0.0154 
819 0 0.946 0.0113 0.0154 0.0123 0.0154 
820 0 0.945 0.0113 0.0155 0.0123 0.0155 
821 0 0.945 0.0113 0.0155 0.0124 0.0156 
822 0 0.945 0.0113 0.0155 0.0125 0.0157 
823 0 0.945 0.0114 0.0156 0.0125 0.0158 
824 0 0.944 0.0114 0.0156 0.0126 0.0159 
825 0 0.944 0.0114 0.0157 0.0127 0.016 
826 0 0.944 0.0115 0.0158 0.0128 0.0162 
827 0 0.943 0.0115 0.0158 0.0129 0.0163 
828 0 0.943 0.0116 0.0159 0.0129 0.0164 
829 0 0.943 0.0116 0.0159 0.013 0.0165 
830 0 0.943 0.0117 0.016 0.0131 0.0167 
831 0 0.942 0.0117 0.0161 0.0132 0.0168 
832 0 0.942 0.0118 0.0161 0.0133 0.017 
833 0 0.941 0.0118 0.0162 0.0134 0.0171 
834 0 0.941 0.0119 0.0163 0.0135 0.0173 
835 0 0.941 0.0119 0.0163 0.0135 0.0174 
836 0 0.94 0.012 0.0164 0.0136 0.0176 
837 0 0.94 0.012 0.0165 0.0137 0.0177 
838 0 0.94 0.0121 0.0165 0.0138 0.0179 
839 0 0.939 0.0121 0.0166 0.0139 0.018 
840 0 0.939 0.0122 0.0166 0.014 0.0181 
841 0 0.939 0.0122 0.0167 0.014 0.0183 
842 0 0.939 0.0122 0.0167 0.0141 0.0184 
843 0 0.938 0.0122 0.0167 0.0142 0.0185 
844 0 0.938 0.0123 0.0168 0.0142 0.0186 
845 0 0.938 0.0123 0.0168 0.0143 0.0187 
846 0 0.938 0.0123 0.0168 0.0143 0.0188 
847 0 0.938 0.0123 0.0168 0.0143 0.0189 
848 0 0.937 0.0123 0.0168 0.0144 0.019 
849 0 0.937 0.0123 0.0168 0.0144 0.0191 
850 0 0.937 0.0123 0.0168 0.0144 0.0191 
851 0 0.937 0.0123 0.0168 0.0145 0.0192 
852 0 0.937 0.0123 0.0168 0.0145 0.0193 
853 0 0.937 0.0123 0.0167 0.0145 0.0193 
854 0 0.937 0.0123 0.0167 0.0145 0.0194 
855 0 0.937 0.0123 0.0167 0.0145 0.0194 
856 0 0.937 0.0123 0.0166 0.0145 0.0195 
857 0 0.937 0.0122 0.0166 0.0145 0.0195 
858 0 0.937 0.0122 0.0166 0.0145 0.0196 
859 0 0.937 0.0122 0.0165 0.0145 0.0196 
860 0 0.937 0.0122 0.0165 0.0145 0.0196 
861 0 0.937 0.0121 0.0164 0.0144 0.0196 
862 0 0.938 0.0121 0.0164 0.0144 0.0197 
863 0 0.938 0.012 0.0163 0.0144 0.0197 
864 0 0.938 0.012 0.0162 0.0144 0.0197 
865 0 0.938 0.012 0.0162 0.0143 0.0197 
866 0 0.938 0.0119 0.0161 0.0143 0.0197 
867 0 0.938 0.0119 0.016 0.0142 0.0197 
868 0 0.938 0.0118 0.0159 0.0142 0.0196 
869 0 0.939 0.0118 0.0159 0.0141 0.0196 
870 0 0.939 0.0117 0.0158 0.0141 0.0196 
871 0 0.939 0.0116 0.0157 0.014 0.0195 
872 0 0.94 0.0116 0.0155 0.0139 0.0195 
873 0 0.94 0.0115 0.0154 0.0138 0.0194 
874 0 0.94 0.0114 0.0153 0.0138 0.0193 
875 0 0.941 0.0113 0.0152 0.0136 0.0192 
876 0 0.941 0.0112 0.015 0.0135 0.0191 
877 0 0.942 0.0111 0.0149 0.0134 0.019 
878 0 0.942 0.011 0.0147 0.0133 0.0188 
879 0 0.943 0.0109 0.0146 0.0132 0.0187 
880 0 0.943 0.0109 0.0145 0.0131 0.0187 
881 0 0.943 0.0108 0.0144 0.013 0.0186 
882 0 0.944 0.0107 0.0143 0.013 0.0185 
883 0 0.944 0.0107 0.0142 0.0129 0.0185 
884 0 0.944 0.0106 0.0141 0.0129 0.0185 
885 0 0.944 0.0106 0.014 0.0128 0.0185 
886 0 0.944 0.0106 0.014 0.0128 0.0185 
887 0 0.944 0.0106 0.0139 0.0128 0.0186 
888 0 0.944 0.0106 0.0139 0.0128 0.0186 
889 0 0.944 0.0106 0.0139 0.0128 0.0187 
890 0 0.944 0.0106 0.0138 0.0128 0.0188 
891 0 0.944 0.0106 0.0138 0.0128 0.0189 
892 0 0.944 0.0106 0.0138 0.0129 0.019 
893 0 0.943 0.0107 0.0138 0.0129 0.0192 
894 0 0.943 0.0107 0.0139 0.013 0.0194 
895 0 0.943 0.0108 0.0139 0.013 0.0195 
896 0 0.942 0.0108 0.0139 0.0131 0.0198 
897 0 0.942 0.0109 0.014 0.0132 0.02 
898 0 0.942 0.011 0.014 0.0133 0.0202 
899 0 0.941 0.0111 0.0141 0.0134 0.0205 
900 0 0.94 0.0112 0.0141 0.0135 0.0208 
901 0 0.94 0.0113 0.0142 0.0136 0.0211 
902 0 0.939 0.0114 0.0143 0.0137 0.0214 
903 0 0.938 0.0115 0.0144 0.0139 0.0218 
904 0 0.938 0.0116 0.0144 0.014 0.0221 
905 0 0.937 0.0118 0.0145 0.0141 0.0225 
906 0 0.936 0.0119 0.0146 0.0143 0.0228 
907 0 0.936 0.012 0.0147 0.0144 0.0231 
908 0 0.935 0.0121 0.0147 0.0145 0.0235 
909 0 0.934 0.0122 0.0148 0.0147 0.0239 
910 0 0.934 0.0123 0.0149 0.0148 0.0243 
911 0 0.933 0.0125 0.015 0.015 0.0248 
912 0 0.932 0.0127 0.0151 0.0152 0.0253 
913 0 0.931 0.0129 0.0152 0.0154 0.0258 
914 0 0.929 0.0131 0.0153 0.0157 0.0266 
915 0 0.928 0.0134 0.0155 0.0161 0.0274 
916 0 0.926 0.0137 0.0158 0.0164 0.0283 
917 0 0.924 0.0141 0.016 0.0169 0.0293 
918 0 0.922 0.0145 0.0163 0.0173 0.0303 
919 0 0.919 0.0148 0.0165 0.0178 0.0315 
920 0 0.917 0.0153 0.0168 0.0183 0.0327 
921 0 0.915 0.0157 0.0171 0.0188 0.0339 
922 0 0.912 0.0162 0.0174 0.0193 0.0353 
923 0 0.908 0.0169 0.0179 0.0201 0.0373 
924 0 0.903 0.0177 0.0185 0.0211 0.0397 
925 0 0.898 0.0186 0.0191 0.0222 0.0422 
926 0 0.892 0.0196 0.0197 0.0234 0.0452 
927 0 0.885 0.0208 0.0205 0.0247 0.0487 
928 0 0.878 0.0221 0.0214 0.0263 0.0527 
929 0 0.869 0.0236 0.0222 0.0279 0.0571 
930 0 0.861 0.025 0.023 0.0295 0.0615 
931 0 0.854 0.0262 0.0237 0.0308 0.0653 
932 0 0.849 0.0272 0.0241 0.0318 0.0681 
933 0 0.845 0.0279 0.0243 0.0324 0.0703 
934 0 0.843 0.0283 0.0243 0.0328 0.0717 
935 0 0.841 0.0287 0.0243 0.0331 0.0729 
936 0 0.839 0.029 0.0242 0.0334 0.0742 
937 0 0.837 0.0294 0.0242 0.0337 0.0754 
938 0 0.835 0.0298 0.0242 0.034 0.0767 
939 0 0.834 0.0301 0.0241 0.0342 0.0779 
940 0 0.832 0.0304 0.0241 0.0344 0.0791 
941 0 0.831 0.0306 0.0239 0.0344 0.0798 
942 0 0.831 0.0307 0.0237 0.0344 0.0802 
943 0 0.832 0.0305 0.0234 0.034 0.0797 
944 0 0.835 0.0303 0.023 0.0336 0.0786 
945 0 0.837 0.0299 0.0225 0.033 0.0773 
946 0 0.841 0.0294 0.022 0.0323 0.0756 
947 0 0.844 0.0289 0.0215 0.0316 0.0736 
948 0 0.848 0.0283 0.021 0.0308 0.0716 
949 0 0.852 0.0277 0.0204 0.03 0.0696 
950 0 0.856 0.0271 0.0199 0.0293 0.0678 
951 0 0.859 0.0265 0.0195 0.0286 0.0659 
952 0 0.863 0.0259 0.019 0.0278 0.0641 
953 0 0.867 0.0253 0.0185 0.0271 0.0622 
954 0 0.87 0.0248 0.0181 0.0264 0.0604 
955 0 0.874 0.0241 0.0176 0.0256 0.0585 
956 0 0.878 0.0235 0.0172 0.0249 0.0568 
957 0 0.881 0.023 0.0168 0.0243 0.0553 
958 0 0.883 0.0226 0.0165 0.0238 0.054 
959 0 0.885 0.0222 0.0162 0.0233 0.053 
960 0 0.887 0.0218 0.016 0.0229 0.0521 
961 0 0.889 0.0215 0.0158 0.0225 0.0513 
962 0 0.89 0.0213 0.0156 0.0222 0.0507 
963 0 0.891 0.0211 0.0154 0.022 0.0502 
964 0 0.892 0.021 0.0153 0.0218 0.0499 
965 0 0.892 0.0209 0.0153 0.0216 0.0497 
966 0 0.893 0.0209 0.0152 0.0215 0.0497 
967 0 0.893 0.0209 0.0152 0.0215 0.0498 
968 0 0.892 0.0209 0.0152 0.0214 0.05 
969 0 0.892 0.021 0.0153 0.0215 0.0503 
970 0 0.891 0.0211 0.0153 0.0215 0.0508 
971 0 0.89 0.0213 0.0155 0.0216 0.0514 
972 0 0.889 0.0215 0.0156 0.0218 0.0522 
973 0 0.887 0.0218 0.0158 0.022 0.0531 
974 0 0.886 0.0221 0.0159 0.0222 0.0541 
975 0 0.884 0.0224 0.0162 0.0225 0.0552 
976 0 0.882 0.0228 0.0164 0.0228 0.0564 
977 0 0.879 0.0232 0.0166 0.0231 0.0576 
978 0 0.877 0.0236 0.0169 0.0234 0.0589 
979 0 0.875 0.0239 0.0171 0.0237 0.0601 
980 0 0.874 0.0242 0.0173 0.0238 0.0609 
