0 0 0.2 0.2 0.2 0.2 0.2 
1 1 0.175 0.21 0.205 0.203 0.206 
2 1 0.174 0.21 0.206 0.203 0.207 
3 1 0.174 0.21 0.206 0.203 0.208 
4 1 0.174 0.21 0.206 0.203 0.208 
5 1 0.174 0.209 0.206 0.203 0.208 
6 1 0.174 0.209 0.206 0.203 0.208 
7 1 0.174 0.209 0.206 0.203 0.208 
8 1 0.173 0.209 0.206 0.202 0.209 
9 4 0.173 0.209 0.206 0.202 0.209 
10 4 0.173 0.209 0.206 0.202 0.209 
11 4 0.173 0.209 0.207 0.202 0.21 
12 4 0.173 0.208 0.207 0.202 0.21 
13 4 0.173 0.208 0.207 0.202 0.21 
14 4 0.173 0.208 0.207 0.202 0.211 
15 4 0.173 0.208 0.207 0.202 0.211 
16 4 0.173 0.208 0.207 0.202 0.211 
17 4 0.173 0.207 0.207 0.201 0.212 
18 4 0.172 0.207 0.207 0.201 0.212 
19 4 0.172 0.207 0.207 0.201 0.213 
20 4 0.172 0.207 0.207 0.201 0.213 
21 4 0.172 0.207 0.207 0.201 0.213 
22 4 0.172 0.206 0.207 0.201 0.214 
23 4 0.172 0.206 0.207 0.201 0.215 
24 4 0.172 0.206 0.207 0.2 0.215 
25 4 0.171 0.206 0.207 0.2 0.216 
26 4 0.171 0.205 0.207 0.2 0.217 
27 4 0.171 0.205 0.207 0.2 0.217 
28 4 0.171 0.205 0.207 0.199 0.218 
29 4 0.171 0.204 0.207 0.199 0.219 
30 4 0.17 0.204 0.207 0.199 0.22 
31 4 0.17 0.203 0.206 0.198 0.222 
32 4 0.17 0.203 0.206 0.198 0.223 
33 4 0.169 0.202 0.206 0.198 0.225 
34 4 0.169 0.202 0.205 0.197 0.227 
35 4 0.168 0.201 0.205 0.196 0.23 
36 4 0.168 0.2 0.204 0.195 0.233 
37 4 0.167 0.199 0.203 0.194 0.237 
38 4 0.166 0.197 0.202 0.193 0.243 
39 4 0.164 0.195 0.2 0.191 0.251 
40 4 0.162 0.192 0.197 0.188 0.261 
41 4 0.159 0.188 0.194 0.185 0.274 
42 4 0.156 0.184 0.19 0.181 0.289 
43 4 0.153 0.18 0.185 0.177 0.305 
44 4 0.149 0.175 0.181 0.172 0.323 
45 4 0.145 0.17 0.175 0.167 0.343 
46 4 0.141 0.164 0.17 0.162 0.363 
47 4 0.136 0.158 0.164 0.156 0.385 
48 4 0.132 0.152 0.158 0.15 0.408 
49 4 0.127 0.146 0.152 0.144 0.432 
50 4 0.121 0.139 0.145 0.138 0.456 
51 4 0.116 0.133 0.139 0.132 0.481 
52 4 0.111 0.126 0.132 0.125 0.505 
53 4 0.106 0.119 0.125 0.119 0.53 
54 4 0.1 0.113 0.119 0.113 0.555 
55 4 0.0951 0.106 0.113 0.107 0.579 
56 4 0.09 0.1 0.106 0.101 0.602 
57 4 0.0851 0.0941 0.1 0.0954 0.625 
58 4 0.0804 0.0883 0.0946 0.09 0.647 
59 4 0.076 0.0828 0.0892 0.0848 0.667 
60 4 0.0717 0.0777 0.0841 0.08 0.687 
61 4 0.0678 0.0729 0.0793 0.0754 0.705 
62 4 0.064 0.0684 0.0748 0.0712 0.722 
63 4 0.0606 0.0643 0.0707 0.0672 0.737 
64 4 0.0573 0.0604 0.0668 0.0635 0.752 
65 4 0.0543 0.0569 0.0632 0.0601 0.765 
66 4 0.0515 0.0537 0.0598 0.0569 0.778 
67 4 0.0489 0.0507 0.0567 0.054 0.79 
68 4 0.0465 0.0479 0.0539 0.0513 0.8 
69 4 0.0442 0.0454 0.0512 0.0487 0.81 
70 4 0.0421 0.043 0.0487 0.0464 0.82 
71 4 0.0402 0.0409 0.0464 0.0442 0.828 
72 4 0.0383 0.0388 0.0443 0.0421 0.836 
73 4 0.0368 0.0371 0.0424 0.0404 0.843 
74 4 0.0356 0.0358 0.0411 0.0391 0.848 
75 4 0.0346 0.0346 0.0399 0.038 0.853 
76 4 0.0335 0.0334 0.0386 0.0367 0.858 
77 4 0.0322 0.032 0.0371 0.0353 0.863 
78 4 0.0307 0.0304 0.0353 0.0336 0.87 
79 4 0.0293 0.0289 0.0336 0.032 0.876 
80 4 0.028 0.0276 0.0321 0.0306 0.882 
81 4 0.0268 0.0263 0.0307 0.0293 0.887 
82 4 0.0258 0.0252 0.0295 0.0281 0.891 
83 4 0.0248 0.0242 0.0283 0.027 0.896 
84 4 0.0239 0.0233 0.0273 0.026 0.9 
85 4 0.023 0.0224 0.0263 0.025 0.903 
86 4 0.0222 0.0216 0.0254 0.0242 0.907 
87 4 0.0215 0.0208 0.0245 0.0233 0.91 
88 4 0.0207 0.0201 0.0236 0.0225 0.913 
89 4 0.02 0.0193 0.0228 0.0218 0.916 
90 4 0.0194 0.0187 0.0221 0.021 0.919 
91 4 0.0188 0.0181 0.0214 0.0204 0.921 
92 4 0.0182 0.0175 0.0207 0.0197 0.924 
93 4 0.0177 0.017 0.0201 0.0192 0.926 
94 4 0.0172 0.0165 0.0195 0.0186 0.928 
95 4 0.0167 0.016 0.019 0.0181 0.93 
96 4 0.0163 0.0156 0.0185 0.0177 0.932 
97 4 0.0159 0.0152 0.018 0.0172 0.934 
98 4 0.0155 0.0148 0.0176 0.0168 0.935 
99 4 0.0151 0.0144 0.0172 0.0164 0.937 
100 4 0.0148 0.014 0.0168 0.016 0.938 
101 4 0.0145 0.0137 0.0164 0.0156 0.94 
102 4 0.0141 0.0134 0.016 0.0153 0.941 
103 4 0.0138 0.0131 0.0157 0.0149 0.942 
104 4 0.0135 0.0128 0.0153 0.0146 0.944 
105 4 0.0133 0.0125 0.015 0.0143 0.945 
106 4 0.013 0.0122 0.0147 0.014 0.946 
107 4 0.0127 0.012 0.0144 0.0137 0.947 
108 4 0.0125 0.0117 0.0141 0.0135 0.948 
109 4 0.0123 0.0115 0.0138 0.0132 0.949 
110 4 0.012 0.0113 0.0136 0.013 0.95 
111 4 0.0118 0.0111 0.0133 0.0127 0.951 
112 4 0.0116 0.0109 0.0131 0.0125 0.952 
113 4 0.0114 0.0107 0.0129 0.0123 0.953 
114 4 0.0112 0.0105 0.0126 0.0121 0.954 
115 4 0.011 0.0103 0.0124 0.0119 0.954 
116 4 0.0108 0.0101 0.0122 0.0117 0.955 
117 4 0.0107 0.00992 0.012 0.0115 0.956 
118 4 0.0105 0.00976 0.0118 0.0113 0.957 
119 4 0.0103 0.00959 0.0116 0.0111 0.957 
120 4 0.0102 0.00944 0.0114 0.0109 0.958 
121 4 0.01 0.00928 0.0113 0.0108 0.959 
122 4 0.00985 0.00913 0.0111 0.0106 0.959 
123 4 0.00971 0.00899 0.0109 0.0104 0.96 
124 4 0.00956 0.00885 0.0108 0.0103 0.961 
125 4 0.00943 0.00872 0.0106 0.0101 0.961 
126 4 0.00929 0.00859 0.0104 0.00998 0.962 
127 4 0.00916 0.00846 0.0103 0.00984 0.962 
128 4 0.00904 0.00834 0.0101 0.0097 0.963 
129 4 0.00891 0.00822 0.01 0.00957 0.963 
130 4 0.00879 0.0081 0.00987 0.00944 0.964 
131 4 0.00868 0.00799 0.00974 0.00931 0.964 
132 4 0.00856 0.00788 0.00961 0.00919 0.965 
133 4 0.00845 0.00777 0.00948 0.00906 0.965 
134 4 0.00834 0.00766 0.00936 0.00895 0.966 
135 4 0.00824 0.00756 0.00924 0.00883 0.966 
136 4 0.00814 0.00746 0.00912 0.00872 0.967 
137 4 0.00804 0.00737 0.00901 0.00861 0.967 
138 4 0.00794 0.00727 0.0089 0.00851 0.967 
139 4 0.00784 0.00718 0.00879 0.00841 0.968 
140 4 0.00775 0.00709 0.00868 0.0083 0.968 
141 4 0.00766 0.007 0.00858 0.00821 0.969 
142 4 0.00757 0.00692 0.00848 0.00811 0.969 
143 4 0.00749 0.00683 0.00838 0.00802 0.969 
144 4 0.0074 0.00675 0.00828 0.00792 0.97 
145 4 0.00732 0.00667 0.00819 0.00784 0.97 
146 4 0.00724 0.00659 0.0081 0.00775 0.97 
147 4 0.00716 0.00652 0.00801 0.00766 0.971 
148 4 0.00708 0.00644 0.00792 0.00758 0.971 
149 4 0.00701 0.00637 0.00783 0.0075 0.971 
150 4 0.00693 0.0063 0.00775 0.00742 0.972 
151 4 0.00686 0.00623 0.00767 0.00734 0.972 
152 4 0.00679 0.00616 0.00759 0.00726 0.972 
153 4 0.00672 0.0061 0.00751 0.00718 0.972 
154 4 0.00665 0.00603 0.00743 0.00711 0.973 
155 4 0.00658 0.00597 0.00735 0.00704 0.973 
156 4 0.00652 0.00591 0.00728 0.00697 0.973 
157 4 0.00647 0.00585 0.00722 0.00691 0.974 
158 4 0.00642 0.00581 0.00717 0.00686 0.974 
159 4 0.00638 0.00577 0.00712 0.00682 0.974 
160 4 0.00635 0.00573 0.00708 0.00678 0.974 
161 4 0.00631 0.0057 0.00705 0.00675 0.974 
162 4 0.00628 0.00566 0.00701 0.00671 0.974 
163 4 0.00625 0.00563 0.00698 0.00668 0.974 
164 4 0.00622 0.0056 0.00694 0.00665 0.975 
165 4 0.0062 0.00558 0.00691 0.00662 0.975 
166 4 0.00617 0.00555 0.00688 0.00659 0.975 
167 4 0.00615 0.00552 0.00686 0.00657 0.975 
168 4 0.00612 0.0055 0.00683 0.00654 0.975 
169 4 0.0061 0.00547 0.0068 0.00651 0.975 
170 4 0.00608 0.00545 0.00678 0.00649 0.975 
171 4 0.00605 0.00542 0.00675 0.00647 0.975 
172 4 0.00603 0.0054 0.00673 0.00644 0.975 
173 4 0.00601 0.00538 0.00671 0.00642 0.975 
174 4 0.00599 0.00535 0.00668 0.0064 0.976 
175 4 0.00597 0.00533 0.00666 0.00638 0.976 
176 4 0.00595 0.00531 0.00664 0.00636 0.976 
177 4 0.00593 0.00529 0.00662 0.00634 0.976 
178 4 0.00591 0.00527 0.0066 0.00632 0.976 
179 4 0.0059 0.00525 0.00658 0.0063 0.976 
180 4 0.00588 0.00523 0.00656 0.00628 0.976 
181 4 0.00586 0.00521 0.00654 0.00626 0.976 
182 4 0.00584 0.00519 0.00652 0.00624 0.976 
183 4 0.00583 0.00517 0.0065 0.00622 0.976 
184 4 0.00581 0.00515 0.00648 0.00621 0.976 
185 4 0.00579 0.00513 0.00646 0.00619 0.976 
186 4 0.00578 0.00511 0.00644 0.00617 0.976 
187 4 0.00576 0.0051 0.00642 0.00615 0.977 
188 4 0.00575 0.00508 0.00641 0.00614 0.977 
189 4 0.00573 0.00506 0.00639 0.00612 0.977 
190 4 0.00572 0.00504 0.00637 0.0061 0.977 
191 4 0.0057 0.00503 0.00635 0.00609 0.977 
192 4 0.00569 0.00501 0.00634 0.00607 0.977 
193 4 0.00567 0.00499 0.00632 0.00606 0.977 
194 4 0.00566 0.00498 0.0063 0.00604 0.977 
195 4 0.00564 0.00496 0.00629 0.00603 0.977 
196 4 0.00563 0.00494 0.00627 0.00601 0.977 
197 4 0.00561 0.00493 0.00626 0.00599 0.977 
198 4 0.0056 0.00491 0.00624 0.00598 0.977 
199 4 0.00559 0.00489 0.00622 0.00597 0.977 
200 4 0.00557 0.00488 0.00621 0.00595 0.977 
201 4 0.00556 0.00486 0.00619 0.00594 0.977 
202 4 0.00555 0.00485 0.00618 0.00592 0.978 
203 4 0.00553 0.00483 0.00616 0.00591 0.978 
204 4 0.00552 0.00482 0.00615 0.00589 0.978 
205 4 0.00551 0.0048 0.00613 0.00588 0.978 
206 4 0.0055 0.00479 0.00612 0.00587 0.978 
207 4 0.00548 0.00477 0.0061 0.00585 0.978 
208 4 0.00547 0.00476 0.00609 0.00584 0.978 
209 4 0.00546 0.00475 0.00608 0.00583 0.978 
210 4 0.00545 0.00473 0.00606 0.00581 0.978 
211 4 0.00543 0.00472 0.00605 0.0058 0.978 
212 4 0.00542 0.0047 0.00603 0.00579 0.978 
213 4 0.00541 0.00469 0.00602 0.00578 0.978 
214 4 0.0054 0.00468 0.00601 0.00576 0.978 
215 4 0.00539 0.00466 0.00599 0.00575 0.978 
216 4 0.00537 0.00465 0.00598 0.00574 0.978 
217 4 0.00536 0.00464 0.00597 0.00573 0.978 
218 4 0.00535 0.00462 0.00595 0.00571 0.978 
219 4 0.00534 0.00461 0.00594 0.0057 0.978 
220 4 0.00533 0.0046 0.00593 0.00569 0.978 
221 4 0.00532 0.00458 0.00591 0.00568 0.979 
222 4 0.00531 0.00457 0.0059 0.00567 0.979 
223 4 0.0053 0.00456 0.00589 0.00565 0.979 
224 4 0.00529 0.00454 0.00588 0.00564 0.979 
225 4 0.00527 0.00453 0.00586 0.00563 0.979 
226 4 0.00526 0.00452 0.00585 0.00562 0.979 
227 4 0.00525 0.00451 0.00584 0.00561 0.979 
228 4 0.00524 0.00449 0.00583 0.0056 0.979 
229 4 0.00523 0.00448 0.00581 0.00559 0.979 
230 4 0.00522 0.00447 0.0058 0.00558 0.979 
231 4 0.00521 0.00446 0.00579 0.00556 0.979 
232 4 0.0052 0.00445 0.00578 0.00555 0.979 
233 4 0.00519 0.00443 0.00577 0.00554 0.979 
234 4 0.00518 0.00442 0.00575 0.00553 0.979 
235 4 0.00517 0.00441 0.00574 0.00552 0.979 
236 4 0.00516 0.0044 0.00573 0.00551 0.979 
237 4 0.00515 0.00439 0.00572 0.0055 0.979 
238 4 0.00514 0.00438 0.00571 0.00549 0.979 
239 4 0.00513 0.00436 0.0057 0.00548 0.979 
240 4 0.00512 0.00435 0.00568 0.00547 0.979 
241 4 0.00511 0.00434 0.00567 0.00546 0.979 
242 4 0.0051 0.00433 0.00566 0.00545 0.979 
243 4 0.00509 0.00432 0.00565 0.00544 0.98 
244 4 0.00508 0.00431 0.00564 0.00543 0.98 
245 4 0.00507 0.0043 0.00563 0.00542 0.98 
246 4 0.00506 0.00429 0.00562 0.00541 0.98 
247 4 0.00506 0.00427 0.00561 0.0054 0.98 
248 4 0.00505 0.00426 0.00559 0.00539 0.98 
249 4 0.00504 0.00425 0.00558 0.00538 0.98 
250 4 0.00503 0.00424 0.00557 0.00537 0.98 
251 4 0.00502 0.00423 0.00556 0.00536 0.98 
252 4 0.00501 0.00422 0.00555 0.00535 0.98 
253 4 0.005 0.00421 0.00554 0.00534 0.98 
254 4 0.00499 0.0042 0.00553 0.00533 0.98 
255 4 0.00498 0.00419 0.00552 0.00532 0.98 
256 4 0.00497 0.00418 0.00551 0.00531 0.98 
257 4 0.00496 0.00417 0.0055 0.0053 0.98 
258 4 0.00496 0.00416 0.00549 0.00529 0.98 
259 4 0.00495 0.00415 0.00548 0.00528 0.98 
260 4 0.00494 0.00414 0.00547 0.00527 0.98 
261 4 0.00493 0.00413 0.00546 0.00526 0.98 
262 4 0.00492 0.00412 0.00545 0.00525 0.98 
263 4 0.00491 0.00411 0.00543 0.00524 0.98 
264 4 0.0049 0.0041 0.00542 0.00524 0.98 
265 4 0.0049 0.00409 0.00541 0.00523 0.98 
266 4 0.00489 0.00408 0.0054 0.00522 0.98 
267 4 0.00488 0.00407 0.00539 0.00521 0.98 
268 4 0.00487 0.00406 0.00538 0.0052 0.98 
269 4 0.00486 0.00405 0.00537 0.00519 0.981 
270 4 0.00485 0.00404 0.00536 0.00518 0.981 
271 4 0.00485 0.00403 0.00535 0.00517 0.981 
272 4 0.00484 0.00402 0.00534 0.00516 0.981 
273 4 0.00483 0.00401 0.00533 0.00516 0.981 
274 4 0.00482 0.004 0.00532 0.00515 0.981 
275 4 0.00481 0.00399 0.00531 0.00514 0.981 
276 4 0.00481 0.00398 0.0053 0.00513 0.981 
277 4 0.0048 0.00397 0.0053 0.00512 0.981 
278 4 0.00479 0.00396 0.00529 0.00511 0.981 
279 4 0.00478 0.00395 0.00528 0.0051 0.981 
280 4 0.00477 0.00395 0.00527 0.0051 0.981 
281 4 0.00477 0.00394 0.00526 0.00509 0.981 
282 4 0.00476 0.00393 0.00525 0.00508 0.981 
283 4 0.00475 0.00392 0.00524 0.00507 0.981 
284 4 0.00474 0.00391 0.00523 0.00506 0.981 
285 4 0.00473 0.0039 0.00522 0.00505 0.981 
286 4 0.00473 0.00389 0.00521 0.00505 0.981 
287 4 0.00472 0.00388 0.0052 0.00504 0.981 
288 4 0.00471 0.00387 0.00519 0.00503 0.981 
289 4 0.0047 0.00386 0.00518 0.00502 0.981 
290 4 0.0047 0.00386 0.00517 0.00501 0.981 
291 4 0.00469 0.00385 0.00516 0.00501 0.981 
292 4 0.00468 0.00384 0.00515 0.005 0.981 
293 4 0.00467 0.00383 0.00514 0.00499 0.981 
294 4 0.00467 0.00382 0.00514 0.00498 0.981 
295 4 0.00466 0.00381 0.00513 0.00497 0.981 
296 4 0.00465 0.0038 0.00512 0.00497 0.981 
297 4 0.00465 0.0038 0.00511 0.00496 0.981 
298 4 0.00464 0.00379 0.0051 0.00495 0.982 
299 4 0.00463 0.00378 0.00509 0.00494 0.982 
300 4 0.00462 0.00377 0.00508 0.00494 0.982 
301 4 0.00462 0.00376 0.00507 0.00493 0.982 
302 4 0.00461 0.00375 0.00506 0.00492 0.982 
303 4 0.0046 0.00375 0.00505 0.00491 0.982 
304 4 0.00459 0.00374 0.00505 0.00491 0.982 
305 4 0.00459 0.00373 0.00504 0.0049 0.982 
306 4 0.00458 0.00372 0.00503 0.00489 0.982 
307 4 0.00457 0.00371 0.00502 0.00488 0.982 
308 4 0.00457 0.00371 0.00501 0.00488 0.982 
309 4 0.00456 0.0037 0.005 0.00487 0.982 
310 4 0.00455 0.00369 0.00499 0.00486 0.982 
311 4 0.00455 0.00368 0.00499 0.00485 0.982 
312 4 0.00454 0.00367 0.00498 0.00485 0.982 
313 4 0.00453 0.00367 0.00497 0.00484 0.982 
314 4 0.00453 0.00366 0.00496 0.00483 0.982 
315 4 0.00452 0.00365 0.00495 0.00482 0.982 
316 4 0.00451 0.00364 0.00494 0.00482 0.982 
317 4 0.0045 0.00363 0.00493 0.00481 0.982 
318 4 0.0045 0.00363 0.00493 0.0048 0.982 
319 4 0.00449 0.00362 0.00492 0.0048 0.982 
320 4 0.00448 0.00361 0.00491 0.00479 0.982 
321 4 0.00448 0.0036 0.0049 0.00478 0.982 
322 4 0.00447 0.0036 0.00489 0.00477 0.982 
323 4 0.00447 0.00359 0.00488 0.00477 0.982 
324 4 0.00446 0.00358 0.00488 0.00476 0.982 
325 4 0.00445 0.00357 0.00487 0.00475 0.982 
326 4 0.00445 0.00357 0.00486 0.00475 0.982 
327 4 0.00444 0.00356 0.00485 0.00474 0.982 
328 4 0.00443 0.00355 0.00484 0.00473 0.982 
329 4 0.00443 0.00354 0.00484 0.00473 0.982 
330 4 0.00442 0.00354 0.00483 0.00472 0.982 
331 4 0.00441 0.00353 0.00482 0.00471 0.983 
332 4 0.00441 0.00352 0.00481 0.0047 0.983 
333 4 0.0044 0.00352 0.0048 0.0047 0.983 
334 4 0.00439 0.00351 0.0048 0.00469 0.983 
335 4 0.00439 0.0035 0.00479 0.00468 0.983 
336 4 0.00438 0.00349 0.00478 0.00468 0.983 
337 4 0.00438 0.00349 0.00477 0.00467 0.983 
338 4 0.00437 0.00348 0.00476 0.00466 0.983 
339 4 0.00436 0.00347 0.00476 0.00466 0.983 
340 4 0.00436 0.00347 0.00475 0.00465 0.983 
341 4 0.00435 0.00346 0.00474 0.00464 0.983 
342 4 0.00434 0.00345 0.00473 0.00464 0.983 
343 4 0.00434 0.00344 0.00472 0.00463 0.983 
344 4 0.00433 0.00344 0.00472 0.00463 0.983 
345 4 0.00433 0.00343 0.00471 0.00462 0.983 
346 4 0.00432 0.00342 0.0047 0.00461 0.983 
347 4 0.00431 0.00342 0.00469 0.00461 0.983 
348 4 0.00431 0.00341 0.00469 0.0046 0.983 
349 4 0.0043 0.0034 0.00468 0.00459 0.983 
350 4 0.0043 0.0034 0.00467 0.00459 0.983 
351 4 0.00429 0.00339 0.00466 0.00458 0.983 
352 4 0.00428 0.00338 0.00466 0.00457 0.983 
353 4 0.00428 0.00338 0.00465 0.00457 0.983 
354 4 0.00427 0.00337 0.00464 0.00456 0.983 
355 4 0.00427 0.00336 0.00463 0.00455 0.983 
356 4 0.00426 0.00336 0.00463 0.00455 0.983 
357 4 0.00425 0.00335 0.00462 0.00454 0.983 
358 4 0.00425 0.00334 0.00461 0.00454 0.983 
359 4 0.00424 0.00334 0.0046 0.00453 0.983 
360 4 0.00424 0.00333 0.0046 0.00452 0.983 
361 4 0.00423 0.00332 0.00459 0.00452 0.983 
362 4 0.00423 0.00332 0.00458 0.00451 0.983 
363 4 0.00422 0.00331 0.00457 0.00451 0.983 
364 4 0.00421 0.0033 0.00457 0.0045 0.983 
365 4 0.00421 0.0033 0.00456 0.00449 0.983 
366 4 0.0042 0.00329 0.00455 0.00449 0.983 
367 4 0.0042 0.00328 0.00454 0.00448 0.983 
368 4 0.00419 0.00328 0.00454 0.00448 0.984 
369 4 0.00419 0.00327 0.00453 0.00447 0.984 
370 4 0.00418 0.00327 0.00452 0.00446 0.984 
371 4 0.00417 0.00326 0.00452 0.00446 0.984 
372 4 0.00417 0.00325 0.00451 0.00445 0.984 
373 4 0.00416 0.00325 0.0045 0.00445 0.984 
374 4 0.00416 0.00324 0.00449 0.00444 0.984 
375 4 0.00415 0.00324 0.00449 0.00443 0.984 
376 4 0.00415 0.00323 0.00448 0.00443 0.984 
377 4 0.00414 0.00322 0.00447 0.00442 0.984 
378 4 0.00414 0.00322 0.00447 0.00442 0.984 
379 4 0.00413 0.00321 0.00446 0.00441 0.984 
380 4 0.00414 0.00321 0.00447 0.00442 0.984 
381 4 0.00415 0.00322 0.00447 0.00443 0.984 
382 4 0.00415 0.00322 0.00448 0.00444 0.984 
383 4 0.00416 0.00322 0.00449 0.00444 0.984 
384 4 0.00417 0.00323 0.00449 0.00445 0.984 
385 4 0.00417 0.00323 0.0045 0.00446 0.984 
386 4 0.00418 0.00323 0.0045 0.00446 0.984 
387 4 0.00418 0.00323 0.00451 0.00447 0.984 
388 4 0.00419 0.00323 0.00451 0.00448 0.984 
389 4 0.00419 0.00324 0.00451 0.00448 0.984 
390 4 0.0042 0.00324 0.00452 0.00449 0.984 
391 4 0.00421 0.00324 0.00452 0.00449 0.984 
392 4 0.00421 0.00324 0.00453 0.0045 0.984 
393 4 0.00422 0.00324 0.00453 0.00451 0.984 
394 4 0.00422 0.00324 0.00453 0.00451 0.983 
395 4 0.00423 0.00324 0.00454 0.00452 0.983 
396 4 0.00423 0.00325 0.00454 0.00452 0.983 
397 4 0.00424 0.00325 0.00455 0.00453 0.983 
398 4 0.00424 0.00325 0.00455 0.00453 0.983 
399 4 0.00425 0.00325 0.00455 0.00454 0.983 
400 4 0.00425 0.00325 0.00456 0.00455 0.983 
401 4 0.00426 0.00325 0.00456 0.00455 0.983 
402 4 0.00426 0.00326 0.00457 0.00456 0.983 
403 4 0.00427 0.00326 0.00457 0.00456 0.983 
404 4 0.00428 0.00326 0.00457 0.00457 0.983 
405 4 0.00428 0.00326 0.00458 0.00458 0.983 
406 4 0.00429 0.00326 0.00458 0.00458 0.983 
407 4 0.00429 0.00326 0.00459 0.00459 0.983 
408 4 0.0043 0.00327 0.00459 0.00459 0.983 
409 4 0.0043 0.00327 0.00459 0.0046 0.983 
410 4 0.00431 0.00327 0.0046 0.00461 0.983 
411 4 0.00431 0.00327 0.0046 0.00461 0.983 
412 4 0.00432 0.00327 0.00461 0.00462 0.983 
413 4 0.00432 0.00327 0.00461 0.00463 0.983 
414 4 0.00437 0.0033 0.00465 0.00467 0.983 
415 4 0.00437 0.0033 0.00466 0.00467 0.983 
416 4 0.00437 0.0033 0.00466 0.00468 0.983 
417 4 0.00441 0.00333 0.0047 0.00472 0.983 
418 4 0.00442 0.00333 0.0047 0.00472 0.983 
419 4 0.00445 0.00335 0.00474 0.00477 0.983 
420 4 0.00445 0.00335 0.00474 0.00477 0.983 
421 4 0.00449 0.00337 0.00477 0.00481 0.983 
422 4 0.00449 0.00337 0.00477 0.00481 0.983 
423 4 0.00449 0.00337 0.00477 0.00481 0.983 
424 4 0.00453 0.00339 0.0048 0.00485 0.982 
425 4 0.00452 0.00338 0.0048 0.00484 0.982 
426 4 0.00456 0.00341 0.00483 0.00488 0.982 
427 4 0.00455 0.0034 0.00483 0.00488 0.982 
428 4 0.00459 0.00342 0.00486 0.00491 0.982 
429 4 0.00458 0.00341 0.00485 0.0049 0.982 
430 4 0.00461 0.00343 0.00488 0.00494 0.982 
431 4 0.0046 0.00343 0.00487 0.00493 0.982 
432 4 0.00464 0.00345 0.0049 0.00497 0.982 
433 4 0.00462 0.00344 0.00489 0.00495 0.982 
434 4 0.00466 0.00346 0.00491 0.00499 0.982 
435 4 0.00464 0.00345 0.0049 0.00497 0.982 
436 4 0.00467 0.00346 0.00493 0.00501 0.982 
437 4 0.00466 0.00345 0.00491 0.00499 0.982 
438 4 0.00469 0.00347 0.00494 0.00503 0.982 
439 4 0.00472 0.00349 0.00496 0.00505 0.982 
440 4 0.00474 0.0035 0.00499 0.00508 0.982 
441 4 0.00476 0.00351 0.00501 0.0051 0.982 
442 4 0.00478 0.00352 0.00503 0.00513 0.982 
443 4 0.0048 0.00354 0.00504 0.00515 0.981 
444 4 0.00482 0.00355 0.00506 0.00517 0.981 
445 4 0.00484 0.00356 0.00508 0.00519 0.981 
446 4 0.00486 0.00357 0.0051 0.00521 0.981 
447 4 0.00488 0.00358 0.00511 0.00523 0.981 
448 4 0.0049 0.00359 0.00513 0.00525 0.981 
449 4 0.00492 0.0036 0.00515 0.00527 0.981 
450 4 0.00493 0.00361 0.00516 0.00529 0.981 
451 4 0.00495 0.00362 0.00518 0.00531 0.981 
452 4 0.00497 0.00363 0.00519 0.00533 0.981 
453 4 0.00499 0.00364 0.00521 0.00535 0.981 
454 4 0.005 0.00365 0.00522 0.00537 0.981 
455 4 0.00502 0.00366 0.00524 0.00539 0.981 
456 4 0.00504 0.00366 0.00525 0.00541 0.981 
457 4 0.00505 0.00367 0.00527 0.00542 0.981 
458 4 0.00507 0.00368 0.00528 0.00544 0.981 
459 4 0.00509 0.00369 0.0053 0.00546 0.98 
460 4 0.0051 0.0037 0.00531 0.00548 0.98 
461 4 0.00512 0.00371 0.00533 0.0055 0.98 
462 4 0.00514 0.00372 0.00535 0.00552 0.98 
463 4 0.00517 0.00374 0.00537 0.00555 0.98 
464 4 0.0052 0.00375 0.0054 0.00559 0.98 
465 4 0.00522 0.00377 0.00542 0.00561 0.98 
466 4 0.00525 0.00378 0.00545 0.00564 0.98 
467 4 0.00527 0.00379 0.00547 0.00567 0.98 
468 4 0.0053 0.00381 0.00549 0.0057 0.98 
469 4 0.00533 0.00382 0.00552 0.00573 0.98 
470 4 0.00535 0.00384 0.00554 0.00575 0.98 
471 4 0.00538 0.00385 0.00556 0.00578 0.979 
472 4 0.0054 0.00387 0.00559 0.00581 0.979 
473 4 0.00543 0.00388 0.00562 0.00584 0.979 
474 4 0.00546 0.0039 0.00564 0.00587 0.979 
475 4 0.00549 0.00391 0.00567 0.0059 0.979 
476 4 0.00552 0.00393 0.0057 0.00593 0.979 
477 4 0.00554 0.00395 0.00572 0.00596 0.979 
478 4 0.00557 0.00396 0.00575 0.00599 0.979 
479 4 0.0056 0.00398 0.00578 0.00603 0.979 
480 4 0.00563 0.004 0.00581 0.00606 0.979 
481 4 0.00566 0.00402 0.00584 0.0061 0.978 
482 4 0.00569 0.00403 0.00587 0.00613 0.978 
483 4 0.00573 0.00405 0.0059 0.00616 0.978 
484 4 0.00576 0.00407 0.00593 0.0062 0.978 
485 4 0.00579 0.00408 0.00596 0.00623 0.978 
486 4 0.00582 0.0041 0.00599 0.00627 0.978 
487 4 0.00585 0.00412 0.00602 0.0063 0.978 
488 4 0.00588 0.00414 0.00605 0.00634 0.978 
489 4 0.00592 0.00416 0.00608 0.00638 0.977 
490 4 0.00595 0.00418 0.00611 0.00641 0.977 
491 4 0.00599 0.0042 0.00615 0.00645 0.977 
492 4 0.00602 0.00422 0.00618 0.00649 0.977 
493 4 0.00606 0.00424 0.00622 0.00653 0.977 
494 4 0.0061 0.00426 0.00626 0.00657 0.977 
495 4 0.00614 0.00428 0.00629 0.00661 0.977 
496 4 0.00617 0.0043 0.00633 0.00666 0.977 
497 4 0.00621 0.00432 0.00636 0.0067 0.976 
498 4 0.00624 0.00434 0.0064 0.00674 0.976 
499 4 0.00628 0.00436 0.00643 0.00678 0.976 
500 4 0.00632 0.00438 0.00647 0.00681 0.976 
501 4 0.00635 0.0044 0.0065 0.00686 0.976 
502 4 0.00639 0.00442 0.00654 0.0069 0.976 
503 4 0.00643 0.00444 0.00657 0.00694 0.976 
504 4 0.00646 0.00446 0.00661 0.00698 0.975 
505 4 0.0065 0.00448 0.00664 0.00702 0.975 
506 4 0.00654 0.0045 0.00668 0.00706 0.975 
507 4 0.00658 0.00453 0.00672 0.0071 0.975 
508 4 0.00662 0.00455 0.00675 0.00714 0.975 
509 4 0.00666 0.00457 0.0068 0.00719 0.975 
510 4 0.0067 0.00459 0.00683 0.00724 0.975 
511 4 0.00674 0.00461 0.00687 0.00728 0.975 
512 4 0.00678 0.00464 0.00691 0.00732 0.974 
513 4 0.00682 0.00466 0.00695 0.00737 0.974 
514 4 0.00686 0.00468 0.00699 0.00742 0.974 
515 4 0.0069 0.0047 0.00703 0.00746 0.974 
516 4 0.00695 0.00473 0.00707 0.00751 0.974 
517 4 0.00699 0.00475 0.00711 0.00756 0.974 
518 4 0.00704 0.00478 0.00716 0.00761 0.973 
519 4 0.00707 0.0048 0.00719 0.00765 0.973 
520 4 0.00712 0.00482 0.00724 0.0077 0.973 
521 4 0.00716 0.00485 0.00727 0.00774 0.973 
522 4 0.00721 0.00487 0.00732 0.0078 0.973 
523 4 0.00725 0.0049 0.00736 0.00784 0.973 
524 4 0.00729 0.00492 0.0074 0.00789 0.973 
525 4 0.00734 0.00494 0.00744 0.00794 0.972 
526 4 0.00738 0.00497 0.00748 0.00799 0.972 
527 4 0.00742 0.00499 0.00752 0.00803 0.972 
528 4 0.00747 0.00502 0.00757 0.00809 0.972 
529 4 0.00752 0.00504 0.00761 0.00814 0.972 
530 4 0.00756 0.00507 0.00765 0.00819 0.972 
531 4 0.0076 0.00509 0.00769 0.00824 0.971 
532 4 0.00765 0.00511 0.00774 0.00829 0.971 
533 4 0.0077 0.00514 0.00778 0.00834 0.971 
534 4 0.00774 0.00516 0.00782 0.00839 0.971 
535 4 0.00779 0.00519 0.00787 0.00845 0.971 
536 4 0.00784 0.00522 0.00791 0.0085 0.971 
537 4 0.00789 0.00524 0.00796 0.00856 0.97 
538 4 0.00794 0.00527 0.008 0.00861 0.97 
539 4 0.00799 0.0053 0.00805 0.00867 0.97 
540 4 0.00805 0.00533 0.0081 0.00873 0.97 
541 4 0.0081 0.00536 0.00815 0.00879 0.97 
542 4 0.00816 0.00539 0.0082 0.00885 0.969 
543 4 0.00821 0.00542 0.00825 0.00891 0.969 
544 4 0.00827 0.00545 0.0083 0.00897 0.969 
545 4 0.00832 0.00548 0.00835 0.00903 0.969 
546 4 0.00838 0.00551 0.0084 0.0091 0.969 
547 4 0.00844 0.00554 0.00845 0.00917 0.968 
548 4 0.0085 0.00557 0.00851 0.00923 0.968 
549 4 0.00857 0.00561 0.00857 0.00931 0.968 
550 4 0.00864 0.00564 0.00863 0.00938 0.968 
551 4 0.0087 0.00568 0.00868 0.00945 0.967 
552 4 0.00876 0.00571 0.00874 0.00952 0.967 
553 4 0.00882 0.00574 0.00879 0.00959 0.967 
554 4 0.00889 0.00578 0.00885 0.00966 0.967 
555 4 0.00895 0.00582 0.00891 0.00973 0.967 
556 4 0.00902 0.00585 0.00897 0.00981 0.966 
557 4 0.0091 0.0059 0.00904 0.00991 0.966 
558 4 0.00919 0.00595 0.00913 0.01 0.966 
559 4 0.00927 0.00599 0.00919 0.0101 0.965 
560 4 0.00934 0.00603 0.00926 0.0102 0.965 
561 4 0.00941 0.00607 0.00932 0.0102 0.965 
562 4 0.00946 0.00609 0.00936 0.0103 0.965 
563 4 0.00951 0.00612 0.0094 0.0104 0.965 
564 4 0.00957 0.00615 0.00945 0.0104 0.964 
565 4 0.00963 0.00618 0.0095 0.0105 0.964 
566 4 0.00969 0.00621 0.00955 0.0106 0.964 
567 4 0.00975 0.00624 0.0096 0.0106 0.964 
568 4 0.00981 0.00627 0.00965 0.0107 0.964 
569 4 0.00988 0.0063 0.0097 0.0108 0.963 
570 4 0.00995 0.00634 0.00976 0.0108 0.963 
571 4 0.01 0.00637 0.00981 0.0109 0.963 
572 4 0.0101 0.00641 0.00987 0.011 0.963 
573 4 0.0102 0.00644 0.00994 0.0111 0.962 
574 4 0.0102 0.00648 0.01 0.0112 0.962 
575 4 0.0103 0.00652 0.0101 0.0113 0.962 
576 4 0.0104 0.00656 0.0101 0.0114 0.962 
577 4 0.0105 0.00661 0.0102 0.0115 0.961 
578 4 0.0106 0.00666 0.0103 0.0116 0.961 
579 4 0.0107 0.0067 0.0104 0.0117 0.961 
580 4 0.0108 0.00674 0.0104 0.0118 0.96 
581 4 0.0109 0.00679 0.0105 0.0119 0.96 
582 4 0.011 0.00684 0.0106 0.012 0.96 
583 4 0.011 0.00687 0.0107 0.0121 0.959 
584 4 0.0111 0.00688 0.0107 0.0121 0.959 
585 4 0.0111 0.00689 0.0107 0.0122 0.959 
586 4 0.0111 0.00688 0.0107 0.0122 0.959 
587 4 0.0111 0.00685 0.0106 0.0121 0.959 
588 4 0.0111 0.00683 0.0106 0.0121 0.959 
589 4 0.0111 0.00682 0.0106 0.0121 0.959 
590 4 0.011 0.0068 0.0106 0.0121 0.959 
591 4 0.011 0.00679 0.0106 0.0121 0.96 
592 4 0.011 0.00678 0.0106 0.0121 0.96 
593 4 0.011 0.00677 0.0105 0.0121 0.96 
594 4 0.0111 0.00676 0.0105 0.0121 0.96 
595 4 0.0111 0.00675 0.0105 0.0121 0.96 
596 4 0.0111 0.00674 0.0105 0.0121 0.96 
597 4 0.0111 0.00673 0.0105 0.0121 0.96 
598 4 0.0111 0.00673 0.0105 0.0121 0.96 
599 4 0.0111 0.00672 0.0105 0.0121 0.96 
600 4 0.0111 0.00671 0.0105 0.0122 0.96 
601 4 0.0111 0.00671 0.0105 0.0122 0.96 
602 4 0.0111 0.0067 0.0105 0.0122 0.96 
603 4 0.0111 0.00669 0.0105 0.0122 0.96 
604 4 0.0111 0.00668 0.0105 0.0122 0.96 
605 4 0.0111 0.00667 0.0104 0.0122 0.96 
606 4 0.0111 0.00666 0.0104 0.0122 0.96 
607 4 0.0111 0.00665 0.0104 0.0122 0.96 
608 4 0.0111 0.00664 0.0104 0.0122 0.96 
609 4 0.0111 0.00663 0.0104 0.0122 0.96 
610 4 0.0111 0.0066 0.0104 0.0122 0.96 
611 4 0.0111 0.00658 0.0103 0.0121 0.96 
612 4 0.011 0.00655 0.0103 0.0121 0.96 
613 4 0.011 0.00652 0.0102 0.0121 0.96 
614 4 0.011 0.00649 0.0102 0.012 0.96 
615 4 0.0109 0.00647 0.0102 0.012 0.96 
616 4 0.0109 0.00644 0.0101 0.012 0.961 
617 4 0.0109 0.00642 0.0101 0.0119 0.961 
618 4 0.0109 0.00639 0.0101 0.0119 0.961 
619 4 0.0108 0.00637 0.01 0.0119 0.961 
620 4 0.0108 0.00634 0.00998 0.0119 0.961 
621 4 0.0108 0.00632 0.00995 0.0118 0.961 
622 4 0.0108 0.0063 0.00992 0.0118 0.961 
623 4 0.0108 0.00628 0.00989 0.0118 0.961 
624 4 0.0107 0.00626 0.00986 0.0118 0.961 
625 4 0.0107 0.00624 0.00984 0.0118 0.961 
626 4 0.0107 0.00622 0.00981 0.0117 0.962 
627 4 0.0107 0.00621 0.00979 0.0117 0.962 
628 4 0.0107 0.00619 0.00976 0.0117 0.962 
629 4 0.0107 0.00617 0.00974 0.0117 0.962 
630 4 0.0106 0.00615 0.00971 0.0117 0.962 
631 4 0.0106 0.00614 0.00969 0.0117 0.962 
632 4 0.0106 0.00612 0.00967 0.0117 0.962 
633 4 0.0106 0.00611 0.00964 0.0116 0.962 
634 4 0.0106 0.00609 0.00962 0.0116 0.962 
635 4 0.0106 0.00607 0.0096 0.0116 0.962 
636 4 0.0106 0.00606 0.00958 0.0116 0.962 
637 4 0.0106 0.00605 0.00956 0.0116 0.962 
638 4 0.0106 0.00603 0.00954 0.0116 0.962 
639 4 0.0106 0.00602 0.00953 0.0116 0.962 
640 4 0.0105 0.00601 0.00951 0.0116 0.962 
641 4 0.0105 0.006 0.0095 0.0116 0.962 
642 4 0.0105 0.00597 0.00946 0.0116 0.962 
643 4 0.0105 0.00595 0.00942 0.0115 0.963 
644 4 0.0105 0.00593 0.00939 0.0115 0.963 
645 4 0.0104 0.00591 0.00936 0.0115 0.963 
646 4 0.0104 0.00588 0.00932 0.0114 0.963 
647 4 0.0104 0.00586 0.00929 0.0114 0.963 
648 4 0.0104 0.00584 0.00926 0.0114 0.963 
649 4 0.0103 0.00582 0.00923 0.0114 0.963 
650 4 0.0103 0.0058 0.00919 0.0113 0.963 
651 4 0.0103 0.00578 0.00916 0.0113 0.963 
652 4 0.0103 0.00576 0.00913 0.0113 0.964 
653 4 0.0102 0.00574 0.0091 0.0113 0.964 
654 4 0.0102 0.00572 0.00907 0.0112 0.964 
655 4 0.0102 0.0057 0.00905 0.0112 0.964 
656 4 0.0102 0.00568 0.00902 0.0112 0.964 
657 4 0.0102 0.00566 0.00899 0.0112 0.964 
658 4 0.0101 0.00565 0.00897 0.0111 0.964 
659 4 0.0101 0.00563 0.00894 0.0111 0.964 
660 4 0.0101 0.00561 0.00892 0.0111 0.964 
661 4 0.0101 0.0056 0.00889 0.0111 0.964 
662 4 0.0101 0.00558 0.00887 0.0111 0.964 
663 4 0.0101 0.00557 0.00884 0.0111 0.964 
664 4 0.01 0.00555 0.00882 0.011 0.965 
665 4 0.01 0.00553 0.0088 0.011 0.965 
666 4 0.01 0.00552 0.00878 0.011 0.965 
667 4 0.01 0.0055 0.00875 0.011 0.965 
668 4 0.00998 0.00549 0.00873 0.011 0.965 
669 4 0.00997 0.00547 0.00871 0.011 0.965 
670 4 0.00996 0.00546 0.00868 0.011 0.965 
671 4 0.00994 0.00544 0.00866 0.0109 0.965 
672 4 0.00993 0.00543 0.00864 0.0109 0.965 
673 4 0.00992 0.00542 0.00862 0.0109 0.965 
674 4 0.0099 0.0054 0.0086 0.0109 0.965 
675 4 0.00989 0.00539 0.00858 0.0109 0.965 
676 4 0.00988 0.00538 0.00856 0.0109 0.965 
677 4 0.00987 0.00536 0.00854 0.0109 0.965 
678 4 0.00986 0.00535 0.00852 0.0109 0.965 
679 4 0.00985 0.00534 0.0085 0.0108 0.965 
680 4 0.00984 0.00533 0.00848 0.0108 0.966 
681 4 0.00983 0.00531 0.00847 0.0108 0.966 
682 4 0.00982 0.0053 0.00845 0.0108 0.966 
683 4 0.00982 0.00529 0.00844 0.0108 0.966 
684 4 0.00981 0.00528 0.00842 0.0108 0.966 
685 4 0.0098 0.00527 0.0084 0.0108 0.966 
686 4 0.00979 0.00526 0.00838 0.0108 0.966 
687 4 0.00979 0.00525 0.00837 0.0108 0.966 
688 4 0.00978 0.00524 0.00835 0.0108 0.966 
689 4 0.00978 0.00523 0.00834 0.0108 0.966 
690 4 0.00977 0.00522 0.00832 0.0108 0.966 
691 4 0.00976 0.00521 0.00831 0.0108 0.966 
692 4 0.00976 0.0052 0.00829 0.0108 0.966 
693 4 0.00976 0.00519 0.00828 0.0108 0.966 
694 4 0.00975 0.00518 0.00827 0.0108 0.966 
695 4 0.00975 0.00517 0.00826 0.0107 0.966 
696 4 0.00975 0.00516 0.00824 0.0107 0.966 
697 4 0.00975 0.00516 0.00823 0.0107 0.966 
698 4 0.00975 0.00515 0.00822 0.0107 0.966 
699 4 0.00975 0.00514 0.00821 0.0107 0.966 
700 4 0.00975 0.00514 0.0082 0.0108 0.966 
701 4 0.00975 0.00513 0.00819 0.0108 0.966 
702 4 0.00975 0.00512 0.00818 0.0108 0.966 
703 4 0.00975 0.00512 0.00817 0.0108 0.966 
704 4 0.00976 0.00511 0.00816 0.0108 0.966 
705 4 0.00976 0.0051 0.00815 0.0108 0.966 
706 4 0.00976 0.0051 0.00815 0.0108 0.966 
707 4 0.00982 0.00512 0.00818 0.0108 0.966 
708 4 0.00981 0.00511 0.00816 0.0108 0.966 
709 4 0.00987 0.00513 0.00819 0.0109 0.966 
710 4 0.00992 0.00514 0.00822 0.011 0.966 
711 4 0.00998 0.00516 0.00825 0.011 0.966 
712 4 0.01 0.00517 0.00828 0.0111 0.965 
713 4 0.0101 0.00519 0.0083 0.0111 0.965 
714 4 0.0101 0.0052 0.00832 0.0112 0.965 
715 4 0.0102 0.00522 0.00835 0.0113 0.965 
716 4 0.0102 0.00523 0.00837 0.0113 0.965 
717 4 0.0103 0.00525 0.00839 0.0114 0.965 
718 4 0.0103 0.00526 0.00842 0.0114 0.965 
719 4 0.0104 0.00528 0.00844 0.0115 0.964 
720 4 0.0104 0.00529 0.00847 0.0116 0.964 
721 4 0.0105 0.00531 0.0085 0.0116 0.964 
722 4 0.0105 0.00532 0.00852 0.0117 0.964 
723 4 0.0106 0.00534 0.00855 0.0118 0.964 
724 4 0.0107 0.00536 0.00857 0.0118 0.964 
725 4 0.0107 0.00537 0.0086 0.0119 0.963 
726 4 0.0108 0.00539 0.00863 0.012 0.963 
727 4 0.0108 0.00541 0.00866 0.012 0.963 
728 4 0.0109 0.00542 0.00868 0.0121 0.963 
729 4 0.011 0.00544 0.00871 0.0122 0.963 
730 4 0.011 0.00546 0.00874 0.0122 0.963 
731 4 0.0111 0.00547 0.00876 0.0123 0.962 
732 4 0.0111 0.00549 0.00879 0.0124 0.962 
733 4 0.0112 0.00551 0.00882 0.0124 0.962 
734 4 0.0113 0.00552 0.00884 0.0125 0.962 
735 4 0.0113 0.00554 0.00887 0.0126 0.962 
736 4 0.0114 0.00556 0.0089 0.0127 0.961 
737 4 0.0114 0.00558 0.00892 0.0127 0.961 
738 4 0.0115 0.00559 0.00895 0.0128 0.961 
739 4 0.0116 0.00561 0.00898 0.0129 0.961 
740 4 0.0116 0.00563 0.00901 0.013 0.961 
741 4 0.0117 0.00564 0.00903 0.013 0.961 
742 4 0.0118 0.00566 0.00906 0.0131 0.96 
743 4 0.0118 0.00568 0.00908 0.0132 0.96 
744 4 0.0119 0.00569 0.00911 0.0133 0.96 
745 4 0.012 0.00571 0.00913 0.0133 0.96 
746 4 0.012 0.00573 0.00916 0.0134 0.96 
747 4 0.0121 0.00574 0.00918 0.0135 0.959 
748 4 0.0122 0.00576 0.00921 0.0136 0.959 
749 4 0.0122 0.00578 0.00924 0.0137 0.959 
750 4 0.0123 0.0058 0.00926 0.0137 0.959 
751 4 0.0124 0.00581 0.00929 0.0138 0.959 
752 4 0.0124 0.00583 0.00932 0.0139 0.959 
753 4 0.0125 0.00585 0.00934 0.014 0.958 
754 4 0.0128 0.00596 0.00953 0.0144 0.957 
755 4 0.0129 0.00598 0.00955 0.0144 0.957 
756 4 0.0129 0.00599 0.00957 0.0145 0.957 
757 4 0.0133 0.0061 0.00975 0.0149 0.956 
758 4 0.0133 0.00611 0.00976 0.0149 0.956 
759 4 0.0136 0.00622 0.00994 0.0153 0.955 
760 4 0.0136 0.00622 0.00994 0.0153 0.955 
761 4 0.0137 0.00622 0.00993 0.0154 0.955 
762 4 0.014 0.00633 0.0101 0.0157 0.954 
763 4 0.014 0.00632 0.0101 0.0158 0.954 
764 4 0.014 0.00632 0.0101 0.0158 0.954 
765 4 0.0143 0.00642 0.0102 0.0161 0.953 
766 4 0.0143 0.00641 0.0102 0.0161 0.953 
767 4 0.0146 0.00651 0.0104 0.0165 0.952 
768 4 0.0146 0.00649 0.0103 0.0165 0.952 
769 4 0.0149 0.00659 0.0105 0.0168 0.951 
770 4 0.0148 0.00656 0.0104 0.0168 0.951 
771 4 0.0151 0.00666 0.0106 0.0171 0.951 
772 4 0.0151 0.00663 0.0105 0.017 0.951 
773 4 0.015 0.0066 0.0105 0.017 0.951 
774 4 0.0153 0.00669 0.0106 0.0173 0.95 
775 4 0.0152 0.00665 0.0105 0.0172 0.95 
776 4 0.0155 0.00674 0.0107 0.0176 0.949 
777 4 0.0154 0.0067 0.0106 0.0175 0.95 
778 4 0.0157 0.00678 0.0107 0.0178 0.949 
779 4 0.0159 0.00686 0.0108 0.0181 0.948 
780 4 0.0158 0.0068 0.0107 0.0179 0.949 
781 4 0.0161 0.00688 0.0109 0.0182 0.948 
782 4 0.0162 0.00693 0.0109 0.0184 0.947 
783 4 0.0164 0.00699 0.011 0.0187 0.947 
784 4 0.0167 0.00706 0.0111 0.0189 0.946 
785 4 0.0168 0.00711 0.0112 0.0192 0.946 
786 4 0.0171 0.00717 0.0113 0.0194 0.945 
787 4 0.0173 0.00724 0.0114 0.0197 0.944 
788 4 0.0175 0.0073 0.0115 0.02 0.944 
789 4 0.0177 0.00736 0.0115 0.0202 0.943 
790 4 0.0179 0.00743 0.0116 0.0205 0.943 
791 4 0.0182 0.00749 0.0117 0.0208 0.942 
792 4 0.0184 0.00756 0.0118 0.0211 0.941 
793 4 0.0186 0.00762 0.0119 0.0213 0.94 
794 4 0.0189 0.00769 0.012 0.0216 0.94 
795 4 0.0191 0.00776 0.0121 0.0219 0.939 
796 4 0.0194 0.00782 0.0122 0.0222 0.938 
797 4 0.0196 0.00789 0.0123 0.0225 0.938 
798 4 0.0199 0.00795 0.0124 0.0228 0.937 
799 4 0.0201 0.00803 0.0125 0.0232 0.936 
800 4 0.0204 0.00809 0.0125 0.0235 0.935 
801 4 0.0207 0.00816 0.0126 0.0238 0.935 
802 4 0.0209 0.00823 0.0127 0.0241 0.934 
803 4 0.0212 0.0083 0.0128 0.0245 0.933 
804 4 0.0215 0.00837 0.0129 0.0248 0.932 
805 4 0.0217 0.00843 0.013 0.0251 0.932 
806 4 0.022 0.0085 0.0131 0.0255 0.931 
807 4 0.0223 0.00857 0.0132 0.0259 0.93 
808 4 0.0226 0.00865 0.0133 0.0263 0.929 
809 4 0.023 0.00874 0.0134 0.0267 0.928 
810 4 0.0234 0.00885 0.0136 0.0272 0.927 
811 4 0.0239 0.00897 0.0137 0.0278 0.926 
812 4 0.0243 0.00909 0.0139 0.0284 0.924 
813 4 0.0249 0.00923 0.0141 0.0291 0.923 
814 4 0.0255 0.00939 0.0143 0.0298 0.921 
815 4 0.0262 0.00957 0.0146 0.0307 0.919 
816 4 0.0269 0.00975 0.0148 0.0316 0.917 
817 4 0.0277 0.00995 0.0151 0.0325 0.915 
818 4 0.0286 0.0102 0.0154 0.0337 0.912 
819 4 0.0295 0.0104 0.0158 0.0349 0.909 
820 4 0.0305 0.0107 0.0161 0.0361 0.907 
821 4 0.0317 0.011 0.0165 0.0376 0.903 
822 4 0.033 0.0113 0.017 0.0393 0.899 
823 4 0.0344 0.0116 0.0175 0.0411 0.895 
824 4 0.036 0.012 0.018 0.0431 0.891 
825 4 0.0377 0.0124 0.0186 0.0453 0.886 
826 4 0.0397 0.0129 0.0193 0.0479 0.88 
827 4 0.0419 0.0134 0.02 0.0508 0.874 
828 4 0.044 0.0139 0.0207 0.0536 0.868 
829 4 0.0465 0.0144 0.0214 0.0568 0.861 
830 4 0.0493 0.015 0.0223 0.0606 0.853 
831 4 0.0523 0.0156 0.0232 0.0646 0.844 
832 4 0.0558 0.0164 0.0242 0.0694 0.834 
833 4 0.0598 0.0172 0.0253 0.0749 0.823 
834 4 0.0641 0.018 0.0264 0.0807 0.811 
835 4 0.0687 0.0188 0.0276 0.0872 0.798 
836 4 0.074 0.0198 0.0289 0.0947 0.782 
837 4 0.08 0.0208 0.0304 0.103 0.766 
838 4 0.0864 0.0219 0.0318 0.113 0.747 
839 4 0.0935 0.023 0.0333 0.123 0.727 
840 4 0.101 0.0242 0.0348 0.135 0.705 
841 4 0.109 0.0253 0.0363 0.148 0.681 
842 4 0.118 0.0265 0.0379 0.163 0.654 
843 4 0.128 0.0277 0.0393 0.179 0.627 
844 4 0.137 0.0288 0.0406 0.196 0.598 
845 4 0.147 0.0298 0.0418 0.214 0.567 
846 4 0.158 0.0307 0.0429 0.235 0.534 
847 4 0.167 0.0315 0.0437 0.256 0.502 
848 4 0.177 0.0321 0.0443 0.277 0.469 
849 4 0.186 0.0326 0.0447 0.297 0.44 
850 4 0.195 0.0329 0.0448 0.315 0.412 
851 4 0.204 0.0331 0.0448 0.331 0.387 
852 4 0.213 0.0332 0.0446 0.346 0.363 
853 3 0.222 0.0332 0.0443 0.36 0.341 
854 3 0.231 0.0331 0.0439 0.372 0.32 
855 3 0.24 0.033 0.0434 0.382 0.302 
856 3 0.249 0.0328 0.0429 0.391 0.285 
857 3 0.258 0.0326 0.0423 0.398 0.27 
858 3 0.267 0.0323 0.0417 0.404 0.255 
859 3 0.276 0.032 0.041 0.408 0.242 
860 3 0.286 0.0317 0.0404 0.412 0.23 
861 3 0.296 0.0314 0.0397 0.414 0.219 
862 3 0.306 0.0311 0.039 0.415 0.209 
863 3 0.317 0.0307 0.0384 0.414 0.2 
864 3 0.328 0.0303 0.0377 0.413 0.191 
865 3 0.34 0.03 0.037 0.41 0.183 
866 3 0.352 0.0296 0.0363 0.406 0.176 
867 3 0.365 0.0292 0.0356 0.401 0.169 
868 3 0.378 0.0288 0.035 0.396 0.162 
869 0 0.392 0.0284 0.0343 0.389 0.156 
870 0 0.407 0.028 0.0336 0.382 0.15 
871 0 0.421 0.0276 0.0329 0.373 0.145 
872 0 0.436 0.0271 0.0322 0.364 0.14 
873 0 0.452 0.0267 0.0315 0.355 0.136 
874 0 0.467 0.0262 0.0308 0.344 0.131 
875 0 0.483 0.0258 0.0301 0.334 0.127 
876 0 0.499 0.0253 0.0295 0.323 0.123 
877 0 0.515 0.0248 0.0287 0.312 0.12 
878 0 0.531 0.0243 0.0281 0.3 0.116 
879 0 0.547 0.0238 0.0273 0.289 0.113 
880 0 0.564 0.0233 0.0266 0.278 0.109 
881 0 0.58 0.0227 0.0259 0.266 0.105 
882 0 0.597 0.0222 0.0251 0.255 0.101 
883 0 0.613 0.0216 0.0244 0.244 0.0968 
884 0 0.629 0.021 0.0236 0.234 0.0927 
885 0 0.645 0.0204 0.0229 0.223 0.0887 
886 0 0.661 0.0198 0.0221 0.213 0.0847 
887 0 0.676 0.0192 0.0214 0.203 0.0808 
888 0 0.69 0.0186 0.0207 0.193 0.077 
889 0 0.704 0.018 0.02 0.184 0.0734 
890 0 0.718 0.0175 0.0193 0.175 0.0699 
891 0 0.731 0.0169 0.0186 0.167 0.0665 
892 0 0.743 0.0164 0.018 0.159 0.0633 
893 0 0.755 0.0158 0.0174 0.152 0.0603 
894 0 0.766 0.0153 0.0168 0.145 0.0575 
895 0 0.776 0.0148 0.0162 0.138 0.0547 
896 0 0.786 0.0144 0.0157 0.131 0.0522 
897 0 0.796 0.0139 0.0151 0.125 0.0498 
898 0 0.804 0.0135 0.0146 0.12 0.0476 
899 0 0.813 0.0131 0.0142 0.115 0.0454 
900 0 0.821 0.0127 0.0137 0.11 0.0434 
901 0 0.828 0.0123 0.0133 0.105 0.0416 
902 0 0.835 0.0119 0.0129 0.101 0.0398 
903 0 0.841 0.0116 0.0125 0.0966 0.0382 
904 0 0.847 0.0113 0.0121 0.0927 0.0366 
905 0 0.853 0.011 0.0118 0.0892 0.0352 
906 0 0.858 0.0107 0.0114 0.0858 0.0339 
907 0 0.863 0.0104 0.0111 0.0826 0.0326 
908 0 0.868 0.0101 0.0108 0.0796 0.0314 
909 0 0.873 0.00984 0.0105 0.0768 0.0303 
910 0 0.877 0.0096 0.0102 0.0742 0.0292 
911 0 0.881 0.00936 0.00998 0.0717 0.0282 
912 0 0.885 0.00913 0.00972 0.0693 0.0272 
913 0 0.888 0.00891 0.00948 0.067 0.0262 
914 0 0.892 0.0087 0.00924 0.0648 0.0253 
915 0 0.895 0.00849 0.00902 0.0628 0.0244 
916 0 0.898 0.0083 0.0088 0.0608 0.0236 
917 0 0.902 0.00811 0.0086 0.059 0.0228 
918 0 0.904 0.00793 0.0084 0.0572 0.0221 
919 0 0.907 0.00775 0.00821 0.0556 0.0214 
920 0 0.91 0.00759 0.00803 0.054 0.0207 
921 0 0.912 0.00743 0.00786 0.0524 0.0201 
922 0 0.915 0.00727 0.00769 0.051 0.0195 
923 0 0.917 0.00712 0.00752 0.0496 0.0189 
924 0 0.919 0.00697 0.00737 0.0482 0.0183 
925 0 0.921 0.00683 0.00722 0.0469 0.0177 
926 0 0.923 0.0067 0.00707 0.0456 0.0172 
927 0 0.925 0.00656 0.00693 0.0444 0.0167 
928 0 0.927 0.00643 0.00679 0.0432 0.0162 
929 0 0.929 0.00629 0.00664 0.0419 0.0157 
930 0 0.932 0.00613 0.00647 0.0404 0.0152 
931 0 0.934 0.00595 0.00628 0.0387 0.0146 
932 0 0.937 0.00578 0.00611 0.0372 0.0141 
933 0 0.939 0.00562 0.00594 0.0357 0.0136 
934 0 0.941 0.00548 0.00578 0.0343 0.0132 
935 0 0.943 0.00533 0.00563 0.0331 0.0128 
936 0 0.945 0.0052 0.00549 0.0319 0.0124 
937 0 0.947 0.00509 0.00537 0.0309 0.0121 
938 0 0.948 0.005 0.00527 0.0301 0.0118 
939 0 0.949 0.00491 0.00518 0.0294 0.0115 
940 0 0.95 0.00483 0.0051 0.0287 0.0113 
941 0 0.951 0.00475 0.00501 0.0281 0.0111 
942 0 0.952 0.00468 0.00494 0.0274 0.0109 
943 0 0.953 0.00461 0.00487 0.0269 0.0107 
