0 0 0.2 0.2 0.2 0.2 0.2 
1 3 0.199 0.201 0.194 0.206 0.2 
2 3 0.199 0.2 0.194 0.205 0.201 
3 3 0.2 0.2 0.194 0.205 0.201 
4 3 0.2 0.2 0.193 0.205 0.202 
5 3 0.2 0.2 0.193 0.205 0.202 
6 3 0.2 0.2 0.193 0.205 0.202 
7 3 0.2 0.2 0.193 0.205 0.202 
8 3 0.2 0.2 0.193 0.205 0.202 
9 3 0.201 0.199 0.193 0.205 0.202 
10 3 0.201 0.199 0.193 0.205 0.202 
11 3 0.201 0.199 0.193 0.205 0.202 
12 3 0.201 0.199 0.193 0.205 0.202 
13 3 0.201 0.199 0.193 0.204 0.202 
14 3 0.201 0.199 0.193 0.204 0.203 
15 3 0.202 0.199 0.193 0.204 0.203 
16 3 0.202 0.199 0.193 0.204 0.203 
17 3 0.202 0.198 0.192 0.204 0.203 
18 3 0.202 0.198 0.192 0.204 0.203 
19 3 0.202 0.198 0.192 0.204 0.203 
20 3 0.203 0.198 0.192 0.204 0.203 
21 3 0.203 0.198 0.192 0.204 0.204 
22 4 0.203 0.198 0.192 0.204 0.204 
23 4 0.203 0.197 0.192 0.204 0.204 
24 4 0.203 0.197 0.192 0.204 0.204 
25 4 0.204 0.197 0.192 0.203 0.204 
26 4 0.204 0.197 0.192 0.203 0.205 
27 4 0.204 0.197 0.191 0.203 0.205 
28 4 0.204 0.196 0.191 0.203 0.205 
29 4 0.204 0.196 0.191 0.203 0.205 
30 4 0.205 0.196 0.191 0.203 0.206 
31 4 0.205 0.196 0.191 0.203 0.206 
32 4 0.205 0.196 0.191 0.203 0.206 
33 4 0.205 0.195 0.19 0.202 0.207 
34 4 0.206 0.195 0.19 0.202 0.207 
35 4 0.206 0.195 0.19 0.202 0.208 
36 4 0.206 0.194 0.19 0.202 0.208 
37 4 0.206 0.194 0.19 0.202 0.209 
38 4 0.206 0.194 0.189 0.201 0.209 
39 4 0.207 0.193 0.189 0.201 0.21 
40 4 0.207 0.193 0.189 0.201 0.211 
41 4 0.207 0.192 0.188 0.2 0.212 
42 4 0.207 0.192 0.188 0.2 0.214 
43 4 0.207 0.191 0.187 0.199 0.216 
44 4 0.206 0.19 0.186 0.198 0.218 
45 4 0.206 0.189 0.185 0.198 0.221 
46 4 0.206 0.188 0.185 0.197 0.224 
47 4 0.206 0.188 0.184 0.196 0.227 
48 4 0.205 0.187 0.183 0.195 0.23 
49 4 0.205 0.186 0.182 0.194 0.232 
50 4 0.205 0.185 0.182 0.194 0.234 
51 4 0.205 0.184 0.181 0.193 0.236 
52 4 0.205 0.183 0.18 0.192 0.238 
53 4 0.206 0.183 0.18 0.192 0.24 
54 4 0.206 0.182 0.179 0.191 0.242 
55 4 0.206 0.181 0.178 0.19 0.244 
56 4 0.207 0.18 0.177 0.19 0.246 
57 4 0.207 0.18 0.177 0.189 0.247 
58 4 0.208 0.179 0.176 0.189 0.248 
59 4 0.21 0.179 0.176 0.189 0.247 
60 4 0.212 0.179 0.176 0.189 0.245 
61 4 0.214 0.179 0.176 0.189 0.242 
62 4 0.217 0.179 0.176 0.19 0.239 
63 4 0.22 0.179 0.176 0.19 0.235 
64 4 0.224 0.178 0.176 0.19 0.231 
65 0 0.229 0.178 0.176 0.19 0.227 
66 0 0.235 0.177 0.175 0.189 0.223 
67 0 0.243 0.176 0.174 0.189 0.219 
68 0 0.253 0.174 0.172 0.187 0.214 
69 0 0.266 0.171 0.169 0.184 0.209 
70 0 0.281 0.168 0.166 0.181 0.204 
71 0 0.299 0.164 0.162 0.176 0.199 
72 0 0.318 0.159 0.158 0.172 0.194 
73 0 0.339 0.154 0.153 0.166 0.188 
74 0 0.363 0.148 0.147 0.16 0.182 
75 0 0.389 0.142 0.141 0.153 0.176 
76 0 0.419 0.134 0.133 0.145 0.168 
77 0 0.454 0.126 0.125 0.136 0.159 
78 0 0.495 0.116 0.116 0.126 0.148 
79 0 0.536 0.107 0.106 0.115 0.136 
80 0 0.577 0.0971 0.0966 0.105 0.124 
81 0 0.615 0.0883 0.0879 0.0954 0.113 
82 0 0.65 0.0803 0.08 0.0868 0.103 
83 0 0.681 0.0732 0.0729 0.0791 0.094 
84 0 0.708 0.0669 0.0666 0.0722 0.0859 
85 0 0.733 0.0612 0.061 0.066 0.0787 
86 0 0.755 0.0561 0.0559 0.0605 0.0721 
87 0 0.776 0.0515 0.0513 0.0555 0.0662 
88 0 0.794 0.0473 0.0471 0.051 0.0608 
89 0 0.81 0.0437 0.0435 0.0471 0.0561 
90 0 0.823 0.0405 0.0404 0.0437 0.052 
91 0 0.835 0.0378 0.0377 0.0407 0.0485 
92 0 0.846 0.0354 0.0353 0.0381 0.0454 
93 0 0.855 0.0332 0.0331 0.0358 0.0426 
94 0 0.864 0.0313 0.0312 0.0337 0.0401 
95 0 0.871 0.0296 0.0296 0.0319 0.038 
96 0 0.877 0.0282 0.0281 0.0303 0.0361 
97 0 0.882 0.0271 0.0271 0.0292 0.0348 
98 0 0.886 0.0262 0.0262 0.0283 0.0337 
99 0 0.889 0.0254 0.0254 0.0274 0.0327 
100 0 0.892 0.0247 0.0247 0.0267 0.0319 
101 0 0.894 0.0242 0.0241 0.0261 0.0312 
102 0 0.896 0.0237 0.0237 0.0256 0.0307 
103 0 0.898 0.0233 0.0233 0.0252 0.0302 
104 0 0.899 0.023 0.0229 0.0248 0.0298 
105 0 0.901 0.0227 0.0226 0.0245 0.0295 
106 0 0.902 0.0224 0.0223 0.0242 0.0293 
107 0 0.903 0.0221 0.0221 0.024 0.029 
108 0 0.904 0.0219 0.0219 0.0238 0.0288 
109 0 0.904 0.0217 0.0217 0.0236 0.0286 
110 0 0.905 0.0215 0.0215 0.0234 0.0285 
111 0 0.906 0.0214 0.0213 0.0233 0.0283 
112 0 0.906 0.0212 0.0212 0.0231 0.0282 
113 0 0.907 0.0211 0.021 0.023 0.0281 
114 0 0.907 0.0209 0.0209 0.0229 0.028 
115 0 0.908 0.0208 0.0208 0.0228 0.0279 
116 0 0.908 0.0207 0.0207 0.0227 0.0278 
117 0 0.908 0.0206 0.0206 0.0226 0.0278 
118 0 0.909 0.0205 0.0205 0.0225 0.0277 
119 0 0.909 0.0204 0.0204 0.0224 0.0277 
120 0 0.909 0.0203 0.0203 0.0224 0.0277 
121 0 0.91 0.0202 0.0202 0.0223 0.0276 
122 0 0.91 0.0202 0.0202 0.0223 0.0276 
123 0 0.91 0.0201 0.0201 0.0222 0.0276 
124 0 0.91 0.02 0.02 0.0222 0.0276 
125 0 0.91 0.02 0.02 0.0222 0.0276 
126 0 0.91 0.0199 0.0199 0.0221 0.0276 
127 0 0.911 0.0199 0.0199 0.0221 0.0276 
128 0 0.911 0.0198 0.0198 0.0221 0.0277 
129 0 0.911 0.0198 0.0198 0.0221 0.0277 
130 0 0.911 0.0197 0.0197 0.0221 0.0277 
131 0 0.911 0.0197 0.0197 0.0221 0.0278 
132 0 0.911 0.0197 0.0197 0.0221 0.0278 
133 0 0.911 0.0196 0.0196 0.0221 0.0278 
134 0 0.911 0.0196 0.0196 0.0221 0.0279 
135 0 0.911 0.0196 0.0196 0.0222 0.028 
136 0 0.911 0.0196 0.0196 0.0222 0.028 
137 0 0.911 0.0195 0.0195 0.0222 0.0281 
138 0 0.911 0.0195 0.0195 0.0223 0.0282 
139 0 0.91 0.0195 0.0195 0.0223 0.0282 
140 0 0.91 0.0195 0.0195 0.0223 0.0283 
141 0 0.91 0.0195 0.0195 0.0224 0.0284 
142 0 0.91 0.0195 0.0195 0.0225 0.0285 
143 0 0.91 0.0195 0.0195 0.0225 0.0286 
144 0 0.91 0.0195 0.0195 0.0226 0.0287 
145 0 0.909 0.0195 0.0195 0.0227 0.0288 
146 0 0.909 0.0195 0.0195 0.0228 0.0289 
147 0 0.909 0.0195 0.0195 0.0229 0.029 
148 0 0.909 0.0195 0.0196 0.023 0.0292 
149 0 0.909 0.0196 0.0196 0.0231 0.0293 
150 0 0.908 0.0196 0.0196 0.0232 0.0294 
151 0 0.908 0.0196 0.0196 0.0233 0.0296 
152 0 0.908 0.0196 0.0197 0.0234 0.0297 
153 0 0.907 0.0197 0.0197 0.0236 0.0299 
154 0 0.907 0.0197 0.0197 0.0237 0.03 
155 0 0.906 0.0197 0.0198 0.0238 0.0302 
156 0 0.906 0.0198 0.0198 0.024 0.0304 
157 0 0.906 0.0198 0.0199 0.0242 0.0305 
158 0 0.905 0.0199 0.0199 0.0244 0.0307 
159 0 0.905 0.0199 0.02 0.0245 0.0309 
160 0 0.904 0.02 0.02 0.0247 0.0311 
161 0 0.904 0.02 0.0201 0.0249 0.0313 
162 0 0.903 0.0201 0.0201 0.0252 0.0315 
163 0 0.902 0.0202 0.0202 0.0254 0.0318 
164 0 0.902 0.0202 0.0203 0.0256 0.032 
165 0 0.901 0.0203 0.0204 0.0259 0.0322 
166 0 0.901 0.0204 0.0204 0.0261 0.0325 
167 0 0.9 0.0205 0.0205 0.0264 0.0327 
168 0 0.899 0.0206 0.0206 0.0267 0.033 
169 0 0.898 0.0207 0.0207 0.027 0.0333 
170 0 0.898 0.0207 0.0208 0.0273 0.0336 
171 0 0.897 0.0208 0.0209 0.0276 0.0338 
172 0 0.896 0.0209 0.021 0.0279 0.0341 
173 0 0.895 0.021 0.0211 0.0283 0.0345 
174 0 0.894 0.0211 0.0212 0.0286 0.0348 
175 0 0.893 0.0213 0.0213 0.029 0.0351 
176 0 0.892 0.0214 0.0214 0.0294 0.0354 
177 0 0.891 0.0215 0.0215 0.0298 0.0358 
178 0 0.89 0.0216 0.0217 0.0302 0.0361 
179 0 0.889 0.0217 0.0218 0.0306 0.0365 
180 0 0.888 0.0219 0.0219 0.0311 0.0369 
181 0 0.887 0.022 0.0221 0.0316 0.0373 
182 0 0.886 0.0221 0.0222 0.0321 0.0377 
183 0 0.885 0.0223 0.0224 0.0326 0.0381 
184 0 0.883 0.0224 0.0225 0.0331 0.0385 
185 0 0.882 0.0226 0.0227 0.0336 0.0389 
186 0 0.881 0.0227 0.0228 0.0342 0.0394 
187 0 0.879 0.0229 0.023 0.0348 0.0399 
188 0 0.878 0.0231 0.0232 0.0354 0.0403 
189 0 0.877 0.0233 0.0233 0.036 0.0408 
190 0 0.875 0.0234 0.0235 0.0367 0.0413 
191 0 0.873 0.0236 0.0237 0.0374 0.0418 
192 0 0.872 0.0238 0.0239 0.0381 0.0424 
193 0 0.87 0.024 0.0241 0.0388 0.0429 
194 0 0.868 0.0242 0.0243 0.0396 0.0435 
195 0 0.867 0.0244 0.0245 0.0404 0.0441 
196 0 0.865 0.0246 0.0247 0.0412 0.0447 
197 0 0.863 0.0248 0.0249 0.0421 0.0453 
198 0 0.861 0.025 0.0251 0.043 0.0459 
199 0 0.859 0.0253 0.0254 0.044 0.0466 
200 0 0.857 0.0255 0.0256 0.0449 0.0473 
201 0 0.855 0.0257 0.0258 0.0459 0.0479 
202 0 0.852 0.026 0.0261 0.047 0.0487 
203 0 0.85 0.0262 0.0263 0.0481 0.0494 
204 0 0.848 0.0265 0.0266 0.0492 0.0501 
205 0 0.845 0.0267 0.0268 0.0504 0.0509 
206 0 0.843 0.027 0.0271 0.0516 0.0517 
207 0 0.84 0.0272 0.0274 0.0528 0.0525 
208 0 0.837 0.0275 0.0276 0.0541 0.0533 
209 0 0.835 0.0278 0.0279 0.0554 0.0542 
210 0 0.832 0.028 0.0282 0.0567 0.055 
211 0 0.829 0.0283 0.0284 0.058 0.0559 
212 0 0.827 0.0286 0.0287 0.0594 0.0567 
213 0 0.824 0.0288 0.029 0.0608 0.0576 
214 0 0.821 0.0291 0.0292 0.0622 0.0585 
215 0 0.818 0.0294 0.0295 0.0636 0.0594 
216 0 0.815 0.0296 0.0298 0.065 0.0603 
217 0 0.812 0.0299 0.03 0.0664 0.0613 
218 0 0.81 0.0301 0.0303 0.0678 0.0622 
219 0 0.807 0.0304 0.0305 0.0692 0.0631 
220 0 0.804 0.0306 0.0308 0.0706 0.0641 
221 0 0.801 0.0308 0.031 0.0719 0.065 
222 0 0.798 0.0311 0.0312 0.0733 0.066 
223 0 0.796 0.0313 0.0315 0.0747 0.067 
224 0 0.793 0.0315 0.0317 0.076 0.0679 
225 0 0.79 0.0317 0.0319 0.0773 0.0689 
226 0 0.787 0.032 0.0322 0.0787 0.0699 
227 0 0.785 0.0322 0.0324 0.08 0.0709 
228 0 0.782 0.0324 0.0326 0.0813 0.0719 
229 0 0.779 0.0326 0.0328 0.0826 0.073 
230 0 0.776 0.0328 0.033 0.0839 0.074 
231 0 0.774 0.033 0.0332 0.0851 0.075 
232 0 0.771 0.0332 0.0334 0.0864 0.0761 
233 0 0.768 0.0334 0.0336 0.0877 0.0772 
234 0 0.765 0.0336 0.0338 0.0889 0.0783 
235 0 0.763 0.0338 0.034 0.0902 0.0794 
236 0 0.76 0.0339 0.0342 0.0914 0.0805 
237 0 0.757 0.0341 0.0344 0.0926 0.0817 
238 0 0.754 0.0343 0.0346 0.0938 0.0829 
239 0 0.752 0.0345 0.0348 0.095 0.0841 
240 0 0.749 0.0347 0.0349 0.0963 0.0853 
241 0 0.746 0.0348 0.0351 0.0974 0.0865 
242 0 0.743 0.035 0.0353 0.0986 0.0877 
243 0 0.741 0.0352 0.0355 0.0998 0.089 
244 0 0.738 0.0354 0.0357 0.101 0.0903 
245 0 0.735 0.0356 0.0358 0.102 0.0916 
246 0 0.732 0.0357 0.036 0.103 0.0929 
247 0 0.729 0.0359 0.0362 0.104 0.0943 
248 0 0.726 0.0361 0.0364 0.106 0.0957 
249 0 0.723 0.0362 0.0365 0.107 0.0971 
250 0 0.72 0.0364 0.0367 0.108 0.0986 
251 0 0.718 0.0365 0.0369 0.109 0.1 
252 0 0.715 0.0367 0.037 0.11 0.102 
253 0 0.712 0.0369 0.0372 0.111 0.103 
254 0 0.709 0.037 0.0374 0.112 0.105 
255 0 0.705 0.0372 0.0375 0.113 0.106 
256 0 0.702 0.0373 0.0377 0.115 0.108 
257 0 0.699 0.0375 0.0379 0.116 0.11 
258 0 0.696 0.0377 0.038 0.117 0.111 
259 0 0.693 0.0378 0.0382 0.118 0.113 
260 0 0.69 0.038 0.0384 0.119 0.115 
261 0 0.687 0.0381 0.0385 0.12 0.117 
262 0 0.683 0.0383 0.0387 0.121 0.119 
263 0 0.68 0.0384 0.0388 0.122 0.121 
264 0 0.677 0.0386 0.039 0.123 0.122 
265 0 0.673 0.0387 0.0392 0.124 0.125 
266 0 0.67 0.0389 0.0393 0.125 0.127 
267 0 0.667 0.039 0.0395 0.126 0.129 
268 0 0.663 0.0392 0.0396 0.127 0.131 
269 0 0.66 0.0393 0.0398 0.128 0.133 
270 0 0.656 0.0395 0.0399 0.129 0.135 
271 0 0.652 0.0396 0.0401 0.13 0.138 
272 0 0.649 0.0398 0.0402 0.131 0.14 
273 0 0.645 0.0399 0.0404 0.132 0.143 
274 0 0.641 0.0401 0.0405 0.133 0.145 
275 0 0.637 0.0402 0.0407 0.134 0.148 
276 0 0.633 0.0403 0.0408 0.135 0.15 
277 0 0.629 0.0405 0.0409 0.136 0.153 
278 0 0.625 0.0406 0.0411 0.137 0.156 
279 0 0.621 0.0407 0.0412 0.138 0.159 
280 0 0.617 0.0409 0.0414 0.139 0.162 
281 0 0.613 0.041 0.0415 0.14 0.165 
282 0 0.609 0.0411 0.0416 0.141 0.168 
283 0 0.604 0.0412 0.0418 0.141 0.171 
284 0 0.6 0.0414 0.0419 0.142 0.175 
285 0 0.595 0.0415 0.042 0.143 0.178 
286 0 0.591 0.0416 0.0421 0.144 0.182 
287 0 0.586 0.0417 0.0423 0.145 0.185 
288 0 0.581 0.0418 0.0424 0.145 0.189 
289 0 0.576 0.0419 0.0425 0.146 0.193 
290 0 0.571 0.0421 0.0426 0.147 0.197 
291 0 0.566 0.0422 0.0427 0.148 0.201 
292 0 0.561 0.0423 0.0428 0.148 0.206 
293 0 0.555 0.0423 0.0429 0.149 0.21 
294 0 0.55 0.0424 0.043 0.15 0.215 
295 0 0.544 0.0425 0.0431 0.15 0.22 
296 0 0.538 0.0426 0.0432 0.151 0.225 
297 0 0.532 0.0427 0.0433 0.152 0.23 
298 0 0.526 0.0428 0.0434 0.152 0.236 
299 0 0.519 0.0428 0.0434 0.153 0.242 
300 0 0.513 0.0429 0.0435 0.153 0.248 
301 0 0.506 0.0429 0.0435 0.153 0.254 
302 0 0.499 0.0429 0.0436 0.153 0.262 
303 0 0.491 0.0429 0.0436 0.153 0.269 
304 0 0.483 0.0429 0.0436 0.152 0.278 
305 0 0.475 0.0429 0.0435 0.151 0.287 
306 0 0.467 0.0428 0.0434 0.15 0.297 
307 0 0.458 0.0427 0.0433 0.148 0.308 
308 0 0.449 0.0425 0.0432 0.146 0.319 
309 0 0.44 0.0423 0.043 0.143 0.331 
310 0 0.432 0.0421 0.0428 0.141 0.343 
311 0 0.423 0.0419 0.0425 0.138 0.354 
312 0 0.414 0.0416 0.0422 0.136 0.366 
313 0 0.406 0.0413 0.0419 0.133 0.378 
314 0 0.397 0.041 0.0416 0.13 0.39 
315 4 0.389 0.0406 0.0413 0.127 0.402 
316 4 0.38 0.0403 0.0409 0.124 0.414 
317 4 0.372 0.0399 0.0405 0.121 0.427 
318 4 0.363 0.0395 0.0401 0.118 0.439 
319 4 0.354 0.039 0.0396 0.115 0.452 
320 4 0.346 0.0386 0.0392 0.112 0.464 
321 4 0.337 0.0381 0.0387 0.11 0.477 
322 4 0.328 0.0376 0.0382 0.107 0.489 
323 4 0.319 0.0371 0.0377 0.104 0.502 
324 4 0.31 0.0366 0.0371 0.101 0.515 
325 4 0.301 0.036 0.0366 0.098 0.528 
326 4 0.292 0.0354 0.036 0.0951 0.541 
327 4 0.283 0.0348 0.0354 0.0922 0.555 
328 4 0.273 0.0342 0.0347 0.0893 0.568 
329 4 0.263 0.0335 0.034 0.0864 0.583 
330 4 0.252 0.0327 0.0332 0.0833 0.598 
331 4 0.24 0.0318 0.0323 0.08 0.616 
332 4 0.226 0.0308 0.0313 0.0762 0.636 
333 4 0.21 0.0296 0.03 0.0721 0.658 
334 4 0.194 0.0283 0.0287 0.0679 0.681 
335 4 0.179 0.027 0.0274 0.064 0.702 
336 4 0.166 0.0258 0.0262 0.0602 0.722 
337 4 0.154 0.0246 0.025 0.0568 0.74 
338 4 0.144 0.0236 0.0239 0.0537 0.755 
339 4 0.136 0.0227 0.0231 0.0513 0.767 
340 4 0.129 0.022 0.0224 0.0492 0.777 
341 4 0.124 0.0214 0.0218 0.0475 0.785 
342 4 0.12 0.0209 0.0212 0.046 0.792 
343 4 0.116 0.0204 0.0207 0.0446 0.798 
344 4 0.112 0.02 0.0203 0.0433 0.804 
345 4 0.109 0.0196 0.0199 0.0422 0.809 
346 4 0.106 0.0192 0.0195 0.0411 0.814 
347 4 0.104 0.0189 0.0192 0.0401 0.818 
348 4 0.101 0.0186 0.0189 0.0392 0.822 
349 4 0.099 0.0183 0.0186 0.0384 0.826 
350 4 0.0969 0.018 0.0183 0.0376 0.829 
351 4 0.095 0.0177 0.018 0.0368 0.832 
352 4 0.0932 0.0175 0.0178 0.0361 0.835 
353 4 0.0915 0.0173 0.0175 0.0354 0.838 
354 4 0.0899 0.017 0.0173 0.0348 0.841 
355 4 0.0884 0.0168 0.0171 0.0341 0.844 
356 4 0.0869 0.0166 0.0169 0.0336 0.846 
357 4 0.0855 0.0164 0.0167 0.033 0.848 
358 4 0.0842 0.0162 0.0165 0.0325 0.851 
359 4 0.083 0.0161 0.0163 0.032 0.853 
360 4 0.0818 0.0159 0.0161 0.0315 0.855 
361 4 0.0807 0.0157 0.0159 0.031 0.857 
362 4 0.0796 0.0156 0.0158 0.0305 0.859 
363 4 0.0786 0.0154 0.0156 0.0301 0.86 
364 4 0.0776 0.0152 0.0155 0.0297 0.862 
365 4 0.0767 0.0151 0.0153 0.0293 0.864 
366 4 0.0757 0.015 0.0152 0.0289 0.865 
367 4 0.0749 0.0148 0.015 0.0285 0.867 
368 4 0.074 0.0147 0.0149 0.0281 0.868 
369 4 0.0732 0.0146 0.0148 0.0278 0.87 
370 4 0.0724 0.0145 0.0147 0.0274 0.871 
371 4 0.0717 0.0143 0.0145 0.0271 0.872 
372 4 0.0709 0.0142 0.0144 0.0268 0.874 
373 4 0.0702 0.0141 0.0143 0.0265 0.875 
374 4 0.0695 0.014 0.0142 0.0262 0.876 
375 4 0.0688 0.0139 0.0141 0.0259 0.877 
376 4 0.0682 0.0138 0.014 0.0256 0.878 
377 4 0.0676 0.0137 0.0139 0.0253 0.88 
378 4 0.067 0.0136 0.0138 0.025 0.881 
379 4 0.0664 0.0135 0.0137 0.0248 0.882 
380 4 0.0661 0.0135 0.0137 0.0247 0.882 
381 4 0.0658 0.0135 0.0137 0.0246 0.882 
382 4 0.0654 0.0135 0.0137 0.0246 0.883 
383 4 0.065 0.0135 0.0137 0.0245 0.883 
384 4 0.0646 0.0135 0.0137 0.0244 0.884 
385 4 0.0642 0.0135 0.0136 0.0243 0.884 
386 4 0.0638 0.0135 0.0136 0.0242 0.885 
387 4 0.0634 0.0134 0.0136 0.0241 0.885 
388 4 0.063 0.0134 0.0136 0.024 0.886 
389 4 0.0625 0.0134 0.0136 0.0239 0.887 
390 4 0.0621 0.0134 0.0135 0.0238 0.887 
391 4 0.0617 0.0134 0.0135 0.0237 0.888 
392 4 0.0613 0.0134 0.0135 0.0235 0.888 
393 4 0.0609 0.0133 0.0135 0.0234 0.889 
394 4 0.0605 0.0133 0.0135 0.0233 0.889 
395 4 0.0601 0.0133 0.0135 0.0232 0.89 
396 4 0.0598 0.0133 0.0134 0.0232 0.89 
397 4 0.0594 0.0133 0.0134 0.0231 0.891 
398 4 0.059 0.0133 0.0134 0.023 0.891 
399 4 0.0587 0.0133 0.0134 0.0229 0.892 
400 4 0.0584 0.0133 0.0134 0.0228 0.892 
401 4 0.0581 0.0132 0.0134 0.0227 0.893 
402 4 0.0578 0.0132 0.0134 0.0226 0.893 
403 4 0.0575 0.0132 0.0134 0.0225 0.893 
404 4 0.0572 0.0132 0.0134 0.0225 0.894 
405 4 0.0569 0.0132 0.0133 0.0224 0.894 
406 4 0.0566 0.0132 0.0133 0.0223 0.895 
407 4 0.0564 0.0132 0.0133 0.0222 0.895 
408 4 0.0561 0.0132 0.0133 0.0222 0.895 
409 4 0.0558 0.0132 0.0133 0.0221 0.895 
410 4 0.0556 0.0132 0.0133 0.022 0.896 
411 4 0.0554 0.0132 0.0133 0.022 0.896 
412 4 0.0551 0.0132 0.0133 0.0219 0.896 
413 4 0.0549 0.0132 0.0133 0.0219 0.897 
414 4 0.0553 0.0135 0.0136 0.0222 0.895 
415 4 0.055 0.0135 0.0135 0.0221 0.896 
416 4 0.0548 0.0135 0.0135 0.0221 0.896 
417 4 0.0551 0.0137 0.0138 0.0224 0.895 
418 4 0.0548 0.0137 0.0137 0.0223 0.895 
419 4 0.0551 0.0139 0.014 0.0226 0.894 
420 4 0.0548 0.0139 0.0139 0.0225 0.895 
421 4 0.0551 0.0141 0.0142 0.0228 0.894 
422 4 0.0547 0.0141 0.0141 0.0227 0.894 
423 4 0.0544 0.014 0.0141 0.0225 0.895 
424 4 0.0548 0.0143 0.0143 0.0229 0.894 
425 4 0.0544 0.0142 0.0142 0.0227 0.895 
426 4 0.0547 0.0144 0.0145 0.023 0.893 
427 4 0.0543 0.0143 0.0144 0.0228 0.894 
428 4 0.0546 0.0146 0.0146 0.0231 0.893 
429 4 0.0541 0.0145 0.0145 0.0229 0.894 
430 4 0.0545 0.0147 0.0147 0.0231 0.893 
431 4 0.054 0.0146 0.0146 0.0229 0.894 
432 4 0.0543 0.0148 0.0148 0.0232 0.893 
433 4 0.0538 0.0147 0.0147 0.0229 0.894 
434 4 0.0542 0.0149 0.0149 0.0232 0.893 
435 4 0.0537 0.0148 0.0147 0.0229 0.894 
436 4 0.054 0.015 0.0149 0.0231 0.893 
437 4 0.0535 0.0148 0.0148 0.0228 0.894 
438 4 0.0539 0.015 0.015 0.0231 0.893 
439 4 0.0542 0.0152 0.0152 0.0233 0.892 
440 4 0.0544 0.0154 0.0153 0.0235 0.891 
441 4 0.0546 0.0156 0.0155 0.0237 0.891 
442 4 0.0547 0.0157 0.0156 0.0238 0.89 
443 4 0.0549 0.0159 0.0157 0.024 0.89 
444 4 0.055 0.016 0.0159 0.0241 0.889 
445 4 0.0551 0.0162 0.016 0.0243 0.888 
446 4 0.0552 0.0163 0.0161 0.0244 0.888 
447 4 0.0553 0.0164 0.0163 0.0246 0.887 
448 4 0.0554 0.0166 0.0164 0.0247 0.887 
449 4 0.0555 0.0167 0.0165 0.0248 0.886 
450 4 0.0556 0.0169 0.0167 0.025 0.886 
451 4 0.0557 0.017 0.0168 0.0251 0.885 
452 4 0.0558 0.0171 0.0169 0.0252 0.885 
453 4 0.0559 0.0173 0.017 0.0253 0.884 
454 4 0.0561 0.0175 0.0172 0.0255 0.884 
455 4 0.0562 0.0176 0.0173 0.0256 0.883 
456 4 0.0563 0.0177 0.0174 0.0257 0.883 
457 4 0.0564 0.0179 0.0176 0.0258 0.882 
458 4 0.0566 0.0181 0.0177 0.026 0.882 
459 4 0.0568 0.0182 0.0179 0.0261 0.881 
460 4 0.057 0.0184 0.018 0.0263 0.88 
461 4 0.0572 0.0186 0.0182 0.0265 0.88 
462 4 0.0575 0.0188 0.0184 0.0267 0.879 
463 4 0.0578 0.0191 0.0186 0.027 0.878 
464 4 0.0582 0.0194 0.0189 0.0273 0.876 
465 4 0.0585 0.0196 0.0191 0.0276 0.875 
466 4 0.0589 0.0199 0.0194 0.0279 0.874 
467 4 0.0592 0.0202 0.0196 0.0282 0.873 
468 4 0.0596 0.0205 0.0199 0.0286 0.872 
469 4 0.0599 0.0208 0.0202 0.0289 0.87 
470 4 0.0602 0.0211 0.0204 0.0292 0.869 
471 4 0.0605 0.0214 0.0207 0.0295 0.868 
472 4 0.061 0.0217 0.021 0.0299 0.866 
473 4 0.0613 0.022 0.0213 0.0303 0.865 
474 4 0.0618 0.0224 0.0216 0.0307 0.864 
475 4 0.0622 0.0227 0.0219 0.0311 0.862 
476 4 0.0626 0.0231 0.0222 0.0315 0.861 
477 4 0.0631 0.0235 0.0225 0.0319 0.859 
478 4 0.0635 0.0239 0.0229 0.0324 0.857 
479 4 0.0641 0.0243 0.0233 0.0329 0.855 
480 4 0.0646 0.0247 0.0236 0.0334 0.854 
481 4 0.0651 0.0252 0.0241 0.0339 0.852 
482 4 0.0656 0.0256 0.0244 0.0344 0.85 
483 4 0.0662 0.026 0.0249 0.035 0.848 
484 4 0.0668 0.0265 0.0253 0.0355 0.846 
485 4 0.0673 0.027 0.0257 0.0361 0.844 
486 4 0.0679 0.0275 0.0262 0.0367 0.842 
487 4 0.0686 0.028 0.0266 0.0373 0.839 
488 4 0.0692 0.0285 0.0271 0.0379 0.837 
489 4 0.0699 0.029 0.0276 0.0387 0.835 
490 4 0.0706 0.0296 0.0281 0.0393 0.832 
491 4 0.0713 0.0302 0.0287 0.0401 0.83 
492 4 0.0721 0.0308 0.0293 0.0409 0.827 
493 4 0.0728 0.0314 0.0299 0.0417 0.824 
494 4 0.0737 0.0321 0.0306 0.0427 0.821 
495 4 0.0746 0.0328 0.0312 0.0436 0.818 
496 4 0.0754 0.0335 0.0319 0.0445 0.815 
497 4 0.0762 0.0342 0.0326 0.0454 0.812 
498 4 0.077 0.0349 0.0333 0.0464 0.808 
499 4 0.0779 0.0357 0.034 0.0473 0.805 
500 4 0.0787 0.0364 0.0347 0.0483 0.802 
501 4 0.0796 0.0371 0.0354 0.0493 0.799 
502 4 0.0805 0.038 0.0362 0.0504 0.795 
503 4 0.0814 0.0387 0.037 0.0515 0.791 
504 4 0.0822 0.0395 0.0378 0.0525 0.788 
505 4 0.0832 0.0404 0.0387 0.0537 0.784 
506 4 0.0841 0.0412 0.0395 0.0548 0.78 
507 4 0.0851 0.0422 0.0405 0.0562 0.776 
508 4 0.0861 0.0431 0.0414 0.0575 0.772 
509 4 0.0872 0.0441 0.0425 0.059 0.767 
510 4 0.0883 0.0451 0.0435 0.0604 0.763 
511 4 0.0893 0.046 0.0445 0.0618 0.758 
512 4 0.0904 0.0471 0.0457 0.0634 0.753 
513 4 0.0915 0.0481 0.0468 0.065 0.749 
514 4 0.0927 0.0493 0.0481 0.0668 0.743 
515 4 0.0938 0.0504 0.0493 0.0685 0.738 
516 4 0.095 0.0516 0.0507 0.0704 0.732 
517 4 0.0962 0.0528 0.0521 0.0724 0.727 
518 4 0.0974 0.0541 0.0536 0.0745 0.72 
519 4 0.0985 0.0552 0.055 0.0763 0.715 
520 4 0.0997 0.0565 0.0565 0.0785 0.709 
521 4 0.101 0.0577 0.058 0.0805 0.703 
522 4 0.102 0.0593 0.0598 0.0831 0.696 
523 4 0.103 0.0606 0.0615 0.0854 0.689 
524 4 0.105 0.0619 0.0632 0.0877 0.683 
525 4 0.106 0.0635 0.0653 0.0904 0.675 
526 4 0.107 0.0649 0.0672 0.093 0.668 
527 4 0.108 0.0663 0.0691 0.0954 0.661 
528 4 0.109 0.068 0.0715 0.0985 0.653 
529 4 0.111 0.0696 0.0737 0.101 0.645 
530 4 0.112 0.0712 0.0762 0.104 0.637 
531 4 0.113 0.0727 0.0786 0.107 0.629 
532 4 0.114 0.0745 0.0814 0.111 0.619 
533 4 0.115 0.0762 0.0844 0.114 0.61 
534 4 0.116 0.0778 0.0873 0.117 0.601 
535 4 0.118 0.0797 0.0907 0.121 0.591 
536 4 0.119 0.0815 0.0942 0.124 0.581 
537 4 0.12 0.0833 0.0979 0.128 0.571 
538 4 0.121 0.085 0.102 0.131 0.562 
539 4 0.122 0.087 0.106 0.135 0.551 
540 4 0.122 0.0889 0.11 0.139 0.54 
541 4 0.123 0.0908 0.115 0.143 0.528 
542 4 0.124 0.0927 0.12 0.147 0.517 
543 4 0.125 0.0945 0.125 0.151 0.505 
544 4 0.125 0.0964 0.13 0.155 0.494 
545 4 0.125 0.0983 0.136 0.158 0.482 
546 4 0.126 0.1 0.142 0.162 0.471 
547 4 0.126 0.102 0.148 0.166 0.458 
548 4 0.126 0.104 0.154 0.17 0.446 
549 4 0.126 0.106 0.162 0.174 0.432 
550 4 0.126 0.108 0.169 0.178 0.419 
551 4 0.125 0.11 0.178 0.182 0.406 
552 4 0.124 0.111 0.187 0.185 0.392 
553 4 0.124 0.112 0.198 0.188 0.378 
554 4 0.122 0.113 0.211 0.191 0.363 
555 4 0.121 0.114 0.226 0.192 0.347 
556 4 0.119 0.114 0.244 0.193 0.33 
557 4 0.117 0.114 0.264 0.194 0.311 
558 4 0.114 0.114 0.286 0.194 0.292 
559 2 0.11 0.112 0.311 0.192 0.275 
560 2 0.107 0.11 0.338 0.188 0.257 
561 2 0.103 0.108 0.366 0.183 0.24 
562 2 0.0986 0.104 0.398 0.176 0.224 
563 2 0.094 0.1 0.43 0.167 0.208 
564 2 0.0891 0.0956 0.464 0.158 0.192 
565 2 0.0841 0.0909 0.499 0.149 0.177 
566 2 0.079 0.086 0.533 0.14 0.162 
567 2 0.0739 0.081 0.566 0.13 0.149 
568 2 0.069 0.076 0.598 0.121 0.136 
569 2 0.0643 0.0712 0.628 0.112 0.124 
570 2 0.0598 0.0667 0.656 0.103 0.114 
571 2 0.0557 0.0623 0.682 0.0957 0.104 
572 2 0.0518 0.0582 0.706 0.0885 0.0955 
573 2 0.0483 0.0545 0.727 0.082 0.0878 
574 2 0.0451 0.051 0.747 0.0761 0.0808 
575 2 0.0421 0.0479 0.765 0.0707 0.0746 
576 2 0.0394 0.0449 0.781 0.0659 0.0691 
577 2 0.037 0.0423 0.795 0.0615 0.0641 
578 2 0.0348 0.0399 0.808 0.0576 0.0597 
579 2 0.0327 0.0377 0.82 0.054 0.0557 
580 2 0.0309 0.0357 0.831 0.0507 0.0521 
581 2 0.0292 0.0338 0.84 0.0477 0.0489 
582 2 0.0277 0.0321 0.849 0.045 0.046 
583 2 0.0262 0.0305 0.858 0.0424 0.0433 
584 2 0.0248 0.0288 0.866 0.0399 0.0407 
585 2 0.0235 0.0273 0.873 0.0376 0.0384 
586 2 0.0223 0.0259 0.88 0.0353 0.0362 
587 2 0.0212 0.0245 0.887 0.0332 0.0342 
588 2 0.0202 0.0233 0.893 0.0313 0.0324 
589 2 0.0192 0.0221 0.898 0.0296 0.0307 
590 2 0.0183 0.0211 0.903 0.0281 0.0292 
591 2 0.0176 0.0201 0.908 0.0266 0.0278 
592 2 0.0168 0.0192 0.912 0.0254 0.0266 
593 2 0.0161 0.0184 0.916 0.0242 0.0254 
594 2 0.0155 0.0177 0.919 0.0231 0.0243 
595 2 0.0149 0.017 0.923 0.0221 0.0233 
596 2 0.0144 0.0163 0.926 0.0211 0.0224 
597 2 0.0139 0.0157 0.929 0.0203 0.0215 
598 2 0.0134 0.0152 0.931 0.0195 0.0207 
599 2 0.0129 0.0146 0.934 0.0187 0.02 
600 2 0.0125 0.0142 0.936 0.018 0.0192 
601 2 0.0121 0.0137 0.938 0.0174 0.0186 
602 2 0.0117 0.0133 0.94 0.0168 0.018 
603 2 0.0114 0.0128 0.942 0.0162 0.0174 
604 2 0.0111 0.0125 0.944 0.0157 0.0168 
605 2 0.0107 0.0121 0.946 0.0152 0.0163 
606 2 0.0104 0.0117 0.947 0.0147 0.0158 
607 2 0.0102 0.0114 0.949 0.0143 0.0154 
608 2 0.00994 0.0112 0.95 0.0139 0.015 
609 2 0.00973 0.0109 0.951 0.0136 0.0147 
610 2 0.00954 0.0107 0.952 0.0132 0.0144 
611 2 0.00936 0.0105 0.953 0.013 0.0141 
612 2 0.00918 0.0103 0.954 0.0127 0.0138 
613 2 0.00901 0.0101 0.955 0.0124 0.0135 
614 2 0.00885 0.00987 0.956 0.0121 0.0133 
615 2 0.00869 0.00968 0.957 0.0119 0.013 
616 2 0.00854 0.00951 0.958 0.0116 0.0128 
617 2 0.0084 0.00935 0.958 0.0114 0.0125 
618 2 0.00827 0.00919 0.959 0.0112 0.0123 
619 2 0.00814 0.00905 0.96 0.011 0.0121 
620 2 0.00802 0.0089 0.96 0.0108 0.0119 
621 2 0.00791 0.00877 0.961 0.0106 0.0118 
622 2 0.00779 0.00864 0.962 0.0105 0.0116 
623 2 0.00768 0.00851 0.962 0.0103 0.0114 
624 2 0.00758 0.00839 0.963 0.0101 0.0112 
625 2 0.00748 0.00827 0.963 0.00996 0.0111 
626 2 0.00738 0.00816 0.964 0.00981 0.0109 
627 2 0.00729 0.00805 0.964 0.00967 0.0108 
628 2 0.00719 0.00795 0.965 0.00952 0.0106 
629 2 0.0071 0.00784 0.965 0.00938 0.0105 
630 2 0.00702 0.00774 0.966 0.00925 0.0104 
631 2 0.00693 0.00765 0.966 0.00912 0.0102 
632 2 0.00685 0.00755 0.967 0.009 0.0101 
633 2 0.00677 0.00746 0.967 0.00887 0.00997 
634 2 0.0067 0.00737 0.967 0.00875 0.00985 
635 2 0.00662 0.00728 0.968 0.00864 0.00973 
636 2 0.00655 0.0072 0.968 0.00853 0.00961 
637 2 0.00647 0.00712 0.968 0.00842 0.0095 
638 2 0.0064 0.00704 0.969 0.00831 0.00939 
639 2 0.00634 0.00696 0.969 0.00821 0.00928 
640 2 0.00627 0.00689 0.97 0.00811 0.00918 
641 2 0.00621 0.00681 0.97 0.00801 0.00908 
642 2 0.00615 0.00674 0.97 0.00792 0.00899 
643 2 0.00609 0.00668 0.971 0.00783 0.0089 
644 2 0.00603 0.00661 0.971 0.00775 0.00881 
645 2 0.00597 0.00654 0.971 0.00766 0.00872 
646 2 0.00592 0.00648 0.971 0.00758 0.00863 
647 2 0.00586 0.00642 0.972 0.0075 0.00855 
648 2 0.00581 0.00636 0.972 0.00742 0.00847 
649 2 0.00576 0.0063 0.972 0.00734 0.00839 
650 2 0.00571 0.00624 0.972 0.00726 0.00831 
651 2 0.00566 0.00619 0.973 0.00719 0.00823 
652 2 0.00561 0.00613 0.973 0.00711 0.00816 
653 2 0.00556 0.00608 0.973 0.00704 0.00808 
654 2 0.00552 0.00602 0.973 0.00697 0.00801 
655 2 0.00547 0.00597 0.974 0.00691 0.00794 
656 2 0.00543 0.00592 0.974 0.00684 0.00787 
657 2 0.00538 0.00587 0.974 0.00677 0.0078 
658 2 0.00534 0.00582 0.974 0.00671 0.00774 
659 2 0.0053 0.00577 0.975 0.00665 0.00767 
660 2 0.00526 0.00573 0.975 0.00659 0.00761 
661 2 0.00521 0.00568 0.975 0.00653 0.00755 
662 2 0.00517 0.00564 0.975 0.00647 0.00748 
663 2 0.00513 0.00559 0.975 0.00641 0.00742 
664 2 0.0051 0.00555 0.976 0.00636 0.00736 
665 2 0.00506 0.00551 0.976 0.0063 0.0073 
666 2 0.00502 0.00546 0.976 0.00625 0.00725 
667 2 0.00498 0.00542 0.976 0.00619 0.00719 
668 2 0.00495 0.00538 0.976 0.00614 0.00713 
669 2 0.00491 0.00534 0.977 0.00609 0.00708 
670 2 0.00488 0.0053 0.977 0.00604 0.00703 
671 2 0.00484 0.00527 0.977 0.00599 0.00697 
672 2 0.00481 0.00523 0.977 0.00594 0.00692 
673 2 0.00477 0.00519 0.977 0.00589 0.00687 
674 2 0.00474 0.00516 0.977 0.00585 0.00682 
675 2 0.00471 0.00512 0.978 0.0058 0.00677 
676 2 0.00468 0.00509 0.978 0.00576 0.00672 
677 2 0.00465 0.00505 0.978 0.00571 0.00667 
678 2 0.00462 0.00502 0.978 0.00567 0.00663 
679 2 0.00459 0.00498 0.978 0.00563 0.00658 
680 2 0.00456 0.00495 0.978 0.00559 0.00654 
681 2 0.00453 0.00492 0.979 0.00554 0.00649 
682 2 0.0045 0.00489 0.979 0.0055 0.00645 
683 2 0.00447 0.00486 0.979 0.00546 0.0064 
684 2 0.00444 0.00483 0.979 0.00543 0.00636 
685 2 0.00441 0.0048 0.979 0.00539 0.00632 
686 2 0.00439 0.00477 0.979 0.00535 0.00628 
687 2 0.00436 0.00474 0.979 0.00531 0.00624 
688 2 0.00433 0.00471 0.979 0.00528 0.0062 
689 2 0.00431 0.00468 0.98 0.00524 0.00616 
690 2 0.00428 0.00466 0.98 0.0052 0.00612 
691 2 0.00426 0.00463 0.98 0.00517 0.00608 
692 2 0.00423 0.0046 0.98 0.00514 0.00604 
693 2 0.00421 0.00458 0.98 0.0051 0.00601 
694 2 0.00418 0.00455 0.98 0.00507 0.00597 
695 2 0.00416 0.00452 0.98 0.00504 0.00593 
696 2 0.00414 0.0045 0.98 0.005 0.0059 
697 2 0.00411 0.00447 0.981 0.00497 0.00586 
698 2 0.00409 0.00445 0.981 0.00494 0.00583 
699 2 0.00407 0.00443 0.981 0.00491 0.00579 
700 2 0.00405 0.0044 0.981 0.00488 0.00576 
701 2 0.00402 0.00438 0.981 0.00485 0.00573 
702 2 0.004 0.00436 0.981 0.00482 0.00569 
703 2 0.00398 0.00433 0.981 0.00479 0.00566 
704 2 0.00396 0.00431 0.981 0.00477 0.00563 
705 2 0.00394 0.00429 0.981 0.00474 0.0056 
706 2 0.00392 0.00427 0.982 0.00471 0.00557 
707 2 0.0039 0.00425 0.982 0.00469 0.00554 
708 2 0.00388 0.00423 0.982 0.00466 0.00551 
709 2 0.00386 0.00421 0.982 0.00464 0.00548 
710 2 0.00385 0.0042 0.982 0.00462 0.00546 
711 2 0.00383 0.00418 0.982 0.0046 0.00543 
712 2 0.00381 0.00417 0.982 0.00457 0.00541 
713 2 0.0038 0.00415 0.982 0.00455 0.00538 
714 2 0.00378 0.00414 0.982 0.00453 0.00535 
715 2 0.00376 0.00412 0.982 0.00451 0.00533 
716 2 0.00375 0.00411 0.982 0.00449 0.0053 
717 2 0.00373 0.00409 0.982 0.00447 0.00528 
718 2 0.00372 0.00408 0.983 0.00445 0.00526 
719 2 0.0037 0.00406 0.983 0.00443 0.00523 
720 2 0.00368 0.00405 0.983 0.00441 0.00521 
721 2 0.00367 0.00403 0.983 0.00439 0.00518 
722 2 0.00365 0.00402 0.983 0.00437 0.00516 
723 2 0.00364 0.004 0.983 0.00435 0.00514 
724 2 0.00362 0.00399 0.983 0.00433 0.00512 
725 2 0.00361 0.00398 0.983 0.00431 0.00509 
726 2 0.00359 0.00396 0.983 0.00429 0.00507 
727 2 0.00358 0.00395 0.983 0.00427 0.00505 
728 2 0.00357 0.00393 0.983 0.00426 0.00503 
729 2 0.00355 0.00392 0.983 0.00424 0.005 
730 2 0.00354 0.00391 0.983 0.00422 0.00498 
731 2 0.00352 0.00389 0.983 0.0042 0.00496 
732 2 0.00351 0.00388 0.983 0.00418 0.00494 
733 2 0.00349 0.00387 0.984 0.00417 0.00492 
734 2 0.00348 0.00386 0.984 0.00415 0.0049 
735 2 0.00347 0.00384 0.984 0.00413 0.00488 
736 2 0.00346 0.00384 0.984 0.00412 0.00487 
737 2 0.00346 0.00384 0.984 0.00412 0.00486 
738 2 0.00346 0.00384 0.984 0.00412 0.00486 
739 2 0.00346 0.00384 0.984 0.00411 0.00486 
740 2 0.00345 0.00384 0.984 0.00411 0.00486 
741 2 0.00345 0.00385 0.984 0.00411 0.00486 
742 2 0.00345 0.00385 0.984 0.00411 0.00486 
743 2 0.00346 0.00385 0.984 0.00411 0.00486 
744 2 0.00346 0.00386 0.984 0.00411 0.00486 
745 2 0.00346 0.00386 0.984 0.00411 0.00486 
746 2 0.00346 0.00387 0.984 0.00411 0.00486 
747 2 0.00346 0.00387 0.984 0.00411 0.00486 
748 2 0.00346 0.00388 0.984 0.00411 0.00487 
749 2 0.00346 0.00388 0.984 0.00411 0.00487 
750 2 0.00346 0.00389 0.984 0.00412 0.00487 
751 2 0.00347 0.00389 0.984 0.00412 0.00487 
752 2 0.00347 0.0039 0.984 0.00412 0.00488 
753 2 0.00347 0.0039 0.984 0.00412 0.00488 
754 2 0.00348 0.00392 0.984 0.00414 0.00489 
755 2 0.00348 0.00393 0.984 0.00414 0.00489 
756 2 0.00348 0.00393 0.984 0.00414 0.0049 
757 2 0.00349 0.00395 0.983 0.00415 0.00491 
758 2 0.00349 0.00396 0.983 0.00415 0.00491 
759 2 0.0035 0.00398 0.983 0.00417 0.00492 
760 2 0.0035 0.00398 0.983 0.00417 0.00492 
761 2 0.0035 0.00398 0.983 0.00417 0.00493 
762 2 0.00351 0.004 0.983 0.00418 0.00494 
763 2 0.00351 0.004 0.983 0.00418 0.00494 
764 2 0.00351 0.004 0.983 0.00417 0.00494 
765 2 0.00352 0.00402 0.983 0.00419 0.00495 
766 2 0.00352 0.00402 0.983 0.00418 0.00494 
767 2 0.00352 0.00403 0.983 0.00419 0.00495 
768 2 0.00352 0.00403 0.983 0.00419 0.00495 
769 2 0.00353 0.00405 0.983 0.0042 0.00496 
770 2 0.00352 0.00404 0.983 0.00419 0.00495 
771 2 0.00353 0.00405 0.983 0.0042 0.00496 
772 2 0.00352 0.00405 0.983 0.00419 0.00495 
773 2 0.00352 0.00404 0.983 0.00418 0.00495 
774 2 0.00352 0.00405 0.983 0.00419 0.00495 
775 2 0.00351 0.00405 0.983 0.00418 0.00494 
776 2 0.00352 0.00406 0.983 0.00418 0.00495 
777 2 0.00351 0.00405 0.983 0.00417 0.00494 
778 2 0.00352 0.00406 0.983 0.00418 0.00494 
779 2 0.00352 0.00407 0.983 0.00418 0.00495 
780 2 0.00351 0.00406 0.983 0.00417 0.00493 
781 2 0.00352 0.00407 0.983 0.00418 0.00494 
782 2 0.00352 0.00407 0.983 0.00418 0.00494 
783 2 0.00352 0.00408 0.983 0.00418 0.00494 
784 2 0.00352 0.00408 0.983 0.00418 0.00494 
785 2 0.00352 0.00409 0.983 0.00418 0.00494 
786 2 0.00352 0.00409 0.983 0.00418 0.00495 
787 2 0.00352 0.0041 0.983 0.00418 0.00495 
788 2 0.00352 0.0041 0.983 0.00418 0.00495 
789 2 0.00352 0.00411 0.983 0.00418 0.00495 
790 2 0.00352 0.00411 0.983 0.00418 0.00495 
791 2 0.00353 0.00412 0.983 0.00418 0.00495 
792 2 0.00353 0.00412 0.983 0.00419 0.00495 
793 2 0.00353 0.00413 0.983 0.00419 0.00495 
794 2 0.00353 0.00413 0.983 0.00419 0.00496 
795 2 0.00353 0.00414 0.983 0.00419 0.00496 
796 2 0.00353 0.00414 0.983 0.00419 0.00496 
797 2 0.00353 0.00415 0.983 0.00419 0.00496 
798 2 0.00353 0.00415 0.983 0.00419 0.00496 
799 2 0.00353 0.00416 0.983 0.00419 0.00497 
800 2 0.00354 0.00416 0.983 0.00419 0.00497 
801 2 0.00354 0.00417 0.983 0.00419 0.00497 
802 2 0.00354 0.00417 0.983 0.00419 0.00497 
803 2 0.00354 0.00418 0.983 0.00419 0.00497 
804 2 0.00354 0.00418 0.983 0.00419 0.00497 
805 2 0.00354 0.00419 0.983 0.00419 0.00498 
806 2 0.00354 0.00419 0.983 0.00419 0.00498 
807 2 0.00354 0.00419 0.983 0.00419 0.00498 
808 2 0.00355 0.0042 0.983 0.00419 0.00498 
809 2 0.00355 0.0042 0.983 0.00419 0.00499 
810 2 0.00355 0.00421 0.983 0.0042 0.00499 
811 2 0.00355 0.00422 0.983 0.0042 0.00499 
812 2 0.00356 0.00423 0.983 0.0042 0.005 
813 2 0.00356 0.00423 0.983 0.00421 0.005 
814 2 0.00356 0.00424 0.983 0.00421 0.00501 
815 2 0.00357 0.00425 0.983 0.00422 0.00501 
816 2 0.00357 0.00426 0.983 0.00422 0.00502 
817 2 0.00358 0.00427 0.983 0.00423 0.00503 
818 2 0.00358 0.00428 0.983 0.00423 0.00503 
819 2 0.00359 0.00429 0.983 0.00424 0.00504 
820 2 0.00359 0.00431 0.983 0.00425 0.00504 
821 2 0.00359 0.00432 0.983 0.00425 0.00505 
822 2 0.0036 0.00433 0.983 0.00426 0.00506 
823 2 0.00361 0.00435 0.983 0.00427 0.00507 
824 2 0.00361 0.00436 0.983 0.00428 0.00507 
825 2 0.00362 0.00437 0.983 0.00429 0.00508 
826 2 0.00362 0.00439 0.983 0.0043 0.00509 
827 2 0.00363 0.0044 0.983 0.00431 0.0051 
828 2 0.00363 0.00442 0.983 0.00432 0.0051 
829 2 0.00364 0.00443 0.982 0.00433 0.00511 
830 2 0.00365 0.00445 0.982 0.00434 0.00512 
831 2 0.00365 0.00446 0.982 0.00435 0.00513 
832 2 0.00366 0.00448 0.982 0.00436 0.00514 
833 2 0.00367 0.0045 0.982 0.00438 0.00514 
834 2 0.00367 0.00451 0.982 0.00439 0.00515 
835 2 0.00368 0.00453 0.982 0.0044 0.00516 
836 2 0.00369 0.00455 0.982 0.00441 0.00517 
837 2 0.00369 0.00456 0.982 0.00442 0.00518 
838 2 0.0037 0.00458 0.982 0.00443 0.00519 
839 2 0.00371 0.00459 0.982 0.00444 0.0052 
840 2 0.00371 0.00461 0.982 0.00446 0.0052 
841 2 0.00372 0.00463 0.982 0.00447 0.00521 
842 2 0.00372 0.00464 0.982 0.00448 0.00522 
843 2 0.00373 0.00466 0.982 0.00449 0.00523 
844 2 0.00374 0.00467 0.982 0.0045 0.00524 
845 2 0.00374 0.00469 0.982 0.00451 0.00525 
846 2 0.00375 0.0047 0.982 0.00452 0.00526 
847 2 0.00376 0.00472 0.982 0.00453 0.00526 
848 2 0.00376 0.00473 0.982 0.00454 0.00527 
849 2 0.00377 0.00475 0.982 0.00455 0.00528 
850 2 0.00377 0.00476 0.982 0.00456 0.00529 
851 2 0.00378 0.00478 0.982 0.00457 0.0053 
852 2 0.00379 0.00479 0.982 0.00458 0.00531 
853 2 0.00379 0.00481 0.981 0.00459 0.00531 
854 2 0.0038 0.00482 0.981 0.0046 0.00532 
855 2 0.00381 0.00483 0.981 0.00462 0.00533 
856 2 0.00381 0.00485 0.981 0.00463 0.00534 
857 2 0.00382 0.00486 0.981 0.00464 0.00535 
858 2 0.00383 0.00488 0.981 0.00465 0.00536 
859 2 0.00383 0.00489 0.981 0.00466 0.00537 
860 2 0.00384 0.00491 0.981 0.00467 0.00538 
861 2 0.00385 0.00492 0.981 0.00468 0.00539 
862 2 0.00385 0.00493 0.981 0.00469 0.0054 
863 2 0.00386 0.00495 0.981 0.0047 0.00541 
864 2 0.00387 0.00496 0.981 0.00471 0.00542 
865 2 0.00388 0.00498 0.981 0.00472 0.00543 
866 2 0.00388 0.00499 0.981 0.00473 0.00544 
867 2 0.00389 0.00501 0.981 0.00475 0.00545 
868 2 0.0039 0.00502 0.981 0.00476 0.00546 
869 2 0.00391 0.00503 0.981 0.00477 0.00547 
870 2 0.00392 0.00505 0.981 0.00478 0.00549 
871 2 0.00392 0.00506 0.981 0.00479 0.0055 
872 2 0.00393 0.00507 0.981 0.0048 0.00551 
873 2 0.00394 0.00509 0.981 0.00481 0.00552 
874 2 0.00395 0.0051 0.981 0.00482 0.00553 
875 2 0.00396 0.00511 0.981 0.00483 0.00555 
876 2 0.00397 0.00513 0.981 0.00484 0.00556 
877 2 0.00398 0.00514 0.98 0.00486 0.00557 
878 2 0.00398 0.00515 0.98 0.00487 0.00559 
879 2 0.004 0.00517 0.98 0.00488 0.0056 
880 2 0.00401 0.00518 0.98 0.00489 0.00562 
881 2 0.00402 0.0052 0.98 0.00491 0.00564 
882 2 0.00403 0.00521 0.98 0.00492 0.00565 
883 2 0.00404 0.00523 0.98 0.00494 0.00567 
884 2 0.00406 0.00525 0.98 0.00496 0.00569 
885 2 0.00407 0.00527 0.98 0.00497 0.00571 
886 2 0.00408 0.0053 0.98 0.00499 0.00573 
887 2 0.0041 0.00532 0.98 0.00501 0.00576 
888 2 0.00411 0.00534 0.98 0.00503 0.00578 
889 2 0.00413 0.00537 0.98 0.00505 0.0058 
890 2 0.00414 0.00539 0.98 0.00507 0.00582 
891 2 0.00416 0.00542 0.979 0.00509 0.00585 
892 2 0.00418 0.00545 0.979 0.00511 0.00587 
893 2 0.00419 0.00547 0.979 0.00513 0.00589 
894 2 0.00421 0.0055 0.979 0.00515 0.00592 
895 2 0.00422 0.00553 0.979 0.00518 0.00594 
896 2 0.00424 0.00556 0.979 0.0052 0.00596 
897 2 0.00425 0.00558 0.979 0.00521 0.00598 
898 2 0.00427 0.00561 0.979 0.00523 0.006 
899 2 0.00428 0.00563 0.979 0.00525 0.00602 
900 2 0.00429 0.00566 0.979 0.00526 0.00603 
901 2 0.0043 0.00568 0.979 0.00528 0.00605 
902 2 0.00431 0.0057 0.979 0.00529 0.00606 
903 2 0.00432 0.00573 0.979 0.00531 0.00608 
904 2 0.00433 0.00575 0.978 0.00533 0.00609 
905 2 0.00434 0.00577 0.978 0.00534 0.00611 
906 2 0.00436 0.0058 0.978 0.00536 0.00612 
907 2 0.00437 0.00582 0.978 0.00537 0.00614 
908 2 0.00438 0.00585 0.978 0.00539 0.00616 
909 2 0.00439 0.00588 0.978 0.00541 0.00617 
910 2 0.0044 0.00591 0.978 0.00542 0.00619 
911 2 0.00441 0.00594 0.978 0.00544 0.00621 
912 2 0.00442 0.00596 0.978 0.00545 0.00622 
913 2 0.00444 0.006 0.978 0.00547 0.00623 
914 2 0.00445 0.00603 0.978 0.00548 0.00625 
915 2 0.00446 0.00607 0.978 0.0055 0.00626 
916 2 0.00447 0.00611 0.978 0.00551 0.00628 
917 2 0.00448 0.00614 0.978 0.00553 0.00629 
918 2 0.00449 0.00618 0.977 0.00554 0.00631 
919 2 0.0045 0.00623 0.977 0.00556 0.00632 
920 2 0.00451 0.00627 0.977 0.00557 0.00634 
921 2 0.00452 0.00631 0.977 0.00558 0.00635 
922 2 0.00454 0.00635 0.977 0.0056 0.00637 
923 2 0.00455 0.0064 0.977 0.00561 0.00638 
924 2 0.00456 0.00645 0.977 0.00562 0.0064 
925 2 0.00457 0.0065 0.977 0.00563 0.0064 
926 2 0.00458 0.00655 0.977 0.00564 0.00642 
927 2 0.00459 0.0066 0.977 0.00566 0.00643 
928 2 0.0046 0.00666 0.977 0.00567 0.00644 
929 2 0.00461 0.00671 0.977 0.00568 0.00645 
930 2 0.00461 0.00676 0.976 0.00569 0.00646 
931 2 0.00461 0.00679 0.976 0.00568 0.00646 
932 2 0.0046 0.0068 0.976 0.00567 0.00644 
933 2 0.00459 0.0068 0.977 0.00566 0.00643 
934 2 0.00458 0.0068 0.977 0.00564 0.0064 
935 2 0.00457 0.00679 0.977 0.00561 0.00638 
936 2 0.00455 0.00679 0.977 0.00559 0.00636 
937 2 0.00454 0.00678 0.977 0.00558 0.00634 
938 2 0.00453 0.00677 0.977 0.00556 0.00632 
939 2 0.00451 0.00677 0.977 0.00554 0.0063 
940 2 0.0045 0.00676 0.977 0.00552 0.00628 
941 2 0.00449 0.00676 0.977 0.0055 0.00626 
942 2 0.00447 0.00674 0.977 0.00549 0.00624 
943 2 0.00446 0.00673 0.977 0.00546 0.00621 
944 2 0.00444 0.0067 0.977 0.00544 0.00619 
945 2 0.00442 0.00668 0.977 0.00541 0.00616 
946 2 0.0044 0.00665 0.977 0.00538 0.00613 
947 2 0.00438 0.00662 0.978 0.00536 0.0061 
948 2 0.00436 0.0066 0.978 0.00533 0.00608 
949 2 0.00435 0.00658 0.978 0.00531 0.00605 
950 2 0.00434 0.00655 0.978 0.00529 0.00603 
951 2 0.00432 0.00653 0.978 0.00528 0.00602 
952 2 0.00431 0.00652 0.978 0.00526 0.006 
953 2 0.0043 0.0065 0.978 0.00525 0.00599 
954 2 0.0043 0.00648 0.978 0.00523 0.00598 
955 2 0.00429 0.00647 0.978 0.00522 0.00596 
956 2 0.00428 0.00645 0.978 0.00521 0.00596 
957 2 0.00428 0.00644 0.978 0.00521 0.00595 
958 2 0.00428 0.00643 0.978 0.0052 0.00595 
959 2 0.00428 0.00643 0.978 0.0052 0.00595 
960 2 0.00428 0.00643 0.978 0.0052 0.00595 
961 2 0.00428 0.00643 0.978 0.00521 0.00595 
962 2 0.00428 0.00643 0.978 0.00521 0.00596 
963 2 0.00429 0.00644 0.978 0.00522 0.00596 
964 2 0.00429 0.00645 0.978 0.00523 0.00597 
965 2 0.0043 0.00646 0.978 0.00524 0.00598 
966 2 0.00431 0.00648 0.978 0.00526 0.006 
967 2 0.00432 0.0065 0.978 0.00527 0.00601 
968 2 0.00433 0.00652 0.978 0.00529 0.00603 
969 2 0.00434 0.00655 0.978 0.00531 0.00605 
970 2 0.00436 0.00658 0.978 0.00534 0.00607 
971 2 0.00438 0.00661 0.978 0.00537 0.00609 
