0 0 0.2 0.2 0.2 0.2 0.2 
1 1 0.202 0.205 0.201 0.197 0.194 
2 1 0.203 0.206 0.201 0.196 0.194 
3 1 0.203 0.206 0.201 0.196 0.194 
4 1 0.204 0.206 0.201 0.195 0.194 
5 1 0.204 0.206 0.201 0.195 0.194 
6 1 0.204 0.206 0.201 0.195 0.193 
7 1 0.204 0.206 0.201 0.195 0.193 
8 1 0.205 0.206 0.201 0.195 0.193 
9 1 0.205 0.206 0.201 0.195 0.193 
10 1 0.205 0.206 0.201 0.195 0.193 
11 1 0.206 0.206 0.201 0.195 0.193 
12 0 0.206 0.206 0.201 0.194 0.193 
13 0 0.206 0.206 0.201 0.194 0.193 
14 0 0.207 0.206 0.201 0.194 0.193 
15 0 0.207 0.206 0.201 0.194 0.192 
16 0 0.208 0.206 0.2 0.194 0.192 
17 0 0.209 0.205 0.2 0.194 0.192 
18 0 0.209 0.205 0.2 0.193 0.192 
19 0 0.21 0.205 0.2 0.193 0.192 
20 0 0.211 0.205 0.2 0.193 0.191 
21 0 0.212 0.205 0.199 0.192 0.191 
22 0 0.213 0.205 0.199 0.192 0.191 
23 0 0.215 0.204 0.199 0.192 0.19 
24 0 0.217 0.204 0.198 0.191 0.19 
25 0 0.219 0.203 0.198 0.19 0.189 
26 0 0.222 0.202 0.197 0.19 0.189 
27 0 0.225 0.202 0.196 0.189 0.188 
28 0 0.228 0.201 0.195 0.188 0.187 
29 0 0.231 0.2 0.195 0.187 0.186 
30 0 0.234 0.2 0.194 0.187 0.186 
31 0 0.237 0.199 0.193 0.186 0.185 
32 0 0.24 0.198 0.193 0.185 0.184 
33 0 0.242 0.198 0.192 0.185 0.184 
34 0 0.244 0.197 0.191 0.184 0.183 
35 0 0.247 0.197 0.191 0.183 0.183 
36 0 0.249 0.196 0.19 0.183 0.182 
37 0 0.251 0.196 0.19 0.182 0.182 
38 0 0.253 0.195 0.189 0.182 0.181 
39 0 0.255 0.195 0.189 0.181 0.181 
40 0 0.257 0.194 0.188 0.181 0.18 
41 0 0.259 0.194 0.188 0.18 0.18 
42 0 0.26 0.194 0.187 0.18 0.179 
43 0 0.262 0.193 0.187 0.179 0.179 
44 0 0.264 0.193 0.186 0.179 0.178 
45 0 0.266 0.193 0.186 0.178 0.178 
46 0 0.267 0.192 0.186 0.178 0.177 
47 0 0.269 0.192 0.185 0.177 0.177 
48 0 0.271 0.192 0.185 0.177 0.176 
49 0 0.272 0.191 0.184 0.176 0.176 
50 0 0.274 0.191 0.184 0.176 0.176 
51 0 0.275 0.191 0.183 0.175 0.175 
52 0 0.277 0.19 0.183 0.175 0.175 
53 0 0.278 0.19 0.183 0.175 0.174 
54 0 0.28 0.19 0.182 0.174 0.174 
55 0 0.281 0.19 0.182 0.174 0.174 
56 0 0.283 0.189 0.182 0.173 0.173 
57 0 0.284 0.189 0.181 0.173 0.173 
58 0 0.286 0.189 0.181 0.172 0.172 
59 0 0.287 0.189 0.18 0.172 0.172 
60 0 0.288 0.188 0.18 0.172 0.172 
61 0 0.29 0.188 0.18 0.171 0.171 
62 0 0.291 0.188 0.179 0.171 0.171 
63 0 0.293 0.188 0.179 0.17 0.17 
64 0 0.294 0.188 0.178 0.17 0.17 
65 0 0.295 0.187 0.178 0.169 0.17 
66 0 0.297 0.187 0.178 0.169 0.169 
67 0 0.298 0.187 0.177 0.169 0.169 
68 0 0.3 0.187 0.177 0.168 0.169 
69 0 0.301 0.187 0.177 0.168 0.168 
70 0 0.302 0.187 0.176 0.167 0.168 
71 0 0.304 0.186 0.176 0.167 0.167 
72 0 0.305 0.186 0.175 0.166 0.167 
73 0 0.307 0.186 0.175 0.166 0.166 
74 0 0.308 0.186 0.174 0.165 0.166 
75 0 0.309 0.186 0.174 0.165 0.166 
76 0 0.311 0.186 0.174 0.165 0.165 
77 0 0.312 0.186 0.173 0.164 0.165 
78 0 0.314 0.186 0.173 0.164 0.164 
79 0 0.315 0.186 0.172 0.163 0.164 
80 0 0.316 0.186 0.172 0.163 0.163 
81 0 0.318 0.186 0.171 0.162 0.163 
82 0 0.319 0.186 0.171 0.161 0.162 
83 0 0.321 0.186 0.17 0.161 0.162 
84 0 0.322 0.187 0.17 0.16 0.161 
85 0 0.324 0.187 0.169 0.16 0.161 
86 0 0.325 0.187 0.168 0.159 0.16 
87 0 0.327 0.188 0.168 0.158 0.159 
88 0 0.329 0.188 0.167 0.158 0.159 
89 0 0.33 0.189 0.166 0.157 0.158 
90 0 0.332 0.19 0.165 0.156 0.157 
91 0 0.333 0.192 0.164 0.155 0.156 
92 0 0.335 0.194 0.163 0.154 0.155 
93 0 0.336 0.196 0.162 0.152 0.154 
94 0 0.336 0.2 0.16 0.151 0.152 
95 0 0.336 0.206 0.158 0.149 0.151 
96 0 0.335 0.212 0.157 0.148 0.149 
97 0 0.333 0.219 0.155 0.146 0.147 
98 0 0.333 0.226 0.153 0.144 0.145 
99 0 0.333 0.233 0.15 0.142 0.143 
100 0 0.335 0.239 0.147 0.139 0.14 
101 0 0.338 0.245 0.144 0.136 0.137 
102 0 0.34 0.251 0.141 0.133 0.134 
103 0 0.343 0.257 0.138 0.13 0.132 
104 0 0.345 0.263 0.135 0.128 0.129 
105 0 0.347 0.27 0.132 0.125 0.126 
106 0 0.349 0.276 0.129 0.122 0.123 
107 0 0.35 0.283 0.126 0.12 0.121 
108 0 0.351 0.29 0.124 0.117 0.118 
109 0 0.351 0.298 0.121 0.115 0.116 
110 0 0.351 0.305 0.118 0.112 0.113 
111 0 0.351 0.313 0.116 0.11 0.111 
112 0 0.349 0.322 0.113 0.107 0.108 
113 0 0.346 0.332 0.111 0.105 0.106 
114 0 0.343 0.341 0.109 0.103 0.104 
115 1 0.341 0.35 0.106 0.101 0.102 
116 1 0.341 0.358 0.104 0.0982 0.0993 
117 1 0.342 0.365 0.101 0.0958 0.0968 
118 1 0.344 0.37 0.0984 0.0932 0.0944 
119 1 0.347 0.375 0.0958 0.0908 0.0919 
120 1 0.35 0.379 0.0933 0.0883 0.0895 
121 1 0.353 0.383 0.0908 0.086 0.0872 
122 1 0.355 0.387 0.0885 0.0837 0.085 
123 1 0.358 0.392 0.0862 0.0815 0.0829 
124 1 0.359 0.397 0.0841 0.0793 0.0808 
125 1 0.36 0.402 0.082 0.0773 0.0788 
126 1 0.361 0.407 0.08 0.0753 0.0769 
127 1 0.361 0.413 0.0781 0.0733 0.0751 
128 1 0.36 0.419 0.0762 0.0714 0.0733 
129 1 0.36 0.425 0.0744 0.0695 0.0716 
130 1 0.358 0.432 0.0727 0.0677 0.07 
131 1 0.356 0.438 0.071 0.0659 0.0684 
132 1 0.354 0.446 0.0693 0.0641 0.0668 
133 1 0.351 0.453 0.0677 0.0624 0.0653 
134 1 0.348 0.461 0.0662 0.0607 0.0638 
135 1 0.345 0.469 0.0647 0.0591 0.0623 
136 1 0.341 0.477 0.0632 0.0575 0.0609 
137 1 0.337 0.486 0.0617 0.0559 0.0596 
138 1 0.333 0.494 0.0603 0.0544 0.0582 
139 1 0.328 0.503 0.0589 0.0529 0.0569 
140 1 0.323 0.512 0.0576 0.0515 0.0556 
141 1 0.319 0.521 0.0563 0.0501 0.0543 
142 1 0.314 0.529 0.055 0.0487 0.0531 
143 1 0.309 0.538 0.0537 0.0474 0.0519 
144 1 0.304 0.547 0.0525 0.0461 0.0507 
145 1 0.299 0.555 0.0513 0.0448 0.0495 
146 1 0.295 0.563 0.0501 0.0436 0.0484 
147 1 0.29 0.571 0.0489 0.0425 0.0473 
148 1 0.286 0.578 0.0478 0.0413 0.0462 
149 1 0.282 0.585 0.0468 0.0403 0.0452 
150 1 0.279 0.592 0.0457 0.0392 0.0442 
151 1 0.275 0.598 0.0447 0.0382 0.0433 
152 1 0.272 0.605 0.0438 0.0373 0.0424 
153 1 0.269 0.61 0.0428 0.0363 0.0415 
154 1 0.266 0.616 0.0419 0.0354 0.0406 
155 1 0.262 0.622 0.0411 0.0346 0.0397 
156 1 0.259 0.628 0.0402 0.0337 0.0389 
157 1 0.256 0.634 0.0394 0.0329 0.0381 
158 1 0.252 0.64 0.0385 0.0321 0.0373 
159 1 0.248 0.646 0.0377 0.0314 0.0365 
160 1 0.244 0.652 0.037 0.0306 0.0358 
161 1 0.241 0.658 0.0362 0.0299 0.0351 
162 1 0.24 0.66 0.0357 0.0294 0.0346 
163 1 0.243 0.658 0.0355 0.0291 0.0344 
164 1 0.249 0.652 0.0354 0.029 0.0343 
165 1 0.257 0.644 0.0355 0.0289 0.0344 
166 1 0.266 0.635 0.0356 0.0288 0.0345 
167 1 0.276 0.625 0.0357 0.0288 0.0346 
168 1 0.286 0.615 0.0358 0.0288 0.0347 
169 1 0.297 0.604 0.0359 0.0287 0.0348 
170 1 0.308 0.593 0.036 0.0287 0.0349 
171 1 0.319 0.582 0.036 0.0286 0.0349 
172 1 0.329 0.572 0.036 0.0284 0.0349 
173 1 0.337 0.564 0.0359 0.0282 0.0348 
174 1 0.344 0.558 0.0357 0.028 0.0346 
175 1 0.351 0.551 0.0356 0.0277 0.0344 
176 1 0.359 0.544 0.0354 0.0275 0.0343 
177 1 0.368 0.535 0.0353 0.0273 0.0342 
178 1 0.377 0.526 0.0352 0.0271 0.0341 
179 1 0.388 0.517 0.035 0.0269 0.0339 
180 1 0.398 0.507 0.0349 0.0267 0.0338 
181 1 0.409 0.497 0.0348 0.0265 0.0337 
182 1 0.419 0.486 0.0346 0.0263 0.0335 
183 1 0.43 0.476 0.0344 0.026 0.0334 
184 1 0.441 0.466 0.0342 0.0258 0.0332 
185 1 0.451 0.456 0.034 0.0255 0.033 
186 0 0.461 0.447 0.0338 0.0253 0.0328 
187 0 0.47 0.439 0.0336 0.025 0.0325 
188 0 0.479 0.431 0.0333 0.0247 0.0323 
189 0 0.485 0.425 0.0331 0.0244 0.032 
190 0 0.489 0.422 0.0328 0.0242 0.0318 
191 0 0.49 0.422 0.0325 0.0239 0.0315 
192 0 0.484 0.428 0.0322 0.0236 0.0312 
193 0 0.472 0.441 0.0319 0.0233 0.0309 
194 1 0.455 0.459 0.0315 0.023 0.0306 
195 1 0.436 0.481 0.0311 0.0226 0.0301 
196 1 0.415 0.503 0.0306 0.0222 0.0296 
197 1 0.394 0.525 0.03 0.0217 0.0291 
198 1 0.373 0.548 0.0294 0.0212 0.0285 
199 1 0.352 0.57 0.0287 0.0207 0.0278 
200 1 0.333 0.592 0.028 0.0202 0.0272 
201 1 0.314 0.613 0.0273 0.0196 0.0265 
202 1 0.296 0.633 0.0266 0.0191 0.0257 
203 1 0.279 0.651 0.0258 0.0185 0.025 
204 1 0.264 0.669 0.0251 0.0179 0.0243 
205 1 0.249 0.686 0.0243 0.0174 0.0236 
206 1 0.235 0.702 0.0236 0.0168 0.0229 
207 1 0.222 0.716 0.0229 0.0163 0.0222 
208 1 0.211 0.73 0.0222 0.0158 0.0216 
209 1 0.2 0.742 0.0216 0.0153 0.0209 
210 1 0.19 0.754 0.0209 0.0149 0.0203 
211 1 0.18 0.765 0.0203 0.0144 0.0197 
212 1 0.172 0.776 0.0197 0.014 0.0191 
213 1 0.163 0.785 0.0192 0.0136 0.0186 
214 1 0.156 0.794 0.0186 0.0132 0.0181 
215 1 0.149 0.802 0.0181 0.0128 0.0176 
216 1 0.143 0.81 0.0176 0.0125 0.0171 
217 1 0.137 0.818 0.0172 0.0121 0.0167 
218 1 0.131 0.824 0.0167 0.0118 0.0162 
219 1 0.126 0.831 0.0163 0.0115 0.0158 
220 1 0.121 0.837 0.0159 0.0112 0.0154 
221 1 0.116 0.842 0.0155 0.0109 0.015 
222 1 0.112 0.848 0.0151 0.0106 0.0147 
223 1 0.108 0.853 0.0147 0.0104 0.0143 
224 1 0.104 0.857 0.0144 0.0101 0.014 
225 1 0.1 0.862 0.0141 0.00989 0.0137 
226 1 0.0971 0.866 0.0138 0.00966 0.0134 
227 1 0.0939 0.87 0.0135 0.00945 0.0131 
228 1 0.0909 0.874 0.0132 0.00924 0.0128 
229 1 0.0881 0.877 0.0129 0.00904 0.0125 
230 1 0.0854 0.881 0.0126 0.00885 0.0123 
231 1 0.0828 0.884 0.0124 0.00866 0.012 
232 1 0.0804 0.887 0.0121 0.00848 0.0118 
233 1 0.0781 0.89 0.0119 0.00831 0.0115 
234 1 0.0759 0.893 0.0117 0.00815 0.0113 
235 1 0.0737 0.896 0.0114 0.00799 0.0111 
236 1 0.0717 0.898 0.0112 0.00783 0.0109 
237 1 0.0697 0.901 0.011 0.00768 0.0107 
238 1 0.0678 0.903 0.0108 0.00753 0.0105 
239 1 0.0659 0.906 0.0106 0.00738 0.0103 
240 1 0.064 0.908 0.0104 0.00723 0.0101 
241 1 0.0621 0.911 0.0102 0.00708 0.00988 
242 1 0.0602 0.913 0.00995 0.00694 0.00968 
243 1 0.0586 0.915 0.00976 0.0068 0.00949 
244 1 0.057 0.917 0.00958 0.00667 0.00931 
245 1 0.0555 0.919 0.00941 0.00655 0.00915 
246 1 0.0541 0.921 0.00924 0.00644 0.00899 
247 1 0.0528 0.923 0.00908 0.00632 0.00883 
248 1 0.0515 0.925 0.00893 0.00622 0.00869 
249 1 0.0503 0.926 0.00878 0.00611 0.00854 
250 1 0.0493 0.928 0.00865 0.00602 0.00842 
251 1 0.0485 0.929 0.00855 0.00595 0.00832 
252 1 0.0479 0.93 0.00847 0.00589 0.00824 
253 1 0.0473 0.93 0.00839 0.00583 0.00816 
254 1 0.0469 0.931 0.00833 0.00578 0.0081 
255 1 0.0465 0.932 0.00827 0.00573 0.00804 
256 1 0.0461 0.932 0.00821 0.00569 0.00798 
257 1 0.0457 0.933 0.00816 0.00565 0.00793 
258 1 0.0454 0.933 0.00811 0.00561 0.00789 
259 1 0.0451 0.933 0.00806 0.00558 0.00784 
260 1 0.0448 0.934 0.00802 0.00554 0.0078 
261 1 0.0446 0.934 0.00798 0.00551 0.00776 
262 1 0.0444 0.935 0.00794 0.00548 0.00772 
263 1 0.0441 0.935 0.0079 0.00545 0.00768 
264 1 0.0439 0.935 0.00786 0.00542 0.00765 
265 1 0.0437 0.935 0.00783 0.00539 0.00762 
266 1 0.0436 0.936 0.0078 0.00537 0.00758 
267 1 0.0434 0.936 0.00776 0.00534 0.00755 
268 1 0.0432 0.936 0.00773 0.00532 0.00752 
269 1 0.0431 0.936 0.0077 0.00529 0.00749 
270 1 0.0429 0.937 0.00768 0.00527 0.00747 
271 1 0.0428 0.937 0.00765 0.00525 0.00744 
272 1 0.0427 0.937 0.00762 0.00522 0.00742 
273 1 0.0425 0.937 0.0076 0.0052 0.00739 
274 1 0.0424 0.937 0.00757 0.00518 0.00737 
275 1 0.0423 0.938 0.00755 0.00516 0.00735 
276 1 0.0422 0.938 0.00753 0.00514 0.00732 
277 1 0.0421 0.938 0.00751 0.00512 0.0073 
278 1 0.042 0.938 0.00748 0.00511 0.00728 
279 1 0.042 0.938 0.00746 0.00509 0.00726 
280 1 0.0419 0.938 0.00744 0.00507 0.00724 
281 1 0.0418 0.939 0.00742 0.00505 0.00722 
282 1 0.0417 0.939 0.0074 0.00504 0.0072 
283 1 0.0417 0.939 0.00739 0.00502 0.00719 
284 1 0.0416 0.939 0.00737 0.005 0.00717 
285 1 0.0415 0.939 0.00735 0.00499 0.00715 
286 1 0.0415 0.939 0.00733 0.00497 0.00713 
287 1 0.0414 0.939 0.00732 0.00496 0.00712 
288 1 0.0414 0.939 0.0073 0.00494 0.0071 
289 1 0.0413 0.939 0.00729 0.00493 0.00709 
290 1 0.0413 0.939 0.00727 0.00492 0.00707 
291 1 0.0413 0.94 0.00726 0.0049 0.00706 
292 1 0.0412 0.94 0.00724 0.00489 0.00704 
293 1 0.0412 0.94 0.00723 0.00488 0.00703 
294 1 0.0412 0.94 0.00721 0.00486 0.00702 
295 1 0.0411 0.94 0.0072 0.00485 0.007 
296 1 0.0411 0.94 0.00719 0.00484 0.00699 
297 1 0.0411 0.94 0.00717 0.00482 0.00698 
298 1 0.0411 0.94 0.00716 0.00481 0.00697 
299 1 0.041 0.94 0.00715 0.0048 0.00695 
300 1 0.041 0.94 0.00714 0.00479 0.00694 
301 1 0.041 0.94 0.00713 0.00478 0.00693 
302 1 0.041 0.94 0.00712 0.00477 0.00692 
303 1 0.041 0.94 0.0071 0.00476 0.00691 
304 1 0.041 0.94 0.00709 0.00474 0.0069 
305 1 0.041 0.94 0.00708 0.00473 0.00689 
306 1 0.041 0.94 0.00707 0.00472 0.00688 
307 1 0.041 0.94 0.00706 0.00471 0.00687 
308 1 0.041 0.94 0.00705 0.0047 0.00686 
309 1 0.041 0.94 0.00704 0.00469 0.00685 
310 1 0.041 0.94 0.00703 0.00468 0.00684 
311 1 0.041 0.94 0.00702 0.00467 0.00683 
312 1 0.041 0.941 0.00702 0.00466 0.00682 
313 1 0.041 0.941 0.00701 0.00465 0.00682 
314 1 0.041 0.941 0.007 0.00465 0.00681 
315 1 0.041 0.941 0.00699 0.00464 0.0068 
316 1 0.041 0.941 0.00698 0.00463 0.00679 
317 1 0.041 0.941 0.00697 0.00462 0.00678 
318 1 0.0411 0.941 0.00697 0.00461 0.00678 
319 1 0.0411 0.941 0.00696 0.0046 0.00677 
320 1 0.0411 0.941 0.00695 0.00459 0.00676 
321 1 0.0411 0.941 0.00694 0.00458 0.00675 
322 1 0.0411 0.941 0.00694 0.00458 0.00675 
323 1 0.0412 0.941 0.00693 0.00457 0.00674 
324 1 0.0412 0.941 0.00692 0.00456 0.00673 
325 1 0.0412 0.941 0.00692 0.00455 0.00673 
326 1 0.0412 0.941 0.00691 0.00455 0.00672 
327 1 0.0413 0.941 0.0069 0.00454 0.00671 
328 1 0.0413 0.941 0.0069 0.00453 0.00671 
329 1 0.0413 0.941 0.00689 0.00452 0.0067 
330 1 0.0414 0.941 0.00689 0.00452 0.0067 
331 1 0.0414 0.941 0.00688 0.00451 0.00669 
332 1 0.0414 0.941 0.00687 0.0045 0.00668 
333 1 0.0415 0.94 0.00687 0.00449 0.00668 
334 1 0.0415 0.94 0.00686 0.00449 0.00667 
335 1 0.0415 0.94 0.00686 0.00448 0.00667 
336 1 0.0416 0.94 0.00685 0.00447 0.00666 
337 1 0.0416 0.94 0.00685 0.00447 0.00666 
338 1 0.0417 0.94 0.00684 0.00446 0.00665 
339 1 0.0417 0.94 0.00684 0.00445 0.00665 
340 1 0.0417 0.94 0.00683 0.00445 0.00665 
341 1 0.0418 0.94 0.00683 0.00444 0.00664 
342 1 0.0418 0.94 0.00683 0.00444 0.00664 
343 1 0.0419 0.94 0.00682 0.00443 0.00663 
344 1 0.0419 0.94 0.00682 0.00442 0.00663 
345 1 0.042 0.94 0.00681 0.00442 0.00662 
346 1 0.042 0.94 0.00681 0.00441 0.00662 
347 1 0.0421 0.94 0.0068 0.00441 0.00662 
348 1 0.0421 0.94 0.0068 0.0044 0.00661 
349 1 0.0422 0.94 0.0068 0.00439 0.00661 
350 1 0.0422 0.94 0.00679 0.00439 0.00661 
351 1 0.0423 0.94 0.00679 0.00438 0.0066 
352 1 0.0424 0.94 0.00679 0.00438 0.0066 
353 1 0.0424 0.94 0.00678 0.00437 0.0066 
354 1 0.0425 0.94 0.00678 0.00437 0.00659 
355 1 0.0425 0.94 0.00678 0.00436 0.00659 
356 1 0.0426 0.94 0.00678 0.00436 0.00659 
357 1 0.0426 0.94 0.00677 0.00435 0.00658 
358 1 0.0427 0.94 0.00677 0.00435 0.00658 
359 1 0.0428 0.94 0.00677 0.00434 0.00658 
360 1 0.0428 0.939 0.00676 0.00434 0.00658 
361 1 0.0429 0.939 0.00676 0.00433 0.00657 
362 1 0.043 0.939 0.00676 0.00433 0.00657 
363 1 0.043 0.939 0.00676 0.00432 0.00657 
364 1 0.0431 0.939 0.00676 0.00432 0.00657 
365 1 0.0432 0.939 0.00675 0.00431 0.00656 
366 1 0.0432 0.939 0.00675 0.00431 0.00656 
367 1 0.0433 0.939 0.00675 0.0043 0.00656 
368 1 0.0434 0.939 0.00675 0.0043 0.00656 
369 1 0.0435 0.939 0.00675 0.0043 0.00656 
370 1 0.0435 0.939 0.00674 0.00429 0.00656 
371 1 0.0436 0.939 0.00674 0.00429 0.00655 
372 1 0.0437 0.939 0.00674 0.00428 0.00655 
373 1 0.0438 0.939 0.00674 0.00428 0.00655 
374 1 0.0438 0.939 0.00674 0.00428 0.00655 
375 1 0.0439 0.939 0.00674 0.00427 0.00655 
376 1 0.044 0.938 0.00674 0.00427 0.00655 
377 1 0.0441 0.938 0.00673 0.00426 0.00655 
378 1 0.0442 0.938 0.00673 0.00426 0.00654 
379 1 0.0442 0.938 0.00673 0.00426 0.00654 
380 1 0.0444 0.938 0.00676 0.00427 0.00657 
381 1 0.0447 0.938 0.00678 0.00428 0.00659 
382 1 0.0449 0.937 0.00681 0.00429 0.00662 
383 1 0.045 0.937 0.00683 0.0043 0.00664 
384 1 0.0452 0.937 0.00685 0.0043 0.00666 
385 1 0.0453 0.937 0.00687 0.00431 0.00668 
386 1 0.0455 0.937 0.00689 0.00432 0.00669 
387 1 0.0456 0.936 0.00691 0.00432 0.00671 
388 1 0.0457 0.936 0.00692 0.00433 0.00673 
389 1 0.0458 0.936 0.00694 0.00433 0.00674 
390 1 0.0459 0.936 0.00695 0.00433 0.00676 
391 1 0.046 0.936 0.00697 0.00434 0.00677 
392 1 0.0461 0.936 0.00698 0.00434 0.00678 
393 1 0.0462 0.936 0.007 0.00435 0.0068 
394 1 0.0463 0.935 0.00701 0.00435 0.00681 
395 1 0.0464 0.935 0.00703 0.00435 0.00683 
396 1 0.0465 0.935 0.00704 0.00436 0.00684 
397 1 0.0466 0.935 0.00706 0.00436 0.00686 
398 1 0.0468 0.935 0.00708 0.00437 0.00687 
399 1 0.0469 0.935 0.00709 0.00437 0.00689 
400 1 0.047 0.935 0.00711 0.00438 0.0069 
401 1 0.0471 0.934 0.00712 0.00438 0.00692 
402 1 0.0472 0.934 0.00714 0.00438 0.00693 
403 1 0.0473 0.934 0.00716 0.00439 0.00695 
404 1 0.0474 0.934 0.00717 0.00439 0.00697 
405 1 0.0476 0.934 0.00719 0.0044 0.00698 
406 1 0.0477 0.934 0.00721 0.0044 0.007 
407 1 0.0478 0.934 0.00723 0.00441 0.00701 
408 1 0.0479 0.933 0.00724 0.00441 0.00703 
409 1 0.0481 0.933 0.00726 0.00442 0.00705 
410 1 0.0482 0.933 0.00728 0.00442 0.00707 
411 1 0.0483 0.933 0.0073 0.00443 0.00708 
412 1 0.0485 0.933 0.00731 0.00443 0.0071 
413 1 0.0486 0.933 0.00733 0.00444 0.00712 
414 1 0.049 0.932 0.00742 0.00448 0.0072 
415 1 0.0492 0.932 0.00744 0.00448 0.00722 
416 1 0.0493 0.932 0.00745 0.00449 0.00723 
417 1 0.0497 0.931 0.00753 0.00453 0.00731 
418 1 0.0498 0.931 0.00755 0.00453 0.00732 
419 1 0.0501 0.93 0.00763 0.00456 0.0074 
420 1 0.0503 0.93 0.00764 0.00457 0.00741 
421 1 0.0506 0.93 0.00772 0.0046 0.00749 
422 1 0.0507 0.929 0.00773 0.0046 0.00749 
423 1 0.0508 0.929 0.00773 0.0046 0.0075 
424 1 0.0512 0.929 0.00781 0.00463 0.00758 
425 1 0.0513 0.929 0.00781 0.00463 0.00758 
426 1 0.0516 0.928 0.00789 0.00467 0.00765 
427 1 0.0517 0.928 0.00789 0.00466 0.00765 
428 1 0.0521 0.928 0.00796 0.00469 0.00772 
429 1 0.0521 0.927 0.00796 0.00469 0.00772 
430 1 0.0525 0.927 0.00803 0.00472 0.00779 
431 1 0.0526 0.927 0.00802 0.00471 0.00778 
432 1 0.0529 0.926 0.0081 0.00475 0.00785 
433 1 0.053 0.926 0.00808 0.00474 0.00784 
434 1 0.0534 0.926 0.00816 0.00477 0.00791 
435 1 0.0534 0.926 0.00815 0.00476 0.0079 
436 1 0.0539 0.925 0.00822 0.00479 0.00797 
437 1 0.0539 0.925 0.0082 0.00478 0.00795 
438 1 0.0544 0.925 0.00828 0.00482 0.00802 
439 1 0.0549 0.924 0.00835 0.00485 0.00809 
440 1 0.0553 0.923 0.00842 0.00488 0.00816 
441 1 0.0557 0.923 0.00848 0.00491 0.00822 
442 1 0.056 0.922 0.00854 0.00493 0.00827 
443 1 0.0563 0.922 0.00859 0.00495 0.00833 
444 1 0.0566 0.921 0.00865 0.00497 0.00838 
445 1 0.0569 0.921 0.0087 0.005 0.00843 
446 1 0.0572 0.921 0.00875 0.00502 0.00848 
447 1 0.0575 0.92 0.0088 0.00504 0.00853 
448 1 0.0578 0.92 0.00886 0.00506 0.00858 
449 1 0.0581 0.919 0.00891 0.00508 0.00863 
450 1 0.0584 0.919 0.00896 0.0051 0.00868 
451 1 0.0587 0.918 0.00901 0.00512 0.00873 
452 1 0.059 0.918 0.00906 0.00514 0.00877 
453 1 0.0593 0.918 0.00912 0.00516 0.00883 
454 1 0.0597 0.917 0.00917 0.00518 0.00888 
455 1 0.06 0.917 0.00922 0.0052 0.00893 
456 1 0.0604 0.916 0.00927 0.00522 0.00898 
457 1 0.0607 0.916 0.00933 0.00524 0.00903 
458 1 0.0611 0.915 0.00938 0.00526 0.00908 
459 1 0.0615 0.915 0.00944 0.00529 0.00914 
460 1 0.0618 0.914 0.0095 0.00531 0.00919 
461 1 0.0622 0.914 0.00956 0.00533 0.00925 
462 1 0.0627 0.913 0.00963 0.00536 0.00932 
463 1 0.0632 0.912 0.00971 0.00539 0.00939 
464 1 0.0637 0.912 0.00979 0.00543 0.00948 
465 1 0.0641 0.911 0.00987 0.00546 0.00954 
466 1 0.0646 0.91 0.00995 0.00549 0.00962 
467 1 0.065 0.91 0.01 0.00552 0.00969 
468 1 0.0654 0.909 0.0101 0.00555 0.00977 
469 1 0.0659 0.909 0.0102 0.00558 0.00984 
470 1 0.0663 0.908 0.0103 0.00561 0.00991 
471 1 0.0668 0.907 0.0103 0.00564 0.00999 
472 1 0.0673 0.907 0.0104 0.00567 0.0101 
473 1 0.0677 0.906 0.0105 0.0057 0.0101 
474 1 0.0682 0.905 0.0106 0.00574 0.0102 
475 1 0.0687 0.905 0.0107 0.00577 0.0103 
476 1 0.0692 0.904 0.0108 0.00581 0.0104 
477 1 0.0698 0.903 0.0109 0.00584 0.0105 
478 1 0.0703 0.902 0.0109 0.00587 0.0106 
479 1 0.0709 0.902 0.011 0.00591 0.0107 
480 1 0.0714 0.901 0.0111 0.00595 0.0108 
481 1 0.072 0.9 0.0112 0.00599 0.0109 
482 1 0.0726 0.899 0.0113 0.00603 0.0109 
483 1 0.0732 0.898 0.0114 0.00607 0.011 
484 1 0.0738 0.897 0.0115 0.00611 0.0111 
485 1 0.0744 0.897 0.0116 0.00614 0.0112 
486 1 0.0751 0.896 0.0117 0.00619 0.0113 
487 1 0.0757 0.895 0.0119 0.00623 0.0114 
488 1 0.0764 0.894 0.012 0.00627 0.0115 
489 1 0.0771 0.893 0.0121 0.00632 0.0117 
490 1 0.0778 0.892 0.0122 0.00636 0.0118 
491 1 0.0786 0.891 0.0123 0.00641 0.0119 
492 1 0.0793 0.89 0.0124 0.00645 0.012 
493 1 0.0801 0.889 0.0126 0.0065 0.0121 
494 1 0.0809 0.888 0.0127 0.00656 0.0123 
495 1 0.0818 0.886 0.0129 0.00661 0.0124 
496 1 0.0826 0.885 0.013 0.00666 0.0125 
497 1 0.0834 0.884 0.0131 0.00671 0.0127 
498 1 0.0842 0.883 0.0133 0.00676 0.0128 
499 1 0.0851 0.882 0.0134 0.00681 0.0129 
500 1 0.086 0.881 0.0135 0.00686 0.013 
501 1 0.0869 0.879 0.0137 0.00691 0.0132 
502 1 0.0878 0.878 0.0138 0.00697 0.0133 
503 1 0.0887 0.877 0.014 0.00702 0.0135 
504 1 0.0897 0.876 0.0141 0.00707 0.0136 
505 1 0.0906 0.874 0.0143 0.00713 0.0137 
506 1 0.0916 0.873 0.0144 0.00719 0.0139 
507 1 0.0927 0.871 0.0146 0.00725 0.014 
508 1 0.0937 0.87 0.0147 0.00731 0.0142 
509 1 0.0949 0.869 0.0149 0.00737 0.0143 
510 1 0.096 0.867 0.0151 0.00743 0.0145 
511 1 0.097 0.866 0.0152 0.00749 0.0147 
512 1 0.0982 0.864 0.0154 0.00756 0.0148 
513 1 0.0994 0.862 0.0156 0.00762 0.015 
514 1 0.101 0.861 0.0158 0.00769 0.0152 
515 1 0.102 0.859 0.016 0.00776 0.0154 
516 1 0.103 0.857 0.0162 0.00783 0.0155 
517 1 0.104 0.856 0.0164 0.0079 0.0157 
518 1 0.106 0.854 0.0166 0.00797 0.0159 
519 1 0.107 0.852 0.0167 0.00804 0.0161 
520 1 0.108 0.85 0.0169 0.00811 0.0163 
521 1 0.11 0.848 0.0171 0.00818 0.0165 
522 1 0.111 0.846 0.0174 0.00826 0.0167 
523 1 0.113 0.844 0.0176 0.00834 0.0169 
524 1 0.114 0.842 0.0178 0.00841 0.0171 
525 1 0.116 0.84 0.018 0.00849 0.0173 
526 1 0.117 0.838 0.0182 0.00857 0.0175 
527 1 0.119 0.836 0.0184 0.00864 0.0177 
528 1 0.121 0.834 0.0187 0.00873 0.018 
529 1 0.122 0.832 0.0189 0.00881 0.0182 
530 1 0.124 0.83 0.0192 0.00889 0.0184 
531 1 0.125 0.828 0.0194 0.00897 0.0186 
532 1 0.127 0.825 0.0197 0.00906 0.0189 
533 1 0.129 0.823 0.0199 0.00914 0.0191 
534 1 0.131 0.82 0.0202 0.00923 0.0193 
535 1 0.133 0.818 0.0204 0.00932 0.0196 
536 1 0.135 0.815 0.0207 0.00941 0.0199 
537 1 0.137 0.813 0.021 0.00951 0.0201 
538 1 0.139 0.81 0.0213 0.0096 0.0204 
539 1 0.141 0.807 0.0216 0.0097 0.0207 
540 1 0.143 0.804 0.0219 0.0098 0.021 
541 1 0.145 0.802 0.0222 0.00991 0.0213 
542 1 0.147 0.799 0.0225 0.01 0.0216 
543 1 0.15 0.796 0.0229 0.0101 0.0219 
544 1 0.152 0.792 0.0232 0.0102 0.0222 
545 1 0.154 0.789 0.0235 0.0103 0.0225 
546 1 0.157 0.786 0.0239 0.0105 0.0229 
547 1 0.159 0.783 0.0243 0.0106 0.0232 
548 1 0.162 0.779 0.0247 0.0107 0.0236 
549 1 0.164 0.776 0.0251 0.0108 0.024 
550 1 0.167 0.772 0.0255 0.011 0.0244 
551 1 0.17 0.768 0.0259 0.0111 0.0248 
552 1 0.173 0.765 0.0263 0.0112 0.0251 
553 1 0.175 0.761 0.0267 0.0113 0.0255 
554 1 0.178 0.757 0.0271 0.0115 0.0259 
555 1 0.181 0.754 0.0276 0.0116 0.0263 
556 1 0.184 0.75 0.028 0.0117 0.0268 
557 1 0.187 0.745 0.0286 0.0119 0.0273 
558 1 0.19 0.741 0.0291 0.0121 0.0278 
559 1 0.194 0.736 0.0297 0.0122 0.0283 
560 1 0.197 0.732 0.0302 0.0124 0.0288 
561 1 0.2 0.728 0.0306 0.0125 0.0292 
562 1 0.202 0.724 0.031 0.0126 0.0296 
563 1 0.205 0.721 0.0314 0.0127 0.0299 
564 1 0.209 0.717 0.0318 0.0128 0.0303 
565 1 0.212 0.712 0.0323 0.013 0.0307 
566 1 0.215 0.708 0.0328 0.0131 0.0312 
567 1 0.219 0.703 0.0332 0.0132 0.0316 
568 1 0.222 0.698 0.0337 0.0134 0.0321 
569 1 0.226 0.694 0.0342 0.0135 0.0325 
570 1 0.23 0.688 0.0348 0.0136 0.0331 
571 1 0.234 0.684 0.0353 0.0138 0.0335 
572 1 0.238 0.678 0.0358 0.0139 0.0341 
573 1 0.242 0.673 0.0364 0.0141 0.0346 
574 1 0.246 0.668 0.037 0.0142 0.0352 
575 1 0.25 0.662 0.0377 0.0144 0.0358 
576 1 0.254 0.657 0.0383 0.0145 0.0364 
577 1 0.258 0.651 0.039 0.0147 0.037 
578 1 0.262 0.645 0.0398 0.0149 0.0378 
579 1 0.266 0.64 0.0405 0.015 0.0384 
580 1 0.27 0.634 0.0413 0.0152 0.0391 
581 1 0.274 0.629 0.0421 0.0153 0.0398 
582 1 0.278 0.623 0.0429 0.0155 0.0406 
583 1 0.282 0.617 0.0436 0.0156 0.0412 
584 1 0.285 0.614 0.0439 0.0157 0.0415 
585 1 0.288 0.61 0.0442 0.0157 0.0418 
586 1 0.291 0.607 0.0443 0.0157 0.0419 
587 1 0.294 0.605 0.0441 0.0156 0.0417 
588 1 0.296 0.603 0.0441 0.0156 0.0417 
589 1 0.299 0.6 0.044 0.0155 0.0416 
590 1 0.302 0.597 0.0441 0.0155 0.0417 
591 1 0.306 0.593 0.0441 0.0154 0.0417 
592 1 0.309 0.589 0.0442 0.0154 0.0418 
593 1 0.313 0.585 0.0443 0.0154 0.0419 
594 1 0.317 0.582 0.0444 0.0154 0.0419 
595 1 0.321 0.578 0.0445 0.0153 0.042 
596 1 0.324 0.574 0.0446 0.0153 0.0421 
597 1 0.328 0.569 0.0447 0.0153 0.0423 
598 1 0.332 0.565 0.0449 0.0153 0.0424 
599 1 0.336 0.561 0.045 0.0153 0.0425 
600 1 0.34 0.557 0.0451 0.0152 0.0426 
601 1 0.344 0.553 0.0453 0.0152 0.0427 
602 1 0.347 0.549 0.0454 0.0152 0.0428 
603 1 0.351 0.545 0.0455 0.0152 0.043 
604 1 0.355 0.541 0.0456 0.0151 0.0431 
605 1 0.359 0.537 0.0457 0.0151 0.0431 
606 1 0.362 0.533 0.0458 0.0151 0.0432 
607 1 0.366 0.53 0.0459 0.015 0.0433 
608 1 0.37 0.526 0.046 0.015 0.0434 
609 1 0.373 0.522 0.0461 0.015 0.0435 
610 1 0.377 0.519 0.0459 0.0149 0.0433 
611 1 0.38 0.516 0.0457 0.0148 0.0431 
612 1 0.383 0.513 0.0456 0.0147 0.043 
613 1 0.387 0.51 0.0454 0.0146 0.0428 
614 1 0.39 0.508 0.0453 0.0145 0.0427 
615 1 0.393 0.505 0.0451 0.0145 0.0425 
616 1 0.397 0.502 0.045 0.0144 0.0424 
617 1 0.4 0.499 0.0448 0.0143 0.0423 
618 1 0.403 0.496 0.0447 0.0142 0.0421 
619 1 0.407 0.493 0.0446 0.0142 0.042 
620 1 0.41 0.49 0.0445 0.0141 0.0419 
621 1 0.413 0.487 0.0444 0.014 0.0418 
622 1 0.417 0.484 0.0443 0.0139 0.0417 
623 1 0.42 0.48 0.0442 0.0139 0.0416 
624 1 0.423 0.477 0.0441 0.0138 0.0415 
625 1 0.427 0.474 0.044 0.0137 0.0414 
626 1 0.43 0.471 0.0439 0.0137 0.0414 
627 1 0.433 0.468 0.0439 0.0136 0.0413 
628 1 0.436 0.465 0.0438 0.0136 0.0412 
629 1 0.44 0.462 0.0437 0.0135 0.0411 
630 1 0.443 0.459 0.0436 0.0134 0.0411 
631 1 0.446 0.456 0.0436 0.0134 0.041 
632 1 0.45 0.453 0.0435 0.0133 0.0409 
633 0 0.453 0.449 0.0435 0.0133 0.0409 
634 0 0.456 0.446 0.0434 0.0132 0.0408 
635 0 0.459 0.443 0.0434 0.0131 0.0408 
636 0 0.463 0.44 0.0433 0.0131 0.0407 
637 0 0.466 0.437 0.0433 0.013 0.0407 
638 0 0.469 0.434 0.0432 0.013 0.0406 
639 0 0.472 0.431 0.0432 0.0129 0.0406 
640 0 0.475 0.428 0.0432 0.0129 0.0406 
641 0 0.479 0.425 0.0432 0.0128 0.0406 
642 0 0.482 0.422 0.043 0.0128 0.0404 
643 0 0.485 0.419 0.0428 0.0127 0.0402 
644 0 0.488 0.416 0.0427 0.0126 0.0401 
645 0 0.492 0.413 0.0425 0.0125 0.0399 
646 0 0.495 0.411 0.0423 0.0124 0.0397 
647 0 0.498 0.408 0.0422 0.0124 0.0396 
648 0 0.501 0.405 0.042 0.0123 0.0394 
649 0 0.504 0.402 0.0419 0.0122 0.0393 
650 0 0.508 0.399 0.0417 0.0122 0.0391 
651 0 0.511 0.397 0.0415 0.0121 0.039 
652 0 0.514 0.394 0.0414 0.012 0.0388 
653 0 0.517 0.391 0.0413 0.0119 0.0387 
654 0 0.52 0.388 0.0411 0.0119 0.0386 
655 0 0.524 0.385 0.041 0.0118 0.0384 
656 0 0.527 0.382 0.0409 0.0117 0.0383 
657 0 0.53 0.379 0.0407 0.0117 0.0382 
658 0 0.533 0.377 0.0406 0.0116 0.0381 
659 0 0.536 0.374 0.0405 0.0116 0.038 
660 0 0.539 0.371 0.0404 0.0115 0.0379 
661 0 0.543 0.368 0.0403 0.0114 0.0378 
662 0 0.546 0.365 0.0402 0.0114 0.0377 
663 0 0.549 0.362 0.0401 0.0113 0.0376 
664 0 0.552 0.359 0.04 0.0113 0.0375 
665 0 0.555 0.356 0.0399 0.0112 0.0374 
666 0 0.558 0.353 0.0398 0.0112 0.0373 
667 0 0.562 0.35 0.0397 0.0111 0.0372 
668 0 0.565 0.348 0.0396 0.011 0.0371 
669 0 0.568 0.345 0.0395 0.011 0.037 
670 0 0.571 0.342 0.0394 0.0109 0.0369 
671 0 0.574 0.339 0.0394 0.0109 0.0368 
672 0 0.577 0.336 0.0393 0.0108 0.0367 
673 0 0.581 0.333 0.0392 0.0108 0.0366 
674 0 0.584 0.33 0.0391 0.0107 0.0365 
675 0 0.587 0.327 0.039 0.0107 0.0365 
676 0 0.59 0.324 0.039 0.0106 0.0364 
677 0 0.593 0.321 0.0389 0.0106 0.0363 
678 0 0.597 0.318 0.0388 0.0105 0.0362 
679 0 0.6 0.315 0.0388 0.0105 0.0362 
680 0 0.603 0.312 0.0387 0.0104 0.0361 
681 0 0.606 0.309 0.0386 0.0104 0.036 
682 0 0.61 0.306 0.0386 0.0103 0.036 
683 0 0.613 0.303 0.0385 0.0103 0.0359 
684 0 0.616 0.3 0.0385 0.0102 0.0358 
685 0 0.619 0.296 0.0384 0.0102 0.0358 
686 0 0.622 0.293 0.0383 0.0101 0.0357 
687 0 0.626 0.29 0.0383 0.0101 0.0356 
688 0 0.629 0.288 0.0382 0.01 0.0356 
689 0 0.632 0.285 0.0382 0.00997 0.0355 
690 0 0.635 0.282 0.0381 0.00992 0.0354 
691 0 0.638 0.279 0.038 0.00987 0.0354 
692 0 0.641 0.276 0.038 0.00982 0.0353 
693 0 0.644 0.273 0.0379 0.00978 0.0353 
694 0 0.647 0.27 0.0379 0.00973 0.0352 
695 0 0.65 0.268 0.0378 0.00969 0.0352 
696 0 0.653 0.265 0.0378 0.00965 0.0351 
697 0 0.655 0.262 0.0378 0.0096 0.0351 
698 0 0.658 0.26 0.0377 0.00956 0.035 
699 0 0.661 0.257 0.0377 0.00952 0.035 
700 0 0.663 0.255 0.0377 0.00948 0.035 
701 0 0.666 0.252 0.0377 0.00944 0.0349 
702 0 0.668 0.25 0.0376 0.0094 0.0349 
703 0 0.671 0.248 0.0376 0.00937 0.0349 
704 0 0.673 0.245 0.0376 0.00933 0.0349 
705 0 0.675 0.243 0.0376 0.00929 0.0348 
706 0 0.677 0.241 0.0376 0.00926 0.0348 
707 0 0.678 0.24 0.038 0.00929 0.0352 
708 0 0.681 0.237 0.0379 0.00924 0.0351 
709 0 0.681 0.236 0.0383 0.00926 0.0354 
710 0 0.682 0.234 0.0387 0.00928 0.0357 
711 0 0.683 0.232 0.0391 0.0093 0.0361 
712 0 0.684 0.231 0.0394 0.00932 0.0364 
713 0 0.685 0.229 0.0398 0.00933 0.0367 
714 0 0.686 0.228 0.0402 0.00935 0.037 
715 0 0.686 0.227 0.0405 0.00937 0.0373 
716 0 0.687 0.225 0.0409 0.00939 0.0376 
717 0 0.687 0.224 0.0413 0.00941 0.038 
718 0 0.687 0.223 0.0417 0.00943 0.0383 
719 0 0.687 0.222 0.0422 0.00946 0.0387 
720 0 0.687 0.222 0.0426 0.00949 0.0391 
721 0 0.687 0.221 0.0431 0.00952 0.0395 
722 0 0.687 0.22 0.0435 0.00954 0.0399 
723 0 0.686 0.22 0.044 0.00958 0.0403 
724 0 0.686 0.219 0.0445 0.00961 0.0407 
725 0 0.685 0.219 0.0451 0.00964 0.0412 
726 0 0.685 0.218 0.0456 0.00968 0.0417 
727 0 0.684 0.218 0.0462 0.00972 0.0421 
728 0 0.683 0.217 0.0468 0.00976 0.0426 
729 0 0.683 0.217 0.0473 0.0098 0.0431 
730 0 0.682 0.217 0.0479 0.00983 0.0436 
731 0 0.681 0.216 0.0485 0.00987 0.0441 
732 0 0.68 0.216 0.0491 0.00991 0.0446 
733 0 0.679 0.216 0.0498 0.00995 0.0451 
734 0 0.678 0.216 0.0504 0.01 0.0457 
735 0 0.677 0.216 0.0511 0.01 0.0462 
736 0 0.676 0.215 0.0518 0.0101 0.0468 
737 0 0.675 0.215 0.0525 0.0101 0.0474 
738 0 0.673 0.215 0.0532 0.0102 0.0481 
739 0 0.672 0.215 0.054 0.0102 0.0487 
740 0 0.671 0.215 0.0548 0.0103 0.0493 
741 0 0.669 0.215 0.0555 0.0103 0.0499 
742 0 0.668 0.215 0.0563 0.0104 0.0506 
743 0 0.666 0.215 0.0571 0.0104 0.0512 
744 0 0.665 0.215 0.0579 0.0105 0.0519 
745 0 0.663 0.215 0.0588 0.0105 0.0526 
746 0 0.662 0.215 0.0596 0.0106 0.0533 
747 0 0.66 0.215 0.0605 0.0106 0.054 
748 0 0.658 0.215 0.0614 0.0107 0.0548 
749 0 0.656 0.215 0.0624 0.0107 0.0556 
750 0 0.655 0.215 0.0634 0.0108 0.0564 
751 0 0.653 0.215 0.0644 0.0108 0.0572 
752 0 0.651 0.215 0.0654 0.0109 0.058 
753 0 0.649 0.215 0.0665 0.011 0.0589 
754 0 0.639 0.217 0.0705 0.0113 0.0622 
755 0 0.637 0.217 0.0715 0.0113 0.063 
756 0 0.635 0.217 0.0726 0.0114 0.0639 
757 0 0.625 0.219 0.077 0.0117 0.0674 
758 0 0.624 0.219 0.0778 0.0117 0.0681 
759 0 0.614 0.22 0.0824 0.012 0.0718 
760 0 0.612 0.22 0.0832 0.0121 0.0724 
761 0 0.611 0.22 0.084 0.0121 0.073 
762 0 0.601 0.221 0.0888 0.0124 0.0768 
763 0 0.601 0.22 0.0893 0.0124 0.0772 
764 0 0.6 0.22 0.09 0.0124 0.0777 
765 0 0.589 0.221 0.0951 0.0127 0.0817 
766 0 0.59 0.221 0.0953 0.0126 0.0818 
767 0 0.579 0.222 0.101 0.0129 0.0859 
768 0 0.58 0.221 0.101 0.0129 0.0858 
769 0 0.569 0.222 0.106 0.0132 0.09 
770 0 0.57 0.221 0.106 0.0131 0.0897 
771 0 0.559 0.222 0.111 0.0134 0.0938 
772 0 0.562 0.221 0.11 0.0133 0.0933 
773 0 0.563 0.221 0.11 0.0132 0.0928 
774 0 0.552 0.222 0.115 0.0135 0.097 
775 0 0.555 0.221 0.114 0.0134 0.096 
776 0 0.543 0.223 0.12 0.0136 0.1 
777 0 0.547 0.222 0.118 0.0135 0.0991 
778 0 0.536 0.223 0.124 0.0138 0.103 
779 0 0.527 0.223 0.129 0.014 0.107 
780 0 0.532 0.222 0.127 0.0138 0.105 
781 0 0.52 0.223 0.133 0.014 0.109 
782 0 0.513 0.223 0.137 0.0142 0.112 
783 0 0.505 0.222 0.142 0.0143 0.116 
784 0 0.496 0.222 0.148 0.0145 0.12 
785 0 0.488 0.221 0.153 0.0147 0.124 
786 0 0.479 0.22 0.159 0.0148 0.127 
787 0 0.47 0.219 0.165 0.015 0.131 
788 0 0.461 0.218 0.171 0.0151 0.135 
789 0 0.452 0.217 0.177 0.0152 0.139 
790 0 0.443 0.215 0.183 0.0154 0.144 
791 0 0.433 0.214 0.19 0.0155 0.148 
792 0 0.424 0.212 0.197 0.0156 0.152 
793 0 0.414 0.21 0.203 0.0157 0.156 
794 0 0.405 0.208 0.21 0.0158 0.16 
795 0 0.395 0.206 0.218 0.0159 0.165 
796 0 0.386 0.204 0.225 0.0159 0.169 
797 0 0.376 0.202 0.233 0.016 0.173 
798 0 0.367 0.199 0.24 0.016 0.177 
799 0 0.357 0.197 0.249 0.0161 0.181 
800 0 0.348 0.194 0.257 0.0161 0.185 
801 0 0.339 0.191 0.265 0.0161 0.189 
802 0 0.33 0.188 0.273 0.0161 0.193 
803 0 0.32 0.185 0.282 0.0161 0.196 
804 0 0.311 0.182 0.291 0.016 0.2 
805 0 0.303 0.179 0.3 0.016 0.203 
806 2 0.294 0.176 0.308 0.0159 0.206 
807 2 0.286 0.173 0.316 0.0159 0.209 
808 2 0.278 0.17 0.324 0.0158 0.212 
809 2 0.27 0.167 0.331 0.0158 0.216 
810 2 0.261 0.163 0.339 0.0157 0.221 
811 2 0.252 0.159 0.347 0.0156 0.226 
812 2 0.244 0.156 0.354 0.0155 0.231 
813 2 0.235 0.152 0.362 0.0154 0.236 
814 2 0.225 0.147 0.37 0.0153 0.242 
815 2 0.216 0.142 0.379 0.0152 0.247 
816 2 0.207 0.138 0.388 0.015 0.253 
817 2 0.197 0.133 0.396 0.0148 0.258 
818 2 0.188 0.128 0.406 0.0146 0.264 
819 2 0.179 0.123 0.415 0.0144 0.269 
820 2 0.17 0.118 0.424 0.0142 0.274 
821 2 0.161 0.113 0.433 0.014 0.278 
822 2 0.152 0.108 0.443 0.0138 0.283 
823 2 0.144 0.103 0.452 0.0135 0.287 
824 2 0.136 0.0988 0.462 0.0133 0.29 
825 2 0.129 0.0944 0.471 0.013 0.293 
826 2 0.122 0.09 0.479 0.0127 0.296 
827 2 0.116 0.0858 0.488 0.0125 0.298 
828 2 0.11 0.0822 0.496 0.0122 0.299 
829 2 0.105 0.0787 0.504 0.012 0.301 
830 2 0.0996 0.0754 0.511 0.0117 0.303 
831 2 0.095 0.0723 0.517 0.0115 0.304 
832 2 0.0906 0.0694 0.524 0.0113 0.305 
833 2 0.0865 0.0666 0.53 0.011 0.306 
834 2 0.0827 0.064 0.536 0.0108 0.307 
835 2 0.0793 0.0617 0.541 0.0106 0.308 
836 2 0.0761 0.0594 0.545 0.0104 0.309 
837 2 0.0732 0.0573 0.55 0.0102 0.31 
838 2 0.0704 0.0554 0.554 0.0101 0.31 
839 2 0.0678 0.0536 0.557 0.00989 0.311 
840 2 0.0655 0.0519 0.561 0.00972 0.312 
841 2 0.0633 0.0504 0.563 0.00957 0.313 
842 2 0.0613 0.0489 0.565 0.00943 0.315 
843 2 0.0595 0.0476 0.567 0.00929 0.316 
844 2 0.0578 0.0463 0.569 0.00916 0.318 
845 2 0.0562 0.0452 0.57 0.00904 0.32 
846 2 0.0547 0.0441 0.571 0.00892 0.322 
847 2 0.0533 0.043 0.571 0.00881 0.324 
848 2 0.052 0.0421 0.571 0.00871 0.326 
849 2 0.0509 0.0413 0.568 0.00863 0.331 
850 2 0.0501 0.0408 0.558 0.00859 0.343 
851 2 0.0495 0.0403 0.545 0.00857 0.357 
852 2 0.0488 0.0398 0.533 0.00853 0.37 
853 2 0.0481 0.0392 0.523 0.00848 0.382 
854 2 0.0472 0.0386 0.515 0.00842 0.391 
855 2 0.0464 0.038 0.508 0.00834 0.399 
856 2 0.0455 0.0373 0.504 0.00827 0.405 
857 2 0.0446 0.0367 0.503 0.00818 0.408 
858 2 0.0436 0.0359 0.507 0.00808 0.406 
859 2 0.0425 0.0351 0.517 0.00797 0.398 
860 2 0.0414 0.0342 0.529 0.00784 0.387 
861 2 0.0403 0.0334 0.545 0.0077 0.374 
862 2 0.0391 0.0325 0.561 0.00756 0.36 
863 2 0.038 0.0316 0.577 0.00741 0.346 
864 2 0.0369 0.0307 0.593 0.00726 0.332 
865 2 0.0357 0.0298 0.61 0.0071 0.317 
866 2 0.0346 0.0289 0.626 0.00694 0.303 
867 2 0.0335 0.0281 0.642 0.00678 0.289 
868 2 0.0324 0.0272 0.659 0.00661 0.275 
869 2 0.0313 0.0263 0.674 0.00644 0.262 
870 2 0.0303 0.0255 0.689 0.00629 0.249 
871 2 0.0295 0.0248 0.699 0.00615 0.24 
872 2 0.0289 0.0243 0.706 0.00606 0.235 
873 2 0.0285 0.0241 0.708 0.006 0.233 
874 2 0.0283 0.0239 0.708 0.00597 0.234 
875 2 0.0281 0.0237 0.707 0.00595 0.235 
876 2 0.028 0.0237 0.704 0.00595 0.238 
877 2 0.028 0.0237 0.7 0.00596 0.242 
878 2 0.028 0.0237 0.696 0.00597 0.247 
879 2 0.0281 0.0238 0.688 0.006 0.254 
880 2 0.0283 0.024 0.679 0.00604 0.263 
881 2 0.0285 0.0242 0.668 0.0061 0.273 
882 2 0.0287 0.0244 0.655 0.00615 0.286 
883 2 0.029 0.0246 0.639 0.00622 0.302 
884 2 0.0293 0.0249 0.62 0.00629 0.32 
885 2 0.0295 0.0251 0.599 0.00636 0.34 
886 2 0.0297 0.0253 0.575 0.00642 0.364 
887 2 0.0298 0.0254 0.548 0.00646 0.39 
888 2 0.0299 0.0255 0.519 0.00649 0.419 
889 2 0.0298 0.0254 0.488 0.0065 0.45 
890 4 0.0296 0.0253 0.455 0.00647 0.484 
891 4 0.0292 0.0249 0.42 0.00641 0.519 
892 4 0.0286 0.0245 0.386 0.00631 0.555 
893 4 0.0279 0.0239 0.353 0.00618 0.589 
894 4 0.027 0.0232 0.321 0.00602 0.623 
895 4 0.026 0.0224 0.291 0.00584 0.655 
896 4 0.025 0.0215 0.263 0.00564 0.685 
897 4 0.0239 0.0207 0.238 0.00543 0.712 
898 4 0.0229 0.0198 0.215 0.00522 0.737 
899 4 0.0218 0.0188 0.194 0.005 0.76 
900 4 0.0206 0.0179 0.174 0.00477 0.782 
901 4 0.0196 0.017 0.158 0.00456 0.801 
902 4 0.0187 0.0162 0.145 0.00437 0.816 
903 4 0.0179 0.0155 0.133 0.0042 0.829 
904 4 0.0171 0.0149 0.123 0.00404 0.841 
905 4 0.0164 0.0143 0.114 0.00389 0.851 
906 4 0.0157 0.0137 0.106 0.00375 0.86 
907 4 0.0151 0.0132 0.0994 0.00362 0.869 
908 4 0.0146 0.0127 0.0933 0.0035 0.876 
909 4 0.014 0.0123 0.0878 0.00339 0.883 
910 4 0.0136 0.0119 0.0831 0.0033 0.888 
911 4 0.0132 0.0115 0.0792 0.00321 0.893 
912 4 0.0128 0.0112 0.0756 0.00313 0.897 
913 4 0.0125 0.0109 0.0725 0.00306 0.901 
914 4 0.0121 0.0107 0.0697 0.003 0.905 
915 4 0.0118 0.0104 0.0672 0.00294 0.908 
916 4 0.0116 0.0102 0.0649 0.00288 0.91 
917 4 0.0113 0.00998 0.0628 0.00283 0.913 
918 4 0.0111 0.00978 0.0609 0.00278 0.915 
919 4 0.0109 0.00959 0.0591 0.00274 0.918 
920 4 0.0106 0.0094 0.0574 0.00269 0.92 
921 4 0.0104 0.00922 0.0558 0.00265 0.922 
922 4 0.0102 0.00905 0.0543 0.00261 0.924 
923 4 0.0101 0.00892 0.0533 0.00258 0.925 
924 4 0.00995 0.00882 0.0525 0.00256 0.926 
925 4 0.0099 0.00878 0.0525 0.00256 0.926 
926 4 0.00989 0.00878 0.0528 0.00257 0.926 
927 4 0.0099 0.00879 0.0533 0.00258 0.925 
928 4 0.00992 0.00881 0.0538 0.00259 0.925 
929 4 0.00994 0.00883 0.0545 0.00261 0.924 
930 4 0.00997 0.00886 0.0552 0.00262 0.923 
931 4 0.01 0.00891 0.0562 0.00265 0.922 
932 4 0.0101 0.00896 0.0572 0.00267 0.921 
933 4 0.0101 0.00901 0.0582 0.00269 0.92 
934 4 0.0102 0.00904 0.0591 0.0027 0.919 
935 4 0.0102 0.00907 0.0599 0.00272 0.918 
936 4 0.0102 0.0091 0.0608 0.00273 0.917 
937 4 0.0102 0.00913 0.0616 0.00275 0.916 
938 4 0.0103 0.00915 0.0624 0.00276 0.915 
939 4 0.0103 0.00917 0.0631 0.00277 0.915 
940 4 0.0103 0.00919 0.0638 0.00278 0.914 
941 4 0.0103 0.0092 0.0643 0.00279 0.913 
942 4 0.0103 0.0092 0.065 0.0028 0.913 
943 4 0.0104 0.00924 0.0659 0.00281 0.912 
944 4 0.0104 0.00928 0.067 0.00283 0.911 
945 4 0.0105 0.00933 0.0681 0.00285 0.909 
946 4 0.0105 0.00937 0.0692 0.00286 0.908 
947 4 0.0105 0.0094 0.0702 0.00288 0.907 
948 4 0.0106 0.00943 0.071 0.00289 0.906 
949 4 0.0106 0.00943 0.0717 0.00289 0.905 
950 4 0.0106 0.00943 0.0721 0.00289 0.905 
951 4 0.0105 0.0094 0.0722 0.00289 0.905 
952 4 0.0105 0.00934 0.0718 0.00287 0.906 
953 4 0.0104 0.00927 0.0714 0.00285 0.906 
954 4 0.0104 0.00929 0.072 0.00286 0.905 
955 4 0.0104 0.00927 0.0722 0.00286 0.905 
956 4 0.0103 0.0092 0.0716 0.00284 0.906 
957 4 0.0102 0.0091 0.0706 0.00281 0.907 
958 4 0.0101 0.00899 0.0695 0.00278 0.909 
959 4 0.00994 0.00889 0.0685 0.00275 0.91 
960 4 0.00983 0.00879 0.0675 0.00272 0.911 
961 4 0.00973 0.0087 0.0665 0.0027 0.912 
962 4 0.00963 0.00861 0.0657 0.00267 0.913 
963 4 0.00953 0.00853 0.0648 0.00265 0.914 
964 4 0.00944 0.00845 0.064 0.00263 0.915 
965 4 0.00935 0.00837 0.0632 0.00261 0.916 
966 4 0.00926 0.00829 0.0624 0.00258 0.917 
967 4 0.00917 0.00821 0.0616 0.00256 0.918 
968 4 0.00908 0.00813 0.0608 0.00254 0.919 
969 4 0.00899 0.00805 0.06 0.00252 0.92 
970 4 0.0089 0.00797 0.0592 0.0025 0.921 
971 4 0.00881 0.00788 0.0583 0.00248 0.923 
972 4 0.00872 0.0078 0.0575 0.00245 0.924 
973 4 0.00863 0.00772 0.0567 0.00243 0.925 
974 4 0.00854 0.00765 0.0559 0.00241 0.925 
975 4 0.00846 0.00757 0.0552 0.00239 0.926 
976 4 0.00838 0.0075 0.0544 0.00237 0.927 
977 4 0.00829 0.00743 0.0537 0.00235 0.928 
978 4 0.00822 0.00736 0.053 0.00233 0.929 
979 4 0.00814 0.00729 0.0523 0.00232 0.93 
980 4 0.00807 0.00722 0.0517 0.0023 0.931 
981 4 0.008 0.00716 0.0511 0.00228 0.931 
982 4 0.00793 0.0071 0.0505 0.00226 0.932 
983 4 0.00786 0.00703 0.0499 0.00225 0.933 
984 4 0.00779 0.00697 0.0493 0.00223 0.934 
985 4 0.00772 0.00691 0.0487 0.00221 0.934 
986 4 0.00765 0.00685 0.0481 0.0022 0.935 
987 4 0.00758 0.00679 0.0476 0.00218 0.936 
988 4 0.00751 0.00673 0.047 0.00216 0.937 
989 4 0.00744 0.00667 0.0464 0.00214 0.937 
990 4 0.00738 0.00661 0.0458 0.00213 0.938 
991 4 0.00732 0.00656 0.0454 0.00212 0.939 
