0 0 0.2 0.2 0.2 0.2 0.2 
1 2 0.198 0.199 0.202 0.201 0.201 
2 2 0.198 0.199 0.201 0.201 0.2 
3 2 0.198 0.199 0.202 0.201 0.2 
4 2 0.198 0.199 0.202 0.201 0.2 
5 2 0.198 0.199 0.202 0.201 0.2 
6 2 0.198 0.2 0.202 0.201 0.2 
7 2 0.198 0.2 0.202 0.201 0.2 
8 2 0.198 0.2 0.202 0.201 0.2 
9 2 0.198 0.2 0.202 0.201 0.2 
10 2 0.198 0.2 0.202 0.201 0.2 
11 2 0.198 0.2 0.202 0.201 0.199 
12 2 0.198 0.2 0.202 0.2 0.199 
13 2 0.198 0.2 0.202 0.2 0.199 
14 2 0.198 0.2 0.202 0.2 0.199 
15 2 0.198 0.201 0.202 0.2 0.199 
16 2 0.198 0.201 0.203 0.2 0.199 
17 2 0.198 0.201 0.203 0.2 0.199 
18 2 0.198 0.201 0.203 0.2 0.198 
19 2 0.198 0.201 0.203 0.2 0.198 
20 2 0.198 0.201 0.203 0.199 0.198 
21 2 0.198 0.201 0.204 0.199 0.198 
22 2 0.198 0.201 0.204 0.199 0.198 
23 2 0.198 0.201 0.204 0.199 0.198 
24 2 0.198 0.202 0.204 0.199 0.198 
25 2 0.198 0.202 0.204 0.199 0.197 
26 2 0.198 0.202 0.203 0.199 0.197 
27 1 0.199 0.203 0.202 0.199 0.198 
28 1 0.199 0.203 0.201 0.199 0.198 
29 1 0.2 0.204 0.199 0.2 0.198 
30 1 0.2 0.205 0.196 0.2 0.199 
31 1 0.201 0.206 0.193 0.201 0.199 
32 1 0.202 0.207 0.191 0.201 0.2 
33 1 0.203 0.208 0.188 0.202 0.2 
34 1 0.204 0.209 0.184 0.203 0.201 
35 1 0.204 0.21 0.181 0.203 0.201 
36 1 0.205 0.211 0.178 0.204 0.202 
37 1 0.206 0.212 0.175 0.205 0.203 
38 1 0.207 0.213 0.171 0.205 0.203 
39 1 0.208 0.214 0.168 0.206 0.204 
40 1 0.209 0.215 0.165 0.206 0.204 
41 1 0.21 0.217 0.162 0.207 0.205 
42 1 0.211 0.218 0.159 0.208 0.205 
43 1 0.211 0.219 0.156 0.208 0.206 
44 1 0.212 0.22 0.153 0.209 0.206 
45 1 0.213 0.221 0.15 0.209 0.207 
46 1 0.214 0.222 0.147 0.209 0.207 
47 1 0.215 0.224 0.144 0.21 0.208 
48 1 0.216 0.225 0.141 0.21 0.208 
49 1 0.216 0.226 0.139 0.211 0.208 
50 1 0.217 0.227 0.136 0.211 0.208 
51 1 0.218 0.229 0.134 0.211 0.209 
52 1 0.219 0.23 0.131 0.211 0.209 
53 1 0.219 0.231 0.129 0.212 0.209 
54 1 0.22 0.232 0.126 0.212 0.209 
55 1 0.221 0.234 0.124 0.212 0.209 
56 1 0.222 0.235 0.122 0.212 0.209 
57 1 0.223 0.237 0.12 0.212 0.209 
58 1 0.223 0.238 0.118 0.212 0.209 
59 1 0.224 0.24 0.116 0.212 0.209 
60 1 0.225 0.241 0.114 0.211 0.208 
61 1 0.226 0.243 0.112 0.211 0.208 
62 1 0.227 0.245 0.11 0.211 0.208 
63 1 0.228 0.247 0.108 0.21 0.207 
64 1 0.229 0.249 0.106 0.209 0.206 
65 1 0.23 0.252 0.105 0.208 0.205 
66 1 0.232 0.255 0.103 0.207 0.204 
67 1 0.234 0.258 0.101 0.205 0.202 
68 1 0.236 0.263 0.099 0.203 0.2 
69 1 0.237 0.269 0.0971 0.2 0.197 
70 1 0.237 0.277 0.095 0.197 0.194 
71 1 0.235 0.289 0.0929 0.193 0.19 
72 1 0.232 0.304 0.0905 0.188 0.185 
73 1 0.228 0.322 0.088 0.183 0.18 
74 1 0.221 0.344 0.0851 0.176 0.173 
75 1 0.212 0.372 0.0818 0.168 0.166 
76 1 0.2 0.407 0.0778 0.158 0.156 
77 1 0.187 0.446 0.0734 0.148 0.146 
78 1 0.173 0.487 0.0688 0.137 0.135 
79 1 0.158 0.528 0.064 0.126 0.124 
80 1 0.145 0.568 0.0593 0.115 0.113 
81 1 0.132 0.605 0.0547 0.105 0.104 
82 1 0.12 0.639 0.0506 0.0958 0.0947 
83 1 0.111 0.666 0.0471 0.0885 0.0875 
84 1 0.103 0.688 0.0444 0.0828 0.0819 
85 1 0.0973 0.706 0.042 0.078 0.0771 
86 1 0.0919 0.722 0.0398 0.0737 0.0728 
87 1 0.0871 0.736 0.0379 0.0698 0.069 
88 1 0.0827 0.749 0.0362 0.0663 0.0656 
89 1 0.0787 0.761 0.0345 0.0631 0.0624 
90 1 0.075 0.772 0.033 0.0602 0.0595 
91 1 0.0716 0.782 0.0317 0.0574 0.0568 
92 1 0.0685 0.792 0.0304 0.0549 0.0543 
93 1 0.0656 0.801 0.0292 0.0526 0.052 
94 1 0.0629 0.809 0.0281 0.0505 0.0499 
95 1 0.0604 0.816 0.027 0.0484 0.0479 
96 1 0.058 0.823 0.026 0.0466 0.0461 
97 1 0.0559 0.83 0.0251 0.0448 0.0443 
98 1 0.0538 0.836 0.0242 0.0431 0.0427 
99 1 0.0518 0.842 0.0234 0.0416 0.0411 
100 1 0.05 0.848 0.0226 0.0401 0.0397 
101 1 0.0482 0.853 0.0219 0.0387 0.0383 
102 1 0.0464 0.858 0.0211 0.0373 0.0369 
103 1 0.0446 0.864 0.0204 0.0358 0.0355 
104 1 0.0429 0.869 0.0196 0.0345 0.0341 
105 1 0.0413 0.874 0.019 0.0332 0.0329 
106 1 0.0398 0.878 0.0184 0.0321 0.0317 
107 1 0.0385 0.882 0.0178 0.031 0.0307 
108 1 0.0373 0.886 0.0173 0.03 0.0297 
109 1 0.0361 0.889 0.0168 0.0291 0.0288 
110 1 0.035 0.893 0.0163 0.0282 0.0279 
111 1 0.034 0.896 0.0158 0.0274 0.0271 
112 1 0.033 0.899 0.0154 0.0266 0.0263 
113 1 0.032 0.902 0.015 0.0258 0.0256 
114 1 0.0311 0.904 0.0146 0.0251 0.0249 
115 1 0.0302 0.907 0.0142 0.0244 0.0242 
116 1 0.0294 0.91 0.0138 0.0237 0.0235 
117 1 0.0285 0.912 0.0135 0.023 0.0228 
118 1 0.0277 0.915 0.0131 0.0224 0.0222 
119 1 0.0269 0.917 0.0128 0.0218 0.0216 
120 1 0.0262 0.919 0.0125 0.0212 0.021 
121 1 0.0256 0.921 0.0122 0.0207 0.0205 
122 1 0.0249 0.923 0.0119 0.0202 0.02 
123 1 0.0243 0.925 0.0116 0.0197 0.0195 
124 1 0.0238 0.927 0.0114 0.0193 0.0191 
125 1 0.0233 0.928 0.0112 0.0189 0.0187 
126 1 0.0229 0.929 0.011 0.0186 0.0184 
127 1 0.0226 0.93 0.0108 0.0183 0.0181 
128 1 0.0223 0.931 0.0107 0.018 0.0179 
129 1 0.022 0.932 0.0106 0.0178 0.0177 
130 1 0.0217 0.933 0.0104 0.0176 0.0174 
131 1 0.0215 0.934 0.0103 0.0174 0.0172 
132 1 0.0213 0.934 0.0102 0.0172 0.0171 
133 1 0.0211 0.935 0.0101 0.017 0.0169 
134 1 0.0209 0.935 0.01 0.0169 0.0167 
135 1 0.0207 0.936 0.00992 0.0167 0.0166 
136 1 0.0205 0.937 0.00983 0.0166 0.0164 
137 1 0.0204 0.937 0.00975 0.0164 0.0163 
138 1 0.0202 0.938 0.00967 0.0163 0.0162 
139 1 0.0201 0.938 0.00959 0.0162 0.016 
140 1 0.0199 0.939 0.00952 0.0161 0.0159 
141 1 0.0198 0.939 0.00945 0.0159 0.0158 
142 1 0.0197 0.939 0.00938 0.0158 0.0157 
143 1 0.0195 0.94 0.00931 0.0157 0.0156 
144 1 0.0194 0.94 0.00925 0.0156 0.0155 
145 1 0.0193 0.941 0.00919 0.0155 0.0154 
146 1 0.0192 0.941 0.00913 0.0154 0.0153 
147 1 0.0191 0.941 0.00907 0.0153 0.0152 
148 1 0.019 0.942 0.00901 0.0152 0.0151 
149 1 0.0189 0.942 0.00896 0.0151 0.015 
150 1 0.0188 0.942 0.0089 0.0151 0.0149 
151 1 0.0187 0.943 0.00885 0.015 0.0148 
152 1 0.0186 0.943 0.0088 0.0149 0.0147 
153 1 0.0185 0.943 0.00875 0.0148 0.0147 
154 1 0.0184 0.944 0.0087 0.0147 0.0146 
155 1 0.0183 0.944 0.00865 0.0147 0.0145 
156 1 0.0182 0.944 0.00861 0.0146 0.0144 
157 1 0.0181 0.944 0.00856 0.0145 0.0144 
158 1 0.0181 0.945 0.00852 0.0144 0.0143 
159 1 0.018 0.945 0.00847 0.0144 0.0142 
160 1 0.0179 0.945 0.00843 0.0143 0.0142 
161 1 0.0178 0.945 0.00839 0.0142 0.0141 
162 1 0.0177 0.946 0.00835 0.0142 0.014 
163 1 0.0177 0.946 0.00831 0.0141 0.014 
164 1 0.0176 0.946 0.00827 0.014 0.0139 
165 1 0.0175 0.946 0.00823 0.014 0.0138 
166 1 0.0175 0.947 0.00819 0.0139 0.0138 
167 1 0.0174 0.947 0.00815 0.0139 0.0137 
168 1 0.0173 0.947 0.00811 0.0138 0.0137 
169 1 0.0173 0.947 0.00808 0.0137 0.0136 
170 1 0.0172 0.948 0.00804 0.0137 0.0136 
171 1 0.0171 0.948 0.008 0.0136 0.0135 
172 1 0.0171 0.948 0.00797 0.0136 0.0134 
173 1 0.017 0.948 0.00793 0.0135 0.0134 
174 1 0.0169 0.948 0.0079 0.0135 0.0133 
175 1 0.0169 0.949 0.00787 0.0134 0.0133 
176 1 0.0168 0.949 0.00783 0.0134 0.0132 
177 1 0.0167 0.949 0.0078 0.0133 0.0132 
178 1 0.0167 0.949 0.00777 0.0133 0.0131 
179 1 0.0166 0.949 0.00773 0.0132 0.0131 
180 1 0.0166 0.95 0.0077 0.0132 0.013 
181 1 0.0165 0.95 0.00767 0.0131 0.013 
182 1 0.0165 0.95 0.00764 0.0131 0.0129 
183 1 0.0164 0.95 0.00761 0.013 0.0129 
184 1 0.0163 0.95 0.00758 0.013 0.0129 
185 1 0.0163 0.95 0.00755 0.0129 0.0128 
186 1 0.0162 0.951 0.00752 0.0129 0.0128 
187 1 0.0162 0.951 0.00749 0.0128 0.0127 
188 1 0.0161 0.951 0.00746 0.0128 0.0127 
189 1 0.0161 0.951 0.00743 0.0128 0.0126 
190 1 0.016 0.951 0.0074 0.0127 0.0126 
191 1 0.0159 0.951 0.00737 0.0127 0.0125 
192 1 0.0159 0.952 0.00734 0.0126 0.0125 
193 1 0.0158 0.952 0.00732 0.0126 0.0125 
194 1 0.0158 0.952 0.00729 0.0125 0.0124 
195 1 0.0157 0.952 0.00726 0.0125 0.0124 
196 1 0.0157 0.952 0.00723 0.0125 0.0123 
197 1 0.0156 0.952 0.00721 0.0124 0.0123 
198 1 0.0156 0.953 0.00718 0.0124 0.0123 
199 1 0.0155 0.953 0.00715 0.0123 0.0122 
200 1 0.0155 0.953 0.00713 0.0123 0.0122 
201 1 0.0154 0.953 0.0071 0.0123 0.0121 
202 1 0.0154 0.953 0.00707 0.0122 0.0121 
203 1 0.0153 0.953 0.00705 0.0122 0.0121 
204 1 0.0153 0.954 0.00702 0.0121 0.012 
205 1 0.0152 0.954 0.007 0.0121 0.012 
206 1 0.0152 0.954 0.00697 0.0121 0.0119 
207 1 0.0151 0.954 0.00695 0.012 0.0119 
208 1 0.0151 0.954 0.00692 0.012 0.0119 
209 1 0.015 0.954 0.0069 0.0119 0.0118 
210 1 0.015 0.954 0.00687 0.0119 0.0118 
211 1 0.0149 0.955 0.00685 0.0119 0.0118 
212 1 0.0149 0.955 0.00682 0.0118 0.0117 
213 1 0.0148 0.955 0.0068 0.0118 0.0117 
214 1 0.0148 0.955 0.00678 0.0118 0.0116 
215 1 0.0147 0.955 0.00675 0.0117 0.0116 
216 1 0.0147 0.955 0.00673 0.0117 0.0116 
217 1 0.0146 0.955 0.00671 0.0117 0.0115 
218 1 0.0146 0.956 0.00668 0.0116 0.0115 
219 1 0.0145 0.956 0.00666 0.0116 0.0115 
220 1 0.0145 0.956 0.00664 0.0116 0.0114 
221 1 0.0144 0.956 0.00661 0.0115 0.0114 
222 1 0.0144 0.956 0.00659 0.0115 0.0114 
223 1 0.0143 0.956 0.00657 0.0115 0.0113 
224 1 0.0143 0.956 0.00655 0.0114 0.0113 
225 1 0.0142 0.957 0.00653 0.0114 0.0113 
226 1 0.0142 0.957 0.0065 0.0114 0.0112 
227 1 0.0141 0.957 0.00648 0.0113 0.0112 
228 1 0.0141 0.957 0.00646 0.0113 0.0112 
229 1 0.0141 0.957 0.00644 0.0113 0.0111 
230 1 0.014 0.957 0.00642 0.0112 0.0111 
231 1 0.014 0.957 0.0064 0.0112 0.0111 
232 1 0.0139 0.958 0.00637 0.0112 0.011 
233 1 0.0139 0.958 0.00635 0.0111 0.011 
234 1 0.0138 0.958 0.00633 0.0111 0.011 
235 1 0.0138 0.958 0.00631 0.0111 0.011 
236 1 0.0137 0.958 0.00629 0.011 0.0109 
237 1 0.0137 0.958 0.00627 0.011 0.0109 
238 1 0.0136 0.958 0.00625 0.011 0.0109 
239 1 0.0136 0.958 0.00623 0.0109 0.0108 
240 1 0.0136 0.959 0.00621 0.0109 0.0108 
241 1 0.0135 0.959 0.00619 0.0109 0.0108 
242 1 0.0135 0.959 0.00617 0.0109 0.0107 
243 1 0.0134 0.959 0.00615 0.0108 0.0107 
244 1 0.0134 0.959 0.00613 0.0108 0.0107 
245 1 0.0133 0.959 0.00611 0.0108 0.0107 
246 1 0.0133 0.959 0.00609 0.0107 0.0106 
247 1 0.0133 0.959 0.00607 0.0107 0.0106 
248 1 0.0132 0.959 0.00605 0.0107 0.0106 
249 1 0.0132 0.96 0.00604 0.0106 0.0105 
250 1 0.0131 0.96 0.00602 0.0106 0.0105 
251 1 0.0131 0.96 0.006 0.0106 0.0105 
252 1 0.013 0.96 0.00598 0.0106 0.0105 
253 1 0.013 0.96 0.00596 0.0105 0.0104 
254 1 0.013 0.96 0.00594 0.0105 0.0104 
255 1 0.0129 0.96 0.00592 0.0105 0.0104 
256 1 0.0129 0.96 0.00591 0.0105 0.0103 
257 1 0.0128 0.961 0.00589 0.0104 0.0103 
258 1 0.0128 0.961 0.00587 0.0104 0.0103 
259 1 0.0128 0.961 0.00585 0.0104 0.0103 
260 1 0.0127 0.961 0.00583 0.0103 0.0102 
261 1 0.0127 0.961 0.00582 0.0103 0.0102 
262 1 0.0126 0.961 0.0058 0.0103 0.0102 
263 1 0.0126 0.961 0.00578 0.0103 0.0102 
264 1 0.0126 0.961 0.00576 0.0102 0.0101 
265 1 0.0125 0.961 0.00575 0.0102 0.0101 
266 1 0.0125 0.962 0.00573 0.0102 0.0101 
267 1 0.0124 0.962 0.00571 0.0102 0.0101 
268 1 0.0124 0.962 0.0057 0.0101 0.01 
269 1 0.0124 0.962 0.00568 0.0101 0.01 
270 1 0.0123 0.962 0.00566 0.0101 0.00998 
271 1 0.0123 0.962 0.00564 0.0101 0.00995 
272 1 0.0123 0.962 0.00563 0.01 0.00993 
273 1 0.0122 0.962 0.00561 0.01 0.00991 
274 1 0.0122 0.962 0.0056 0.00999 0.00988 
275 1 0.0121 0.962 0.00558 0.00996 0.00986 
276 1 0.0121 0.963 0.00556 0.00994 0.00983 
277 1 0.0121 0.963 0.00555 0.00991 0.00981 
278 1 0.012 0.963 0.00553 0.00989 0.00978 
279 1 0.012 0.963 0.00551 0.00987 0.00976 
280 1 0.012 0.963 0.0055 0.00984 0.00974 
281 1 0.0119 0.963 0.00548 0.00982 0.00971 
282 1 0.0119 0.963 0.00547 0.00979 0.00969 
283 1 0.0118 0.963 0.00545 0.00977 0.00967 
284 1 0.0118 0.963 0.00544 0.00975 0.00964 
285 1 0.0118 0.963 0.00542 0.00972 0.00962 
286 1 0.0117 0.964 0.00541 0.0097 0.0096 
287 1 0.0117 0.964 0.00539 0.00968 0.00957 
288 1 0.0117 0.964 0.00538 0.00965 0.00955 
289 1 0.0116 0.964 0.00536 0.00963 0.00953 
290 1 0.0116 0.964 0.00535 0.00961 0.00951 
291 1 0.0116 0.964 0.00533 0.00959 0.00948 
292 1 0.0115 0.964 0.00532 0.00956 0.00946 
293 1 0.0115 0.964 0.0053 0.00954 0.00944 
294 1 0.0115 0.964 0.00529 0.00952 0.00942 
295 1 0.0114 0.964 0.00527 0.0095 0.0094 
296 1 0.0114 0.965 0.00526 0.00948 0.00937 
297 1 0.0114 0.965 0.00524 0.00945 0.00935 
298 1 0.0113 0.965 0.00523 0.00943 0.00933 
299 1 0.0113 0.965 0.00521 0.00941 0.00931 
300 1 0.0113 0.965 0.0052 0.00939 0.00929 
301 1 0.0112 0.965 0.00519 0.00937 0.00927 
302 1 0.0112 0.965 0.00517 0.00935 0.00925 
303 1 0.0112 0.965 0.00516 0.00933 0.00922 
304 1 0.0111 0.965 0.00514 0.00931 0.0092 
305 1 0.0111 0.965 0.00513 0.00928 0.00918 
306 1 0.0111 0.965 0.00512 0.00926 0.00916 
307 1 0.011 0.965 0.0051 0.00924 0.00914 
308 1 0.011 0.966 0.00509 0.00922 0.00912 
309 1 0.011 0.966 0.00508 0.0092 0.0091 
310 1 0.0109 0.966 0.00506 0.00918 0.00908 
311 1 0.0109 0.966 0.00505 0.00916 0.00906 
312 1 0.0109 0.966 0.00504 0.00914 0.00904 
313 1 0.0108 0.966 0.00502 0.00912 0.00902 
314 1 0.0108 0.966 0.00501 0.0091 0.009 
315 1 0.0108 0.966 0.005 0.00908 0.00898 
316 1 0.0108 0.966 0.00498 0.00906 0.00896 
317 1 0.0107 0.966 0.00497 0.00904 0.00894 
318 1 0.0107 0.966 0.00496 0.00902 0.00892 
319 1 0.0107 0.966 0.00494 0.009 0.0089 
320 1 0.0106 0.967 0.00493 0.00898 0.00888 
321 1 0.0106 0.967 0.00492 0.00896 0.00886 
322 1 0.0106 0.967 0.00491 0.00895 0.00885 
323 1 0.0105 0.967 0.00489 0.00893 0.00883 
324 1 0.0105 0.967 0.00488 0.00891 0.00881 
325 1 0.0105 0.967 0.00487 0.00889 0.00879 
326 1 0.0105 0.967 0.00486 0.00887 0.00877 
327 1 0.0104 0.967 0.00484 0.00885 0.00875 
328 1 0.0104 0.967 0.00483 0.00883 0.00873 
329 1 0.0104 0.967 0.00482 0.00881 0.00872 
330 1 0.0103 0.967 0.00481 0.0088 0.0087 
331 1 0.0103 0.967 0.0048 0.00878 0.00868 
332 1 0.0103 0.968 0.00478 0.00876 0.00866 
333 1 0.0103 0.968 0.00477 0.00874 0.00864 
334 1 0.0102 0.968 0.00476 0.00872 0.00863 
335 1 0.0102 0.968 0.00475 0.00871 0.00861 
336 1 0.0102 0.968 0.00474 0.00869 0.00859 
337 1 0.0101 0.968 0.00472 0.00867 0.00857 
338 1 0.0101 0.968 0.00471 0.00865 0.00855 
339 1 0.0101 0.968 0.0047 0.00863 0.00854 
340 1 0.0101 0.968 0.00469 0.00862 0.00852 
341 1 0.01 0.968 0.00468 0.0086 0.0085 
342 1 0.01 0.968 0.00467 0.00858 0.00849 
343 1 0.00998 0.968 0.00466 0.00857 0.00847 
344 1 0.00996 0.968 0.00464 0.00855 0.00845 
345 1 0.00993 0.968 0.00463 0.00853 0.00843 
346 1 0.0099 0.969 0.00462 0.00851 0.00842 
347 1 0.00988 0.969 0.00461 0.0085 0.0084 
348 1 0.00985 0.969 0.0046 0.00848 0.00838 
349 1 0.00983 0.969 0.00459 0.00846 0.00837 
350 1 0.0098 0.969 0.00458 0.00845 0.00835 
351 1 0.00977 0.969 0.00457 0.00843 0.00833 
352 1 0.00975 0.969 0.00456 0.00841 0.00832 
353 1 0.00972 0.969 0.00455 0.0084 0.0083 
354 1 0.0097 0.969 0.00453 0.00838 0.00829 
355 1 0.00967 0.969 0.00452 0.00837 0.00827 
356 1 0.00965 0.969 0.00451 0.00835 0.00825 
357 1 0.00962 0.969 0.0045 0.00833 0.00824 
358 1 0.0096 0.969 0.00449 0.00832 0.00822 
359 1 0.00957 0.969 0.00448 0.0083 0.00821 
360 1 0.00955 0.97 0.00447 0.00829 0.00819 
361 1 0.00952 0.97 0.00446 0.00827 0.00817 
362 1 0.0095 0.97 0.00445 0.00825 0.00816 
363 1 0.00948 0.97 0.00444 0.00824 0.00814 
364 1 0.00945 0.97 0.00443 0.00822 0.00813 
365 1 0.00943 0.97 0.00442 0.00821 0.00811 
366 1 0.0094 0.97 0.00441 0.00819 0.0081 
367 1 0.00938 0.97 0.0044 0.00818 0.00808 
368 1 0.00936 0.97 0.00439 0.00816 0.00807 
369 1 0.00933 0.97 0.00438 0.00815 0.00805 
370 1 0.00931 0.97 0.00437 0.00813 0.00804 
371 1 0.00929 0.97 0.00436 0.00811 0.00802 
372 1 0.00926 0.97 0.00435 0.0081 0.00801 
373 1 0.00924 0.97 0.00434 0.00809 0.00799 
374 1 0.00922 0.97 0.00433 0.00807 0.00798 
375 1 0.0092 0.97 0.00432 0.00806 0.00796 
376 1 0.00917 0.971 0.00431 0.00804 0.00795 
377 1 0.00915 0.971 0.0043 0.00803 0.00793 
378 1 0.00913 0.971 0.00429 0.00801 0.00792 
379 1 0.00911 0.971 0.00428 0.008 0.0079 
380 1 0.00914 0.971 0.0043 0.00803 0.00794 
381 1 0.00916 0.971 0.00431 0.00806 0.00796 
382 1 0.00919 0.97 0.00432 0.00809 0.00799 
383 1 0.00921 0.97 0.00432 0.00812 0.00802 
384 1 0.00923 0.97 0.00433 0.00814 0.00805 
385 1 0.00925 0.97 0.00434 0.00817 0.00807 
386 1 0.00927 0.97 0.00435 0.00819 0.00809 
387 1 0.00929 0.97 0.00436 0.00822 0.00812 
388 1 0.00931 0.97 0.00437 0.00824 0.00814 
389 1 0.00933 0.97 0.00437 0.00826 0.00817 
390 1 0.00935 0.97 0.00438 0.00829 0.00819 
391 1 0.00936 0.97 0.00439 0.00831 0.00821 
392 1 0.00938 0.97 0.00439 0.00833 0.00823 
393 1 0.0094 0.97 0.0044 0.00836 0.00826 
394 1 0.00942 0.97 0.00441 0.00838 0.00828 
395 1 0.00944 0.969 0.00442 0.0084 0.0083 
396 1 0.00945 0.969 0.00442 0.00843 0.00833 
397 1 0.00947 0.969 0.00443 0.00845 0.00835 
398 1 0.00949 0.969 0.00444 0.00848 0.00837 
399 1 0.00951 0.969 0.00444 0.0085 0.0084 
400 1 0.00952 0.969 0.00445 0.00852 0.00842 
401 1 0.00954 0.969 0.00446 0.00855 0.00844 
402 1 0.00956 0.969 0.00447 0.00857 0.00847 
403 1 0.00958 0.969 0.00447 0.0086 0.00849 
404 1 0.0096 0.969 0.00448 0.00862 0.00851 
405 1 0.00962 0.969 0.00449 0.00865 0.00854 
406 1 0.00963 0.969 0.0045 0.00867 0.00856 
407 1 0.00965 0.969 0.0045 0.00869 0.00859 
408 1 0.00967 0.968 0.00451 0.00872 0.00861 
409 1 0.00969 0.968 0.00452 0.00875 0.00864 
410 1 0.00971 0.968 0.00453 0.00877 0.00866 
411 1 0.00973 0.968 0.00453 0.0088 0.00869 
412 1 0.00975 0.968 0.00454 0.00882 0.00871 
413 1 0.00977 0.968 0.00455 0.00885 0.00874 
414 1 0.00993 0.968 0.00462 0.00901 0.0089 
415 1 0.00994 0.967 0.00462 0.00903 0.00891 
416 1 0.00996 0.967 0.00463 0.00905 0.00894 
417 1 0.0101 0.967 0.00469 0.00921 0.00909 
418 1 0.0101 0.967 0.0047 0.00922 0.00911 
419 1 0.0103 0.966 0.00476 0.00939 0.00927 
420 1 0.0103 0.966 0.00476 0.00939 0.00927 
421 1 0.0105 0.966 0.00483 0.00955 0.00943 
422 1 0.0104 0.966 0.00482 0.00955 0.00943 
423 1 0.0104 0.966 0.00482 0.00955 0.00943 
424 1 0.0106 0.965 0.00488 0.00971 0.00958 
425 1 0.0106 0.965 0.00487 0.0097 0.00957 
426 1 0.0107 0.965 0.00493 0.00985 0.00972 
427 1 0.0107 0.965 0.00492 0.00983 0.0097 
428 1 0.0108 0.964 0.00498 0.00997 0.00984 
429 1 0.0108 0.965 0.00496 0.00994 0.00981 
430 1 0.0109 0.964 0.00502 0.0101 0.00995 
431 1 0.0109 0.964 0.00499 0.01 0.00991 
432 1 0.011 0.964 0.00505 0.0102 0.0101 
433 1 0.0109 0.964 0.00502 0.0101 0.01 
434 1 0.0111 0.963 0.00507 0.0103 0.0101 
435 1 0.011 0.964 0.00504 0.0102 0.0101 
436 1 0.0111 0.963 0.00509 0.0103 0.0102 
437 1 0.011 0.963 0.00506 0.0103 0.0101 
438 1 0.0111 0.963 0.00511 0.0104 0.0103 
439 1 0.0112 0.963 0.00515 0.0105 0.0104 
440 1 0.0113 0.962 0.00519 0.0106 0.0105 
441 1 0.0114 0.962 0.00522 0.0107 0.0106 
442 1 0.0115 0.962 0.00526 0.0108 0.0107 
443 1 0.0116 0.961 0.00529 0.0109 0.0108 
444 1 0.0117 0.961 0.00532 0.011 0.0109 
445 1 0.0117 0.961 0.00535 0.0111 0.0109 
446 1 0.0118 0.961 0.00538 0.0112 0.011 
447 1 0.0119 0.96 0.00541 0.0113 0.0111 
448 1 0.012 0.96 0.00544 0.0114 0.0112 
449 1 0.012 0.96 0.00547 0.0115 0.0113 
450 1 0.0121 0.959 0.0055 0.0115 0.0114 
451 1 0.0122 0.959 0.00552 0.0116 0.0115 
452 1 0.0122 0.959 0.00555 0.0117 0.0115 
453 1 0.0123 0.959 0.00558 0.0118 0.0116 
454 1 0.0124 0.958 0.0056 0.0119 0.0117 
455 1 0.0124 0.958 0.00563 0.012 0.0118 
456 1 0.0125 0.958 0.00565 0.012 0.0119 
457 1 0.0125 0.958 0.00568 0.0121 0.0119 
458 1 0.0126 0.957 0.00571 0.0122 0.012 
459 1 0.0127 0.957 0.00573 0.0123 0.0121 
460 1 0.0127 0.957 0.00576 0.0124 0.0122 
461 1 0.0128 0.957 0.00579 0.0125 0.0123 
462 1 0.0129 0.956 0.00583 0.0126 0.0124 
463 1 0.013 0.956 0.00588 0.0127 0.0125 
464 1 0.0132 0.955 0.00593 0.0129 0.0127 
465 1 0.0133 0.955 0.00597 0.013 0.0128 
466 1 0.0134 0.954 0.00602 0.0132 0.013 
467 1 0.0135 0.954 0.00607 0.0133 0.0131 
468 1 0.0136 0.954 0.00612 0.0134 0.0132 
469 1 0.0138 0.953 0.00617 0.0136 0.0134 
470 1 0.0139 0.953 0.00621 0.0137 0.0135 
471 1 0.014 0.952 0.00626 0.0139 0.0137 
472 1 0.0141 0.952 0.00631 0.014 0.0138 
473 1 0.0142 0.951 0.00636 0.0142 0.014 
474 1 0.0144 0.951 0.00642 0.0144 0.0141 
475 1 0.0145 0.95 0.00647 0.0145 0.0143 
476 1 0.0147 0.95 0.00653 0.0147 0.0145 
477 1 0.0148 0.949 0.00658 0.0149 0.0146 
478 1 0.0149 0.949 0.00664 0.015 0.0148 
479 1 0.0151 0.948 0.0067 0.0152 0.015 
480 1 0.0152 0.947 0.00676 0.0154 0.0152 
481 1 0.0154 0.947 0.00683 0.0156 0.0154 
482 1 0.0156 0.946 0.00688 0.0158 0.0155 
483 1 0.0157 0.946 0.00695 0.016 0.0157 
484 1 0.0159 0.945 0.00701 0.0162 0.0159 
485 1 0.016 0.944 0.00707 0.0164 0.0161 
486 1 0.0162 0.944 0.00714 0.0166 0.0163 
487 1 0.0164 0.943 0.00721 0.0168 0.0166 
488 1 0.0165 0.942 0.00728 0.0171 0.0168 
489 1 0.0167 0.942 0.00735 0.0173 0.017 
490 1 0.0169 0.941 0.00742 0.0175 0.0172 
491 1 0.0171 0.94 0.00749 0.0178 0.0175 
492 1 0.0173 0.939 0.00757 0.018 0.0177 
493 1 0.0175 0.939 0.00765 0.0183 0.018 
494 1 0.0177 0.938 0.00774 0.0186 0.0183 
495 1 0.018 0.937 0.00783 0.0189 0.0185 
496 1 0.0182 0.936 0.00792 0.0192 0.0188 
497 1 0.0184 0.935 0.008 0.0194 0.0191 
498 1 0.0186 0.934 0.00808 0.0197 0.0194 
499 1 0.0189 0.933 0.00817 0.02 0.0196 
500 1 0.0191 0.932 0.00825 0.0203 0.0199 
501 1 0.0193 0.932 0.00834 0.0206 0.0202 
502 1 0.0195 0.931 0.00844 0.0209 0.0205 
503 1 0.0198 0.93 0.00853 0.0212 0.0208 
504 1 0.02 0.929 0.00861 0.0215 0.0211 
505 1 0.0203 0.928 0.00871 0.0219 0.0215 
506 1 0.0205 0.927 0.0088 0.0222 0.0218 
507 1 0.0208 0.926 0.0089 0.0226 0.0221 
508 1 0.021 0.925 0.009 0.0229 0.0225 
509 1 0.0213 0.923 0.00911 0.0233 0.0229 
510 1 0.0216 0.922 0.00922 0.0237 0.0232 
511 1 0.0219 0.921 0.00932 0.0241 0.0236 
512 1 0.0222 0.92 0.00943 0.0245 0.024 
513 1 0.0225 0.919 0.00954 0.0249 0.0244 
514 1 0.0228 0.917 0.00966 0.0253 0.0248 
515 1 0.0231 0.916 0.00977 0.0258 0.0252 
516 1 0.0235 0.915 0.0099 0.0262 0.0257 
517 1 0.0238 0.913 0.01 0.0267 0.0261 
518 1 0.0242 0.912 0.0102 0.0272 0.0266 
519 1 0.0245 0.911 0.0103 0.0276 0.0271 
520 1 0.0249 0.909 0.0104 0.0282 0.0275 
521 1 0.0252 0.908 0.0105 0.0286 0.028 
522 1 0.0256 0.906 0.0107 0.0292 0.0286 
523 1 0.026 0.904 0.0108 0.0298 0.0291 
524 1 0.0264 0.903 0.0109 0.0303 0.0296 
525 1 0.0269 0.901 0.0111 0.0309 0.0302 
526 1 0.0273 0.899 0.0112 0.0315 0.0308 
527 1 0.0277 0.898 0.0114 0.032 0.0313 
528 1 0.0282 0.896 0.0115 0.0327 0.032 
529 1 0.0287 0.894 0.0117 0.0334 0.0326 
530 1 0.0292 0.892 0.0119 0.0341 0.0333 
531 1 0.0296 0.89 0.012 0.0347 0.0339 
532 1 0.0302 0.887 0.0122 0.0355 0.0346 
533 1 0.0308 0.885 0.0124 0.0363 0.0354 
534 1 0.0313 0.883 0.0126 0.037 0.0361 
535 1 0.0319 0.881 0.0128 0.0379 0.0369 
536 1 0.0326 0.878 0.013 0.0387 0.0377 
537 1 0.0332 0.875 0.0132 0.0396 0.0386 
538 1 0.0338 0.873 0.0133 0.0405 0.0394 
539 1 0.0346 0.87 0.0136 0.0415 0.0404 
540 1 0.0354 0.867 0.0138 0.0426 0.0415 
541 1 0.0362 0.863 0.0141 0.0437 0.0426 
542 1 0.037 0.86 0.0143 0.0449 0.0437 
543 1 0.0379 0.857 0.0146 0.0461 0.0448 
544 1 0.0389 0.853 0.0148 0.0474 0.0461 
545 1 0.0399 0.849 0.0151 0.0488 0.0474 
546 1 0.041 0.845 0.0154 0.0502 0.0487 
547 1 0.0422 0.84 0.0158 0.0518 0.0503 
548 1 0.0435 0.835 0.0161 0.0535 0.0519 
549 1 0.0449 0.83 0.0165 0.0553 0.0537 
550 1 0.0465 0.824 0.0169 0.0573 0.0556 
551 1 0.048 0.818 0.0173 0.0593 0.0575 
552 1 0.0496 0.812 0.0177 0.0613 0.0594 
553 1 0.0513 0.806 0.0181 0.0634 0.0613 
554 1 0.0531 0.799 0.0185 0.0657 0.0635 
555 1 0.0551 0.792 0.019 0.0681 0.0658 
556 1 0.0573 0.784 0.0195 0.0707 0.0683 
557 1 0.0599 0.775 0.0201 0.074 0.0714 
558 1 0.0629 0.764 0.0208 0.0776 0.0749 
559 1 0.0658 0.754 0.0214 0.0809 0.078 
560 1 0.0686 0.744 0.0219 0.0843 0.0812 
561 1 0.0714 0.734 0.0225 0.0875 0.0842 
562 1 0.0739 0.726 0.0229 0.0902 0.0868 
563 1 0.0764 0.718 0.0233 0.0928 0.0893 
564 1 0.0793 0.709 0.0238 0.0959 0.0921 
565 1 0.0824 0.699 0.0243 0.0992 0.0952 
566 1 0.086 0.688 0.0248 0.103 0.0987 
567 1 0.0894 0.677 0.0253 0.106 0.102 
568 1 0.0932 0.666 0.0259 0.11 0.105 
569 1 0.0974 0.653 0.0264 0.114 0.109 
570 1 0.102 0.639 0.0271 0.119 0.113 
571 1 0.107 0.626 0.0276 0.123 0.117 
572 1 0.112 0.611 0.0282 0.127 0.121 
573 1 0.118 0.595 0.0289 0.132 0.126 
574 1 0.124 0.579 0.0295 0.137 0.131 
575 1 0.13 0.561 0.0301 0.143 0.136 
576 1 0.137 0.543 0.0308 0.148 0.141 
577 1 0.144 0.524 0.0314 0.154 0.146 
578 1 0.153 0.504 0.032 0.16 0.152 
579 1 0.161 0.485 0.0326 0.166 0.157 
580 1 0.169 0.465 0.0331 0.171 0.162 
581 1 0.178 0.445 0.0335 0.177 0.167 
582 1 0.188 0.425 0.0339 0.182 0.171 
583 1 0.196 0.409 0.0342 0.186 0.175 
584 1 0.202 0.4 0.0342 0.188 0.176 
585 1 0.209 0.39 0.0342 0.189 0.178 
586 1 0.213 0.386 0.034 0.189 0.177 
587 1 0.216 0.387 0.0337 0.187 0.176 
588 1 0.219 0.386 0.0334 0.187 0.175 
589 1 0.222 0.385 0.0332 0.186 0.174 
590 1 0.225 0.382 0.033 0.186 0.174 
591 1 0.229 0.379 0.0328 0.186 0.173 
592 1 0.234 0.376 0.0326 0.185 0.173 
593 1 0.238 0.372 0.0324 0.185 0.172 
594 1 0.243 0.367 0.0322 0.185 0.172 
595 1 0.248 0.362 0.0321 0.185 0.172 
596 1 0.254 0.357 0.0319 0.185 0.171 
597 1 0.26 0.352 0.0317 0.185 0.171 
598 1 0.266 0.346 0.0315 0.185 0.171 
599 1 0.272 0.34 0.0314 0.185 0.171 
600 1 0.279 0.335 0.0312 0.185 0.17 
601 1 0.286 0.329 0.031 0.185 0.169 
602 1 0.293 0.323 0.0307 0.185 0.169 
603 1 0.301 0.316 0.0305 0.184 0.168 
604 1 0.308 0.31 0.0303 0.184 0.167 
605 0 0.316 0.305 0.0301 0.183 0.166 
606 0 0.323 0.299 0.0298 0.183 0.165 
607 0 0.331 0.293 0.0295 0.182 0.164 
608 0 0.34 0.287 0.0293 0.182 0.163 
609 0 0.348 0.28 0.029 0.181 0.161 
610 0 0.354 0.278 0.0287 0.18 0.159 
611 0 0.36 0.275 0.0284 0.179 0.158 
612 0 0.366 0.272 0.0281 0.178 0.156 
613 0 0.372 0.269 0.0279 0.177 0.154 
614 0 0.377 0.266 0.0276 0.177 0.152 
615 0 0.383 0.263 0.0273 0.177 0.15 
616 0 0.389 0.259 0.027 0.177 0.148 
617 0 0.394 0.255 0.0268 0.178 0.146 
618 0 0.398 0.251 0.0265 0.18 0.144 
619 0 0.402 0.246 0.0263 0.183 0.143 
620 0 0.405 0.242 0.026 0.186 0.141 
621 0 0.408 0.237 0.0258 0.191 0.139 
622 0 0.409 0.231 0.0256 0.197 0.137 
623 0 0.41 0.226 0.0254 0.203 0.135 
624 0 0.41 0.221 0.0252 0.211 0.133 
625 0 0.41 0.216 0.025 0.219 0.131 
626 0 0.409 0.21 0.0247 0.228 0.129 
627 0 0.407 0.204 0.0245 0.237 0.127 
628 0 0.404 0.199 0.0243 0.248 0.125 
629 0 0.401 0.193 0.024 0.259 0.123 
630 0 0.398 0.188 0.0237 0.27 0.121 
631 0 0.393 0.182 0.0235 0.283 0.118 
632 0 0.388 0.177 0.0232 0.296 0.116 
633 0 0.383 0.171 0.0229 0.31 0.114 
634 0 0.377 0.165 0.0225 0.324 0.111 
635 0 0.37 0.16 0.0222 0.339 0.108 
636 0 0.363 0.154 0.0218 0.355 0.106 
637 3 0.356 0.148 0.0215 0.371 0.103 
638 3 0.349 0.143 0.0211 0.387 0.1 
639 3 0.342 0.137 0.0206 0.403 0.0976 
640 3 0.335 0.132 0.0202 0.419 0.0947 
641 3 0.328 0.126 0.0198 0.434 0.0918 
642 3 0.324 0.122 0.0193 0.447 0.089 
643 3 0.321 0.117 0.0189 0.457 0.0863 
644 3 0.32 0.113 0.0185 0.465 0.0836 
645 3 0.322 0.108 0.0181 0.471 0.081 
646 3 0.324 0.104 0.0177 0.476 0.0785 
647 3 0.327 0.1 0.0174 0.479 0.0761 
648 3 0.331 0.0966 0.017 0.482 0.0738 
649 3 0.335 0.0931 0.0167 0.484 0.0717 
650 3 0.339 0.0898 0.0164 0.485 0.0696 
651 3 0.343 0.0867 0.016 0.487 0.0676 
652 3 0.347 0.0838 0.0157 0.488 0.0658 
653 3 0.35 0.081 0.0154 0.489 0.064 
654 3 0.354 0.0783 0.0151 0.49 0.0623 
655 3 0.357 0.0758 0.0148 0.492 0.0606 
656 3 0.36 0.0734 0.0146 0.493 0.0591 
657 3 0.363 0.0711 0.0143 0.494 0.0576 
658 3 0.365 0.0689 0.014 0.496 0.0562 
659 3 0.367 0.0668 0.0138 0.498 0.0548 
660 3 0.368 0.0647 0.0135 0.5 0.0534 
661 3 0.368 0.0628 0.0133 0.503 0.0522 
662 3 0.368 0.0609 0.0131 0.507 0.0509 
663 3 0.366 0.059 0.0128 0.512 0.0496 
664 3 0.363 0.0572 0.0126 0.519 0.0484 
665 3 0.357 0.0554 0.0123 0.528 0.0471 
666 3 0.352 0.0536 0.0121 0.537 0.0459 
667 3 0.347 0.052 0.0118 0.544 0.0447 
668 3 0.343 0.0505 0.0116 0.551 0.0436 
669 3 0.339 0.049 0.0114 0.558 0.0426 
670 3 0.333 0.0476 0.0112 0.566 0.0416 
671 3 0.327 0.0461 0.0109 0.576 0.0405 
672 3 0.318 0.0446 0.0107 0.587 0.0394 
673 3 0.305 0.043 0.0104 0.603 0.0382 
674 3 0.289 0.0412 0.0101 0.623 0.0368 
675 3 0.273 0.0395 0.00976 0.642 0.0354 
676 3 0.258 0.0378 0.00944 0.661 0.034 
677 3 0.244 0.0361 0.00913 0.678 0.0327 
678 3 0.23 0.0346 0.00882 0.695 0.0314 
679 3 0.218 0.0331 0.00853 0.71 0.0302 
680 3 0.207 0.0318 0.00825 0.724 0.0291 
681 3 0.196 0.0305 0.00798 0.737 0.028 
682 3 0.187 0.0292 0.00773 0.749 0.027 
683 3 0.178 0.0281 0.00749 0.761 0.026 
684 3 0.17 0.0271 0.00726 0.771 0.0252 
685 3 0.163 0.0261 0.00706 0.779 0.0244 
686 3 0.159 0.0254 0.00692 0.785 0.0238 
687 3 0.158 0.025 0.00683 0.787 0.0235 
688 3 0.158 0.0246 0.00677 0.788 0.0232 
689 3 0.159 0.0243 0.00672 0.787 0.023 
690 3 0.16 0.0241 0.00669 0.786 0.0229 
691 3 0.162 0.0239 0.00667 0.785 0.0228 
692 3 0.164 0.0238 0.00666 0.782 0.0228 
693 3 0.167 0.0237 0.00665 0.78 0.0227 
694 3 0.171 0.0236 0.00666 0.776 0.0227 
695 3 0.175 0.0235 0.00666 0.773 0.0227 
696 3 0.179 0.0235 0.00668 0.768 0.0228 
697 3 0.184 0.0234 0.00669 0.764 0.0228 
698 3 0.189 0.0234 0.00671 0.758 0.0229 
699 3 0.194 0.0234 0.00674 0.753 0.023 
700 3 0.2 0.0234 0.00676 0.747 0.0231 
701 3 0.207 0.0234 0.00679 0.74 0.0232 
702 3 0.214 0.0234 0.00682 0.733 0.0233 
703 3 0.221 0.0234 0.00686 0.726 0.0234 
704 3 0.229 0.0234 0.00689 0.718 0.0235 
705 3 0.237 0.0234 0.00692 0.709 0.0236 
706 3 0.245 0.0234 0.00695 0.701 0.0237 
707 3 0.253 0.0234 0.00698 0.693 0.0239 
708 3 0.262 0.0234 0.007 0.684 0.024 
709 3 0.269 0.0234 0.00703 0.676 0.0241 
710 3 0.277 0.0233 0.00705 0.668 0.0242 
711 3 0.286 0.0233 0.00707 0.66 0.0243 
712 3 0.294 0.0232 0.00708 0.651 0.0244 
713 3 0.303 0.0231 0.00709 0.643 0.0245 
714 3 0.311 0.023 0.0071 0.634 0.0246 
715 3 0.32 0.023 0.00711 0.625 0.0247 
716 3 0.33 0.0229 0.00712 0.616 0.0248 
717 3 0.339 0.0228 0.00712 0.606 0.0248 
718 3 0.349 0.0227 0.00713 0.596 0.0249 
719 3 0.36 0.0226 0.00713 0.585 0.025 
720 3 0.375 0.0225 0.00714 0.57 0.0251 
721 3 0.394 0.0225 0.00717 0.551 0.0252 
722 3 0.417 0.0225 0.00719 0.528 0.0254 
723 3 0.441 0.0224 0.00719 0.504 0.0255 
724 3 0.466 0.0223 0.00718 0.479 0.0255 
725 0 0.488 0.0221 0.00716 0.457 0.0256 
726 0 0.506 0.0219 0.00712 0.439 0.0256 
727 0 0.521 0.0218 0.00709 0.425 0.0256 
728 0 0.533 0.0216 0.00706 0.413 0.0256 
729 0 0.543 0.0214 0.00703 0.403 0.0256 
730 0 0.551 0.0213 0.00701 0.395 0.0257 
731 0 0.559 0.0212 0.00698 0.387 0.0257 
732 0 0.565 0.021 0.00696 0.381 0.0258 
733 0 0.571 0.0209 0.00694 0.376 0.0259 
734 0 0.575 0.0208 0.00692 0.371 0.026 
735 0 0.579 0.0207 0.00691 0.367 0.0261 
736 0 0.582 0.0206 0.0069 0.364 0.0262 
737 0 0.584 0.0206 0.00689 0.362 0.0263 
738 0 0.586 0.0205 0.00688 0.36 0.0264 
739 0 0.587 0.0204 0.00688 0.359 0.0266 
740 0 0.588 0.0204 0.00687 0.358 0.0268 
741 0 0.588 0.0203 0.00687 0.358 0.0269 
742 0 0.588 0.0203 0.00687 0.357 0.0271 
743 0 0.588 0.0202 0.00687 0.358 0.0273 
744 0 0.587 0.0202 0.00688 0.358 0.0275 
745 0 0.587 0.0202 0.00688 0.359 0.0276 
746 0 0.586 0.0201 0.00688 0.359 0.0279 
747 0 0.585 0.0201 0.00689 0.36 0.0281 
748 0 0.583 0.0201 0.0069 0.361 0.0283 
749 0 0.582 0.0201 0.0069 0.362 0.0285 
750 0 0.581 0.02 0.00691 0.364 0.0287 
751 0 0.579 0.02 0.00692 0.365 0.029 
752 0 0.578 0.02 0.00693 0.366 0.0292 
753 0 0.576 0.02 0.00694 0.367 0.0295 
754 0 0.574 0.0201 0.007 0.369 0.0302 
755 0 0.571 0.0201 0.00701 0.371 0.0304 
756 0 0.57 0.02 0.00702 0.373 0.0307 
757 0 0.567 0.0201 0.00708 0.374 0.0315 
758 0 0.565 0.0201 0.00708 0.376 0.0317 
759 0 0.563 0.0202 0.00714 0.378 0.0324 
760 0 0.56 0.0202 0.00714 0.38 0.0326 
761 0 0.559 0.0201 0.00714 0.381 0.0328 
762 0 0.557 0.0202 0.0072 0.382 0.0336 
763 0 0.555 0.0202 0.0072 0.384 0.0338 
764 0 0.554 0.0201 0.00719 0.384 0.0339 
765 0 0.552 0.0202 0.00725 0.386 0.0347 
766 0 0.55 0.0201 0.00724 0.387 0.0348 
767 0 0.548 0.0202 0.00729 0.389 0.0356 
768 0 0.547 0.0202 0.00728 0.39 0.0357 
769 0 0.545 0.0202 0.00732 0.391 0.0364 
770 0 0.543 0.0202 0.00731 0.393 0.0365 
771 0 0.541 0.0202 0.00735 0.394 0.0372 
772 0 0.54 0.0201 0.00733 0.396 0.0372 
773 0 0.539 0.0201 0.00731 0.396 0.0372 
774 0 0.538 0.0201 0.00735 0.397 0.0379 
775 0 0.536 0.02 0.00733 0.399 0.0378 
776 0 0.534 0.0201 0.00736 0.4 0.0385 
777 0 0.533 0.02 0.00734 0.402 0.0384 
778 0 0.531 0.02 0.00737 0.403 0.0391 
779 0 0.528 0.0201 0.0074 0.405 0.0397 
780 0 0.527 0.02 0.00736 0.406 0.0395 
781 0 0.526 0.02 0.00739 0.407 0.0401 
782 0 0.523 0.02 0.00741 0.409 0.0406 
783 0 0.521 0.0201 0.00744 0.411 0.0412 
784 0 0.518 0.0201 0.00747 0.412 0.0419 
785 0 0.516 0.0201 0.00748 0.414 0.0424 
786 0 0.514 0.0201 0.0075 0.415 0.0429 
787 0 0.513 0.0201 0.00752 0.416 0.0435 
788 0 0.511 0.0201 0.00754 0.418 0.044 
789 0 0.509 0.0201 0.00755 0.419 0.0446 
790 0 0.507 0.0201 0.00757 0.42 0.0451 
791 0 0.505 0.0201 0.00759 0.422 0.0457 
792 0 0.503 0.0201 0.00761 0.423 0.0463 
793 0 0.501 0.0201 0.00762 0.424 0.0468 
794 0 0.499 0.0201 0.00763 0.425 0.0473 
795 0 0.498 0.0201 0.00765 0.427 0.0479 
796 0 0.496 0.0201 0.00766 0.428 0.0485 
797 0 0.494 0.0201 0.00768 0.429 0.049 
798 0 0.492 0.0201 0.00769 0.43 0.0495 
799 0 0.491 0.0201 0.0077 0.431 0.0501 
800 0 0.489 0.0201 0.00771 0.433 0.0507 
801 0 0.487 0.0201 0.00772 0.434 0.0512 
802 0 0.486 0.0201 0.00773 0.435 0.0517 
803 0 0.484 0.0201 0.00774 0.436 0.0523 
804 0 0.483 0.0201 0.00775 0.437 0.0528 
805 0 0.481 0.0201 0.00776 0.438 0.0533 
806 0 0.48 0.0201 0.00776 0.439 0.0538 
807 0 0.478 0.0201 0.00777 0.439 0.0543 
808 0 0.477 0.0201 0.00778 0.44 0.0549 
809 0 0.475 0.0201 0.00779 0.441 0.0555 
810 0 0.474 0.0202 0.00781 0.442 0.0563 
811 0 0.472 0.0202 0.00783 0.443 0.0571 
812 0 0.47 0.0202 0.00785 0.444 0.0579 
813 0 0.468 0.0202 0.00788 0.445 0.0588 
814 0 0.466 0.0203 0.00791 0.446 0.0598 
815 0 0.464 0.0203 0.00794 0.447 0.061 
816 0 0.462 0.0204 0.00797 0.448 0.0621 
817 0 0.46 0.0204 0.00801 0.448 0.0634 
818 0 0.457 0.0205 0.00806 0.449 0.0649 
819 0 0.455 0.0206 0.0081 0.45 0.0664 
820 0 0.453 0.0206 0.00815 0.451 0.068 
821 3 0.45 0.0207 0.0082 0.451 0.0698 
822 3 0.448 0.0208 0.00826 0.451 0.0718 
823 3 0.445 0.0209 0.00833 0.452 0.074 
824 3 0.442 0.021 0.00839 0.452 0.0762 
825 3 0.44 0.0211 0.00845 0.452 0.0786 
826 3 0.437 0.0212 0.00853 0.452 0.0814 
827 3 0.434 0.0213 0.00861 0.451 0.0844 
828 3 0.431 0.0214 0.00867 0.451 0.0872 
829 3 0.429 0.0215 0.00874 0.451 0.0902 
830 3 0.426 0.0216 0.00882 0.45 0.0936 
831 3 0.423 0.0217 0.0089 0.449 0.0971 
832 3 0.42 0.0218 0.00898 0.448 0.101 
833 3 0.417 0.022 0.00907 0.446 0.105 
834 3 0.414 0.0221 0.00915 0.445 0.11 
835 3 0.411 0.0222 0.00923 0.443 0.114 
836 3 0.408 0.0223 0.00931 0.441 0.119 
837 3 0.405 0.0224 0.0094 0.439 0.124 
838 3 0.401 0.0225 0.00948 0.437 0.13 
839 3 0.398 0.0226 0.00956 0.435 0.135 
840 3 0.395 0.0227 0.00964 0.432 0.141 
841 3 0.391 0.0228 0.00972 0.429 0.147 
842 3 0.387 0.0229 0.00979 0.426 0.154 
843 3 0.384 0.023 0.00986 0.423 0.16 
844 3 0.38 0.023 0.00993 0.42 0.167 
845 3 0.377 0.0231 0.00999 0.416 0.174 
846 3 0.373 0.0231 0.01 0.413 0.181 
847 3 0.369 0.0232 0.0101 0.409 0.189 
848 3 0.365 0.0232 0.0102 0.405 0.196 
849 3 0.361 0.0232 0.0102 0.402 0.204 
850 3 0.357 0.0233 0.0102 0.398 0.211 
851 3 0.354 0.0233 0.0103 0.394 0.219 
852 3 0.35 0.0232 0.0103 0.39 0.227 
853 3 0.346 0.0232 0.0103 0.386 0.235 
854 3 0.342 0.0232 0.0103 0.382 0.243 
855 3 0.338 0.0232 0.0104 0.378 0.25 
856 3 0.335 0.0231 0.0104 0.374 0.258 
857 3 0.332 0.0231 0.0104 0.37 0.265 
858 3 0.328 0.023 0.0104 0.367 0.272 
859 3 0.325 0.023 0.0104 0.363 0.278 
860 3 0.322 0.0229 0.0104 0.36 0.285 
861 3 0.319 0.0228 0.0103 0.357 0.291 
862 3 0.316 0.0228 0.0103 0.354 0.297 
863 3 0.314 0.0227 0.0103 0.352 0.301 
864 3 0.312 0.0226 0.0103 0.349 0.306 
865 3 0.31 0.0226 0.0103 0.347 0.311 
866 3 0.308 0.0225 0.0103 0.345 0.314 
867 3 0.306 0.0224 0.0103 0.343 0.318 
868 3 0.305 0.0224 0.0102 0.342 0.32 
869 3 0.304 0.0223 0.0102 0.342 0.322 
870 3 0.304 0.0222 0.0102 0.342 0.322 
871 3 0.304 0.0222 0.0102 0.342 0.321 
872 3 0.306 0.0222 0.0102 0.344 0.318 
873 3 0.307 0.0221 0.0102 0.346 0.315 
874 3 0.309 0.0221 0.0101 0.348 0.311 
875 3 0.312 0.022 0.0101 0.352 0.304 
876 3 0.315 0.022 0.0101 0.355 0.297 
877 3 0.319 0.022 0.0101 0.36 0.29 
878 3 0.323 0.0219 0.01 0.364 0.281 
879 3 0.326 0.0219 0.01 0.369 0.274 
880 3 0.329 0.0218 0.00997 0.372 0.266 
881 3 0.332 0.0217 0.00994 0.376 0.26 
882 3 0.335 0.0217 0.00991 0.379 0.254 
883 3 0.337 0.0216 0.00988 0.382 0.249 
884 3 0.339 0.0216 0.00986 0.385 0.245 
885 3 0.341 0.0215 0.00984 0.387 0.241 
886 3 0.342 0.0215 0.00982 0.389 0.238 
887 3 0.344 0.0215 0.0098 0.39 0.235 
888 3 0.345 0.0214 0.00979 0.392 0.232 
889 3 0.346 0.0214 0.00978 0.393 0.23 
890 3 0.346 0.0213 0.00978 0.394 0.229 
891 3 0.347 0.0213 0.00977 0.395 0.228 
892 3 0.347 0.0213 0.00977 0.395 0.227 
893 3 0.347 0.0213 0.00978 0.396 0.226 
894 3 0.347 0.0212 0.00978 0.397 0.226 
895 3 0.346 0.0212 0.00979 0.397 0.226 
896 3 0.346 0.0212 0.0098 0.397 0.226 
897 3 0.345 0.0212 0.00981 0.398 0.226 
898 3 0.344 0.0212 0.00982 0.399 0.226 
899 3 0.343 0.0211 0.00984 0.399 0.227 
900 3 0.341 0.0211 0.00985 0.4 0.228 
901 3 0.34 0.0211 0.00987 0.401 0.228 
902 3 0.338 0.0211 0.00988 0.402 0.228 
903 3 0.337 0.021 0.00989 0.403 0.229 
904 3 0.335 0.021 0.0099 0.405 0.229 
905 3 0.334 0.0209 0.00991 0.406 0.229 
906 3 0.333 0.0209 0.00992 0.408 0.228 
907 3 0.332 0.0208 0.00992 0.409 0.228 
908 3 0.332 0.0208 0.00993 0.41 0.228 
909 3 0.331 0.0208 0.00994 0.411 0.228 
910 3 0.33 0.0207 0.00996 0.41 0.229 
911 3 0.329 0.0207 0.00999 0.408 0.233 
912 3 0.327 0.0207 0.01 0.404 0.238 
913 3 0.325 0.0207 0.0101 0.398 0.246 
914 3 0.322 0.0207 0.0101 0.39 0.257 
915 3 0.319 0.0207 0.0102 0.381 0.269 
916 3 0.315 0.0206 0.0102 0.371 0.283 
917 3 0.31 0.0206 0.0103 0.36 0.299 
918 3 0.305 0.0205 0.0103 0.349 0.314 
919 3 0.301 0.0204 0.0103 0.339 0.329 
920 4 0.297 0.0203 0.0103 0.33 0.342 
921 4 0.294 0.0202 0.0103 0.323 0.353 
922 4 0.29 0.0201 0.0103 0.315 0.365 
923 4 0.282 0.0199 0.0103 0.301 0.387 
924 4 0.272 0.0196 0.0102 0.286 0.412 
925 4 0.262 0.0192 0.0101 0.271 0.437 
926 4 0.252 0.0188 0.01 0.256 0.463 
927 4 0.241 0.0184 0.00984 0.241 0.49 
928 4 0.229 0.0179 0.00966 0.227 0.516 
929 4 0.219 0.0174 0.00948 0.214 0.539 
930 4 0.211 0.017 0.00931 0.204 0.558 
931 4 0.205 0.0167 0.00918 0.197 0.572 
932 4 0.203 0.0165 0.0091 0.193 0.578 
933 4 0.204 0.0164 0.00907 0.191 0.58 
934 4 0.207 0.0164 0.0091 0.193 0.575 
935 4 0.21 0.0164 0.00913 0.195 0.569 
936 4 0.215 0.0164 0.00917 0.197 0.563 
937 4 0.219 0.0165 0.00922 0.2 0.555 
938 4 0.224 0.0165 0.00927 0.203 0.547 
939 4 0.23 0.0166 0.00933 0.207 0.537 
940 4 0.237 0.0167 0.0094 0.211 0.526 
941 4 0.245 0.0168 0.00948 0.217 0.512 
942 4 0.254 0.0169 0.00957 0.223 0.497 
943 4 0.264 0.0171 0.00965 0.23 0.479 
944 4 0.275 0.0172 0.00972 0.237 0.461 
945 4 0.286 0.0173 0.00978 0.244 0.443 
946 4 0.297 0.0174 0.00982 0.252 0.424 
947 4 0.309 0.0174 0.00985 0.259 0.406 
948 4 0.318 0.0174 0.00985 0.265 0.39 
949 4 0.327 0.0174 0.00983 0.269 0.377 
950 4 0.334 0.0174 0.0098 0.273 0.366 
951 4 0.341 0.0173 0.00976 0.276 0.356 
952 0 0.347 0.0173 0.00972 0.28 0.346 
953 0 0.354 0.0172 0.00968 0.284 0.335 
954 0 0.361 0.0172 0.00963 0.287 0.325 
955 0 0.369 0.0171 0.00958 0.291 0.313 
956 0 0.376 0.0171 0.00952 0.295 0.302 
957 0 0.382 0.017 0.00946 0.298 0.293 
958 0 0.388 0.017 0.00941 0.301 0.285 
959 0 0.393 0.0169 0.00935 0.304 0.277 
960 0 0.397 0.0168 0.0093 0.307 0.27 
961 0 0.401 0.0168 0.00925 0.309 0.264 
962 0 0.404 0.0167 0.0092 0.312 0.258 
963 0 0.407 0.0167 0.00916 0.314 0.253 
964 0 0.41 0.0166 0.00912 0.316 0.248 
965 0 0.412 0.0166 0.00908 0.319 0.243 
966 0 0.414 0.0165 0.00904 0.321 0.239 
967 0 0.416 0.0165 0.00901 0.323 0.236 
968 0 0.417 0.0164 0.00898 0.325 0.233 
969 0 0.419 0.0164 0.00896 0.326 0.23 
970 0 0.419 0.0164 0.00894 0.328 0.227 
971 0 0.42 0.0163 0.00893 0.33 0.225 
972 0 0.42 0.0163 0.00891 0.331 0.224 
973 0 0.42 0.0163 0.0089 0.333 0.222 
974 0 0.419 0.0163 0.0089 0.334 0.222 
975 0 0.418 0.0163 0.00891 0.335 0.222 
976 0 0.416 0.0163 0.00891 0.335 0.224 
977 0 0.414 0.0163 0.00893 0.335 0.226 
978 0 0.411 0.0163 0.00895 0.334 0.23 
979 0 0.407 0.0163 0.00897 0.333 0.235 
980 0 0.402 0.0164 0.009 0.331 0.241 
981 0 0.397 0.0164 0.00902 0.328 0.25 
982 0 0.39 0.0164 0.00904 0.324 0.26 
983 0 0.383 0.0165 0.00906 0.319 0.272 
984 0 0.375 0.0165 0.00907 0.313 0.286 
985 0 0.366 0.0165 0.00907 0.307 0.302 
986 0 0.356 0.0164 0.00906 0.3 0.318 
987 0 0.346 0.0164 0.00903 0.292 0.337 
988 4 0.335 0.0163 0.00899 0.283 0.356 
989 4 0.324 0.0162 0.00892 0.274 0.377 
990 4 0.311 0.016 0.00884 0.265 0.399 
991 4 0.299 0.0158 0.00874 0.255 0.422 
992 4 0.286 0.0156 0.00863 0.245 0.445 
