0 0 0.2 0.2 0.2 0.2 0.2 
1 3 0.175 0.203 0.208 0.21 0.204 
2 3 0.174 0.203 0.209 0.21 0.204 
3 3 0.174 0.203 0.209 0.21 0.204 
4 3 0.174 0.203 0.209 0.21 0.204 
5 3 0.174 0.203 0.209 0.21 0.204 
6 3 0.174 0.203 0.209 0.21 0.204 
7 3 0.174 0.203 0.21 0.21 0.204 
8 3 0.174 0.202 0.21 0.21 0.204 
9 2 0.174 0.202 0.21 0.21 0.204 
10 2 0.174 0.202 0.21 0.21 0.204 
11 2 0.174 0.202 0.21 0.21 0.204 
12 2 0.174 0.202 0.21 0.21 0.204 
13 2 0.174 0.202 0.21 0.21 0.204 
14 2 0.174 0.202 0.21 0.21 0.204 
15 2 0.174 0.202 0.21 0.21 0.204 
16 2 0.174 0.202 0.211 0.21 0.204 
17 2 0.174 0.202 0.211 0.21 0.204 
18 2 0.174 0.202 0.211 0.209 0.204 
19 2 0.174 0.202 0.211 0.209 0.204 
20 2 0.174 0.202 0.211 0.209 0.204 
21 2 0.174 0.202 0.211 0.209 0.204 
22 2 0.174 0.202 0.211 0.209 0.204 
23 2 0.174 0.202 0.211 0.209 0.204 
24 2 0.174 0.202 0.212 0.209 0.204 
25 2 0.174 0.201 0.212 0.209 0.204 
26 2 0.174 0.201 0.212 0.209 0.203 
27 2 0.174 0.201 0.212 0.209 0.203 
28 2 0.174 0.201 0.212 0.209 0.203 
29 2 0.174 0.201 0.212 0.209 0.203 
30 2 0.174 0.201 0.212 0.209 0.203 
31 2 0.174 0.201 0.213 0.209 0.203 
32 2 0.174 0.201 0.213 0.209 0.203 
33 2 0.174 0.201 0.213 0.209 0.203 
34 2 0.174 0.201 0.213 0.209 0.203 
35 2 0.174 0.201 0.213 0.209 0.203 
36 2 0.174 0.201 0.213 0.209 0.203 
37 2 0.174 0.201 0.214 0.209 0.203 
38 2 0.173 0.201 0.214 0.209 0.203 
39 2 0.173 0.201 0.214 0.209 0.203 
40 2 0.173 0.2 0.214 0.209 0.203 
41 2 0.173 0.2 0.214 0.209 0.203 
42 2 0.173 0.2 0.214 0.209 0.203 
43 2 0.173 0.2 0.215 0.209 0.203 
44 2 0.173 0.2 0.215 0.209 0.203 
45 2 0.173 0.2 0.215 0.209 0.203 
46 2 0.173 0.2 0.215 0.209 0.203 
47 2 0.173 0.2 0.215 0.209 0.203 
48 2 0.173 0.2 0.216 0.209 0.203 
49 2 0.173 0.2 0.216 0.209 0.203 
50 2 0.173 0.2 0.216 0.209 0.203 
51 2 0.173 0.2 0.216 0.209 0.203 
52 2 0.173 0.2 0.216 0.209 0.203 
53 2 0.173 0.199 0.217 0.209 0.202 
54 2 0.173 0.199 0.217 0.208 0.202 
55 2 0.173 0.199 0.217 0.208 0.202 
56 2 0.173 0.199 0.217 0.208 0.202 
57 2 0.173 0.199 0.218 0.208 0.202 
58 2 0.173 0.199 0.218 0.208 0.202 
59 2 0.173 0.199 0.218 0.208 0.202 
60 2 0.173 0.199 0.218 0.208 0.202 
61 2 0.172 0.199 0.219 0.208 0.202 
62 2 0.172 0.199 0.219 0.208 0.202 
63 2 0.172 0.198 0.219 0.208 0.202 
64 2 0.172 0.198 0.22 0.208 0.202 
65 2 0.172 0.198 0.22 0.208 0.202 
66 2 0.172 0.198 0.22 0.208 0.202 
67 2 0.172 0.198 0.221 0.208 0.202 
68 2 0.172 0.198 0.221 0.208 0.201 
69 2 0.172 0.198 0.221 0.208 0.201 
70 2 0.172 0.198 0.222 0.207 0.201 
71 2 0.172 0.197 0.222 0.207 0.201 
72 2 0.172 0.197 0.223 0.207 0.201 
73 2 0.172 0.197 0.223 0.207 0.201 
74 2 0.171 0.197 0.224 0.207 0.201 
75 2 0.171 0.197 0.224 0.207 0.201 
76 2 0.171 0.197 0.225 0.207 0.2 
77 2 0.171 0.196 0.226 0.207 0.2 
78 2 0.171 0.196 0.226 0.206 0.2 
79 2 0.171 0.196 0.227 0.206 0.2 
80 2 0.171 0.196 0.228 0.206 0.2 
81 2 0.17 0.195 0.229 0.206 0.199 
82 2 0.17 0.195 0.23 0.205 0.199 
83 2 0.17 0.195 0.232 0.205 0.199 
84 2 0.169 0.194 0.234 0.204 0.198 
85 2 0.169 0.193 0.236 0.204 0.198 
86 2 0.168 0.193 0.239 0.203 0.197 
87 2 0.168 0.192 0.243 0.202 0.196 
88 2 0.167 0.191 0.246 0.201 0.195 
89 2 0.166 0.19 0.25 0.2 0.194 
90 2 0.166 0.189 0.253 0.199 0.193 
91 2 0.165 0.188 0.255 0.199 0.193 
92 2 0.165 0.188 0.258 0.198 0.192 
93 2 0.164 0.187 0.26 0.197 0.191 
94 2 0.164 0.187 0.262 0.197 0.191 
95 2 0.163 0.186 0.265 0.196 0.19 
96 2 0.163 0.185 0.267 0.196 0.19 
97 2 0.162 0.185 0.269 0.195 0.189 
98 2 0.162 0.184 0.271 0.195 0.189 
99 2 0.162 0.184 0.273 0.194 0.188 
100 2 0.161 0.183 0.274 0.194 0.188 
101 2 0.161 0.183 0.276 0.193 0.187 
102 2 0.16 0.182 0.278 0.193 0.187 
103 2 0.16 0.182 0.28 0.192 0.186 
104 2 0.16 0.181 0.282 0.192 0.186 
105 2 0.159 0.181 0.283 0.191 0.185 
106 2 0.159 0.18 0.285 0.191 0.185 
107 2 0.158 0.18 0.287 0.19 0.184 
108 2 0.158 0.18 0.288 0.19 0.184 
109 2 0.158 0.179 0.29 0.19 0.184 
110 2 0.157 0.179 0.292 0.189 0.183 
111 2 0.157 0.178 0.294 0.189 0.183 
112 2 0.156 0.178 0.295 0.188 0.182 
113 2 0.156 0.177 0.297 0.188 0.182 
114 2 0.155 0.177 0.299 0.188 0.182 
115 2 0.154 0.177 0.301 0.187 0.181 
116 2 0.153 0.176 0.303 0.187 0.181 
117 2 0.152 0.176 0.305 0.187 0.181 
118 2 0.151 0.176 0.307 0.186 0.18 
119 2 0.149 0.175 0.31 0.186 0.18 
120 2 0.147 0.175 0.312 0.186 0.18 
121 2 0.145 0.175 0.315 0.186 0.18 
122 2 0.142 0.174 0.318 0.185 0.179 
123 2 0.14 0.174 0.322 0.185 0.179 
124 2 0.137 0.174 0.325 0.185 0.179 
125 2 0.134 0.174 0.328 0.185 0.179 
126 2 0.132 0.173 0.332 0.185 0.178 
127 2 0.129 0.173 0.336 0.184 0.178 
128 2 0.126 0.173 0.34 0.184 0.178 
129 2 0.123 0.172 0.344 0.184 0.177 
130 2 0.121 0.172 0.348 0.183 0.177 
131 2 0.118 0.171 0.352 0.183 0.176 
132 2 0.115 0.17 0.357 0.182 0.176 
133 2 0.112 0.17 0.362 0.181 0.175 
134 2 0.109 0.169 0.368 0.18 0.174 
135 2 0.107 0.167 0.375 0.179 0.173 
136 2 0.104 0.166 0.382 0.177 0.171 
137 2 0.101 0.164 0.392 0.175 0.169 
138 2 0.0974 0.16 0.405 0.172 0.166 
139 2 0.0936 0.156 0.423 0.167 0.161 
140 2 0.0892 0.15 0.446 0.16 0.155 
141 2 0.0845 0.143 0.473 0.153 0.147 
142 2 0.0798 0.136 0.5 0.145 0.14 
143 2 0.0751 0.128 0.528 0.136 0.132 
144 2 0.0705 0.121 0.556 0.128 0.124 
145 2 0.066 0.113 0.584 0.12 0.116 
146 2 0.0617 0.106 0.611 0.112 0.109 
147 2 0.0574 0.0986 0.638 0.105 0.101 
148 2 0.0533 0.0913 0.665 0.0967 0.0938 
149 2 0.0489 0.0836 0.693 0.0884 0.0858 
150 2 0.0447 0.0759 0.721 0.0802 0.0779 
151 2 0.0409 0.0691 0.746 0.0728 0.0708 
152 2 0.0375 0.0631 0.768 0.0664 0.0646 
153 2 0.0345 0.0578 0.788 0.0608 0.0592 
154 2 0.0319 0.0532 0.805 0.0559 0.0545 
155 2 0.0296 0.0491 0.819 0.0516 0.0503 
156 2 0.0276 0.0456 0.832 0.0478 0.0466 
157 2 0.0257 0.0424 0.844 0.0444 0.0434 
158 2 0.0241 0.0396 0.854 0.0415 0.0405 
159 2 0.0227 0.0371 0.864 0.0388 0.0379 
160 2 0.0214 0.0349 0.871 0.0365 0.0357 
161 2 0.0204 0.0332 0.878 0.0347 0.0339 
162 2 0.0194 0.0316 0.884 0.033 0.0322 
163 2 0.0186 0.0301 0.889 0.0315 0.0307 
164 2 0.0177 0.0288 0.894 0.03 0.0294 
165 2 0.017 0.0276 0.899 0.0288 0.0281 
166 2 0.0164 0.0265 0.903 0.0276 0.027 
167 2 0.0158 0.0255 0.906 0.0266 0.026 
168 2 0.0152 0.0246 0.91 0.0256 0.025 
169 2 0.0147 0.0237 0.913 0.0247 0.0242 
170 2 0.0142 0.0229 0.916 0.0239 0.0234 
171 2 0.0138 0.0222 0.918 0.0231 0.0226 
172 2 0.0134 0.0215 0.921 0.0224 0.022 
173 2 0.013 0.0209 0.923 0.0218 0.0213 
174 2 0.0126 0.0203 0.925 0.0211 0.0207 
175 2 0.0123 0.0197 0.927 0.0205 0.0201 
176 2 0.012 0.0192 0.929 0.02 0.0196 
177 2 0.0117 0.0187 0.931 0.0195 0.0191 
178 2 0.0114 0.0183 0.933 0.019 0.0186 
179 2 0.0112 0.0179 0.934 0.0186 0.0182 
180 2 0.011 0.0176 0.935 0.0183 0.0179 
181 2 0.0108 0.0174 0.936 0.0181 0.0177 
182 2 0.0107 0.0171 0.937 0.0178 0.0175 
183 2 0.0105 0.0169 0.938 0.0176 0.0173 
184 2 0.0104 0.0167 0.938 0.0174 0.0171 
185 2 0.0103 0.0166 0.939 0.0172 0.0169 
186 2 0.0102 0.0164 0.94 0.0171 0.0167 
187 2 0.0101 0.0162 0.94 0.0169 0.0165 
188 2 0.00996 0.0161 0.941 0.0167 0.0164 
189 2 0.00986 0.016 0.941 0.0166 0.0163 
190 2 0.00976 0.0158 0.942 0.0164 0.0161 
191 2 0.00967 0.0157 0.942 0.0163 0.016 
192 2 0.00958 0.0156 0.943 0.0162 0.0159 
193 2 0.0095 0.0154 0.943 0.0161 0.0157 
194 2 0.00941 0.0153 0.944 0.0159 0.0156 
195 2 0.00933 0.0152 0.944 0.0158 0.0155 
196 2 0.00925 0.0151 0.945 0.0157 0.0154 
197 2 0.00918 0.015 0.945 0.0156 0.0153 
198 2 0.00911 0.0149 0.945 0.0155 0.0152 
199 2 0.00903 0.0148 0.946 0.0154 0.0151 
200 2 0.00896 0.0147 0.946 0.0153 0.015 
201 2 0.0089 0.0146 0.946 0.0152 0.0149 
202 2 0.00883 0.0145 0.947 0.0151 0.0148 
203 2 0.00876 0.0144 0.947 0.015 0.0147 
204 2 0.0087 0.0143 0.947 0.0149 0.0146 
205 2 0.00864 0.0143 0.948 0.0148 0.0145 
206 2 0.00858 0.0142 0.948 0.0147 0.0144 
207 2 0.00852 0.0141 0.948 0.0146 0.0144 
208 2 0.00846 0.014 0.949 0.0146 0.0143 
209 2 0.0084 0.0139 0.949 0.0145 0.0142 
210 2 0.00835 0.0139 0.949 0.0144 0.0141 
211 2 0.00829 0.0138 0.95 0.0143 0.014 
212 2 0.00824 0.0137 0.95 0.0143 0.014 
213 2 0.00819 0.0136 0.95 0.0142 0.0139 
214 2 0.00814 0.0136 0.95 0.0141 0.0138 
215 2 0.00808 0.0135 0.951 0.014 0.0138 
216 2 0.00803 0.0134 0.951 0.014 0.0137 
217 2 0.00799 0.0134 0.951 0.0139 0.0136 
218 2 0.00794 0.0133 0.951 0.0138 0.0136 
219 2 0.00789 0.0132 0.952 0.0138 0.0135 
220 2 0.00784 0.0132 0.952 0.0137 0.0134 
221 2 0.0078 0.0131 0.952 0.0136 0.0134 
222 2 0.00775 0.0131 0.952 0.0136 0.0133 
223 2 0.00771 0.013 0.953 0.0135 0.0132 
224 2 0.00766 0.0129 0.953 0.0134 0.0132 
225 2 0.00762 0.0129 0.953 0.0134 0.0131 
226 2 0.00758 0.0128 0.953 0.0133 0.0131 
227 2 0.00754 0.0128 0.953 0.0133 0.013 
228 2 0.0075 0.0127 0.954 0.0132 0.0129 
229 2 0.00745 0.0127 0.954 0.0132 0.0129 
230 2 0.00741 0.0126 0.954 0.0131 0.0128 
231 2 0.00737 0.0125 0.954 0.013 0.0128 
232 2 0.00734 0.0125 0.954 0.013 0.0127 
233 2 0.0073 0.0124 0.955 0.0129 0.0127 
234 2 0.00726 0.0124 0.955 0.0129 0.0126 
235 2 0.00722 0.0123 0.955 0.0128 0.0126 
236 2 0.00719 0.0123 0.955 0.0128 0.0125 
237 2 0.00715 0.0122 0.955 0.0127 0.0125 
238 2 0.00711 0.0122 0.956 0.0127 0.0124 
239 2 0.00708 0.0122 0.956 0.0126 0.0124 
240 2 0.00704 0.0121 0.956 0.0126 0.0123 
241 2 0.00701 0.0121 0.956 0.0125 0.0123 
242 2 0.00697 0.012 0.956 0.0125 0.0122 
243 2 0.00694 0.012 0.956 0.0124 0.0122 
244 2 0.00691 0.0119 0.957 0.0124 0.0122 
245 2 0.00687 0.0119 0.957 0.0124 0.0121 
246 2 0.00684 0.0118 0.957 0.0123 0.0121 
247 2 0.00681 0.0118 0.957 0.0123 0.012 
248 2 0.00678 0.0118 0.957 0.0122 0.012 
249 2 0.00675 0.0117 0.957 0.0122 0.0119 
250 2 0.00672 0.0117 0.958 0.0121 0.0119 
251 2 0.00668 0.0116 0.958 0.0121 0.0119 
252 2 0.00665 0.0116 0.958 0.0121 0.0118 
253 2 0.00662 0.0115 0.958 0.012 0.0118 
254 2 0.00659 0.0115 0.958 0.012 0.0117 
255 2 0.00657 0.0115 0.958 0.0119 0.0117 
256 2 0.00654 0.0114 0.958 0.0119 0.0117 
257 2 0.00651 0.0114 0.959 0.0119 0.0116 
258 2 0.00648 0.0114 0.959 0.0118 0.0116 
259 2 0.00645 0.0113 0.959 0.0118 0.0115 
260 2 0.00642 0.0113 0.959 0.0117 0.0115 
261 2 0.00639 0.0112 0.959 0.0117 0.0115 
262 2 0.00637 0.0112 0.959 0.0117 0.0114 
263 2 0.00634 0.0112 0.959 0.0116 0.0114 
264 2 0.00631 0.0111 0.96 0.0116 0.0114 
265 2 0.00629 0.0111 0.96 0.0116 0.0113 
266 2 0.00626 0.0111 0.96 0.0115 0.0113 
267 2 0.00624 0.011 0.96 0.0115 0.0112 
268 2 0.00621 0.011 0.96 0.0114 0.0112 
269 2 0.00618 0.011 0.96 0.0114 0.0112 
270 2 0.00616 0.0109 0.96 0.0114 0.0111 
271 2 0.00613 0.0109 0.961 0.0113 0.0111 
272 2 0.00611 0.0109 0.961 0.0113 0.0111 
273 2 0.00609 0.0108 0.961 0.0113 0.011 
274 2 0.00606 0.0108 0.961 0.0112 0.011 
275 2 0.00604 0.0108 0.961 0.0112 0.011 
276 2 0.00601 0.0107 0.961 0.0112 0.0109 
277 2 0.00599 0.0107 0.961 0.0111 0.0109 
278 2 0.00597 0.0107 0.961 0.0111 0.0109 
279 2 0.00594 0.0106 0.961 0.0111 0.0109 
280 2 0.00592 0.0106 0.962 0.011 0.0108 
281 2 0.0059 0.0106 0.962 0.011 0.0108 
282 2 0.00588 0.0106 0.962 0.011 0.0108 
283 2 0.00585 0.0105 0.962 0.011 0.0107 
284 2 0.00583 0.0105 0.962 0.0109 0.0107 
285 2 0.00581 0.0105 0.962 0.0109 0.0107 
286 2 0.00579 0.0104 0.962 0.0109 0.0106 
287 2 0.00577 0.0104 0.962 0.0108 0.0106 
288 2 0.00574 0.0104 0.962 0.0108 0.0106 
289 2 0.00572 0.0104 0.963 0.0108 0.0106 
290 2 0.0057 0.0103 0.963 0.0107 0.0105 
291 2 0.00568 0.0103 0.963 0.0107 0.0105 
292 2 0.00566 0.0103 0.963 0.0107 0.0105 
293 2 0.00564 0.0102 0.963 0.0107 0.0104 
294 2 0.00562 0.0102 0.963 0.0106 0.0104 
295 2 0.0056 0.0102 0.963 0.0106 0.0104 
296 2 0.00558 0.0102 0.963 0.0106 0.0104 
297 2 0.00556 0.0101 0.963 0.0105 0.0103 
298 2 0.00554 0.0101 0.964 0.0105 0.0103 
299 2 0.00552 0.0101 0.964 0.0105 0.0103 
300 2 0.0055 0.0101 0.964 0.0105 0.0103 
301 2 0.00548 0.01 0.964 0.0104 0.0102 
302 2 0.00546 0.01 0.964 0.0104 0.0102 
303 2 0.00545 0.00998 0.964 0.0104 0.0102 
304 2 0.00543 0.00996 0.964 0.0104 0.0102 
305 2 0.00541 0.00993 0.964 0.0103 0.0101 
306 2 0.00539 0.00991 0.964 0.0103 0.0101 
307 2 0.00537 0.00988 0.964 0.0103 0.0101 
308 2 0.00535 0.00986 0.964 0.0103 0.0101 
309 2 0.00534 0.00983 0.965 0.0102 0.01 
310 2 0.00532 0.00981 0.965 0.0102 0.01 
311 2 0.0053 0.00979 0.965 0.0102 0.00998 
312 2 0.00528 0.00976 0.965 0.0102 0.00995 
313 2 0.00527 0.00974 0.965 0.0101 0.00993 
314 2 0.00525 0.00972 0.965 0.0101 0.00991 
315 2 0.00523 0.00969 0.965 0.0101 0.00988 
316 2 0.00521 0.00967 0.965 0.0101 0.00986 
317 2 0.0052 0.00965 0.965 0.01 0.00984 
318 2 0.00518 0.00962 0.965 0.01 0.00981 
319 2 0.00516 0.0096 0.965 0.01 0.00979 
320 2 0.00515 0.00958 0.966 0.00998 0.00977 
321 2 0.00513 0.00956 0.966 0.00995 0.00975 
322 2 0.00511 0.00954 0.966 0.00993 0.00972 
323 2 0.0051 0.00951 0.966 0.00991 0.0097 
324 2 0.00508 0.00949 0.966 0.00988 0.00968 
325 2 0.00507 0.00947 0.966 0.00986 0.00966 
326 2 0.00505 0.00945 0.966 0.00984 0.00964 
327 2 0.00503 0.00943 0.966 0.00982 0.00962 
328 2 0.00502 0.00941 0.966 0.0098 0.00959 
329 2 0.005 0.00939 0.966 0.00977 0.00957 
330 2 0.00499 0.00937 0.966 0.00975 0.00955 
331 2 0.00497 0.00934 0.966 0.00973 0.00953 
332 2 0.00496 0.00932 0.966 0.00971 0.00951 
333 2 0.00494 0.0093 0.967 0.00969 0.00949 
334 2 0.00493 0.00928 0.967 0.00967 0.00947 
335 2 0.00491 0.00926 0.967 0.00965 0.00945 
336 2 0.0049 0.00924 0.967 0.00963 0.00943 
337 2 0.00488 0.00922 0.967 0.00961 0.00941 
338 2 0.00487 0.0092 0.967 0.00959 0.00939 
339 2 0.00485 0.00918 0.967 0.00957 0.00937 
340 2 0.00484 0.00916 0.967 0.00955 0.00935 
341 2 0.00483 0.00914 0.967 0.00953 0.00933 
342 2 0.00481 0.00913 0.967 0.00951 0.00931 
343 2 0.0048 0.00911 0.967 0.00949 0.00929 
344 2 0.00478 0.00909 0.967 0.00947 0.00927 
345 2 0.00477 0.00907 0.967 0.00945 0.00925 
346 2 0.00476 0.00905 0.968 0.00943 0.00923 
347 2 0.00474 0.00903 0.968 0.00941 0.00921 
348 2 0.00473 0.00901 0.968 0.00939 0.00919 
349 2 0.00471 0.00899 0.968 0.00937 0.00918 
350 2 0.0047 0.00898 0.968 0.00935 0.00916 
351 2 0.00469 0.00896 0.968 0.00933 0.00914 
352 2 0.00467 0.00894 0.968 0.00931 0.00912 
353 2 0.00466 0.00892 0.968 0.0093 0.0091 
354 2 0.00465 0.0089 0.968 0.00928 0.00908 
355 2 0.00464 0.00889 0.968 0.00926 0.00907 
356 2 0.00462 0.00887 0.968 0.00924 0.00905 
357 2 0.00461 0.00885 0.968 0.00922 0.00903 
358 2 0.0046 0.00883 0.968 0.0092 0.00901 
359 2 0.00458 0.00882 0.968 0.00919 0.00899 
360 2 0.00457 0.0088 0.968 0.00917 0.00898 
361 2 0.00456 0.00878 0.969 0.00915 0.00896 
362 2 0.00455 0.00876 0.969 0.00913 0.00894 
363 2 0.00453 0.00875 0.969 0.00912 0.00892 
364 2 0.00452 0.00873 0.969 0.0091 0.00891 
365 2 0.00451 0.00871 0.969 0.00908 0.00889 
366 2 0.0045 0.0087 0.969 0.00906 0.00887 
367 2 0.00448 0.00868 0.969 0.00905 0.00886 
368 2 0.00447 0.00866 0.969 0.00903 0.00884 
369 2 0.00446 0.00865 0.969 0.00901 0.00882 
370 2 0.00445 0.00863 0.969 0.009 0.00881 
371 2 0.00444 0.00861 0.969 0.00898 0.00879 
372 2 0.00442 0.0086 0.969 0.00896 0.00877 
373 2 0.00441 0.00858 0.969 0.00895 0.00876 
374 2 0.0044 0.00857 0.969 0.00893 0.00874 
375 2 0.00439 0.00855 0.969 0.00891 0.00873 
376 2 0.00438 0.00853 0.969 0.0089 0.00871 
377 2 0.00437 0.00852 0.97 0.00888 0.00869 
378 2 0.00436 0.0085 0.97 0.00886 0.00868 
379 2 0.00434 0.00849 0.97 0.00885 0.00866 
380 2 0.00436 0.00853 0.97 0.00889 0.0087 
381 2 0.00437 0.00857 0.969 0.00893 0.00874 
382 2 0.00438 0.00861 0.969 0.00897 0.00878 
383 2 0.00439 0.00864 0.969 0.00901 0.00882 
384 2 0.0044 0.00867 0.969 0.00905 0.00885 
385 2 0.00441 0.00871 0.969 0.00908 0.00889 
386 2 0.00442 0.00874 0.969 0.00911 0.00892 
387 2 0.00443 0.00877 0.969 0.00914 0.00895 
388 2 0.00444 0.0088 0.969 0.00917 0.00898 
389 2 0.00445 0.00882 0.969 0.00921 0.00901 
390 2 0.00446 0.00885 0.968 0.00924 0.00904 
391 2 0.00446 0.00888 0.968 0.00927 0.00907 
392 2 0.00447 0.00891 0.968 0.0093 0.0091 
393 2 0.00448 0.00894 0.968 0.00933 0.00913 
394 2 0.00449 0.00897 0.968 0.00936 0.00916 
395 2 0.0045 0.009 0.968 0.00939 0.00919 
396 2 0.00451 0.00903 0.968 0.00943 0.00922 
397 2 0.00451 0.00906 0.968 0.00946 0.00925 
398 2 0.00452 0.00909 0.968 0.00949 0.00928 
399 2 0.00453 0.00912 0.968 0.00952 0.00931 
400 2 0.00454 0.00915 0.967 0.00956 0.00935 
401 2 0.00455 0.00918 0.967 0.00959 0.00938 
402 2 0.00456 0.00922 0.967 0.00962 0.00941 
403 2 0.00457 0.00925 0.967 0.00966 0.00944 
404 2 0.00458 0.00928 0.967 0.00969 0.00948 
405 2 0.00458 0.00931 0.967 0.00973 0.00951 
406 2 0.00459 0.00934 0.967 0.00976 0.00954 
407 2 0.0046 0.00938 0.967 0.0098 0.00958 
408 2 0.00461 0.00941 0.967 0.00983 0.00961 
409 2 0.00462 0.00944 0.966 0.00987 0.00965 
410 2 0.00463 0.00948 0.966 0.0099 0.00968 
411 2 0.00464 0.00951 0.966 0.00994 0.00972 
412 2 0.00465 0.00955 0.966 0.00998 0.00975 
413 2 0.00466 0.00958 0.966 0.01 0.00979 
414 2 0.00473 0.00977 0.965 0.0102 0.00998 
415 2 0.00474 0.0098 0.965 0.0102 0.01 
416 2 0.00475 0.00983 0.965 0.0103 0.01 
417 2 0.00482 0.01 0.964 0.0105 0.0102 
418 2 0.00482 0.01 0.964 0.0105 0.0103 
419 2 0.00489 0.0102 0.964 0.0107 0.0104 
420 2 0.00489 0.0102 0.964 0.0107 0.0105 
421 2 0.00497 0.0104 0.963 0.0109 0.0107 
422 2 0.00496 0.0104 0.963 0.0109 0.0107 
423 2 0.00496 0.0104 0.963 0.0109 0.0107 
424 2 0.00503 0.0106 0.962 0.0111 0.0109 
425 2 0.00503 0.0106 0.962 0.0111 0.0109 
426 2 0.00509 0.0108 0.962 0.0113 0.011 
427 2 0.00508 0.0108 0.962 0.0113 0.011 
428 2 0.00515 0.011 0.961 0.0115 0.0112 
429 2 0.00513 0.0109 0.961 0.0115 0.0112 
430 2 0.0052 0.0111 0.961 0.0116 0.0114 
431 2 0.00518 0.0111 0.961 0.0116 0.0113 
432 2 0.00524 0.0112 0.96 0.0118 0.0115 
433 2 0.00522 0.0112 0.96 0.0117 0.0115 
434 2 0.00528 0.0114 0.96 0.0119 0.0116 
435 2 0.00525 0.0113 0.96 0.0119 0.0116 
436 2 0.00531 0.0115 0.959 0.012 0.0117 
437 2 0.00528 0.0114 0.96 0.012 0.0117 
438 2 0.00534 0.0116 0.959 0.0121 0.0118 
439 2 0.0054 0.0117 0.959 0.0123 0.012 
440 2 0.00545 0.0119 0.958 0.0125 0.0122 
441 2 0.0055 0.012 0.958 0.0126 0.0123 
442 2 0.00554 0.0122 0.957 0.0128 0.0124 
443 2 0.00559 0.0123 0.957 0.0129 0.0126 
444 2 0.00563 0.0124 0.956 0.013 0.0127 
445 2 0.00568 0.0126 0.956 0.0132 0.0128 
446 2 0.00572 0.0127 0.955 0.0133 0.013 
447 2 0.00577 0.0128 0.955 0.0135 0.0131 
448 2 0.00581 0.0129 0.954 0.0136 0.0132 
449 2 0.00586 0.0131 0.954 0.0137 0.0134 
450 2 0.0059 0.0132 0.954 0.0139 0.0135 
451 2 0.00594 0.0133 0.953 0.014 0.0137 
452 2 0.00598 0.0135 0.953 0.0141 0.0138 
453 2 0.00603 0.0136 0.952 0.0143 0.0139 
454 2 0.00607 0.0137 0.952 0.0144 0.0141 
455 2 0.00611 0.0139 0.951 0.0146 0.0142 
456 2 0.00615 0.014 0.951 0.0147 0.0143 
457 2 0.00619 0.0141 0.95 0.0149 0.0145 
458 2 0.00624 0.0143 0.95 0.015 0.0146 
459 2 0.00628 0.0144 0.949 0.0152 0.0148 
460 2 0.00632 0.0145 0.949 0.0153 0.0149 
461 2 0.00637 0.0147 0.948 0.0155 0.0151 
462 2 0.00643 0.0149 0.948 0.0157 0.0152 
463 2 0.0065 0.0151 0.947 0.0159 0.0155 
464 2 0.00658 0.0153 0.946 0.0162 0.0157 
465 2 0.00664 0.0155 0.946 0.0164 0.0159 
466 2 0.00672 0.0158 0.945 0.0166 0.0162 
467 2 0.00679 0.016 0.944 0.0168 0.0164 
468 2 0.00686 0.0162 0.943 0.0171 0.0166 
469 2 0.00694 0.0164 0.942 0.0174 0.0169 
470 2 0.007 0.0166 0.942 0.0176 0.0171 
471 2 0.00708 0.0169 0.941 0.0178 0.0173 
472 2 0.00717 0.0172 0.94 0.0181 0.0176 
473 2 0.00724 0.0174 0.939 0.0184 0.0179 
474 2 0.00733 0.0177 0.938 0.0187 0.0182 
475 2 0.00742 0.018 0.937 0.019 0.0184 
476 2 0.00751 0.0182 0.936 0.0193 0.0187 
477 2 0.0076 0.0185 0.935 0.0196 0.019 
478 2 0.00769 0.0188 0.934 0.0199 0.0193 
479 2 0.00779 0.0192 0.933 0.0203 0.0197 
480 2 0.00789 0.0195 0.932 0.0206 0.02 
481 2 0.00799 0.0198 0.931 0.021 0.0204 
482 2 0.00809 0.0202 0.93 0.0214 0.0207 
483 2 0.0082 0.0205 0.928 0.0218 0.0211 
484 2 0.00831 0.0209 0.927 0.0221 0.0215 
485 2 0.00842 0.0212 0.926 0.0225 0.0218 
486 2 0.00854 0.0216 0.925 0.023 0.0223 
487 2 0.00866 0.022 0.923 0.0234 0.0227 
488 2 0.00877 0.0224 0.922 0.0238 0.0231 
489 2 0.00891 0.0229 0.92 0.0243 0.0236 
490 2 0.00903 0.0233 0.919 0.0248 0.024 
491 2 0.00917 0.0238 0.917 0.0253 0.0245 
492 2 0.00931 0.0243 0.916 0.0259 0.025 
493 2 0.00946 0.0248 0.914 0.0264 0.0255 
494 2 0.00963 0.0254 0.912 0.027 0.0262 
495 2 0.00979 0.026 0.91 0.0277 0.0267 
496 2 0.00995 0.0265 0.908 0.0283 0.0273 
497 2 0.0101 0.0271 0.906 0.0289 0.0279 
498 2 0.0103 0.0277 0.904 0.0295 0.0286 
499 2 0.0104 0.0283 0.902 0.0302 0.0292 
500 2 0.0106 0.0289 0.9 0.0309 0.0298 
501 2 0.0108 0.0296 0.898 0.0316 0.0305 
502 2 0.011 0.0303 0.895 0.0324 0.0312 
503 2 0.0112 0.031 0.893 0.0331 0.032 
504 2 0.0113 0.0316 0.891 0.0339 0.0327 
505 2 0.0115 0.0324 0.888 0.0347 0.0335 
506 2 0.0117 0.0331 0.885 0.0355 0.0342 
507 2 0.012 0.034 0.882 0.0364 0.0351 
508 2 0.0122 0.0348 0.88 0.0374 0.036 
509 2 0.0124 0.0358 0.876 0.0384 0.037 
510 2 0.0127 0.0367 0.873 0.0394 0.038 
511 2 0.0129 0.0376 0.87 0.0404 0.0389 
512 2 0.0131 0.0386 0.867 0.0415 0.04 
513 2 0.0134 0.0396 0.863 0.0427 0.041 
514 2 0.0137 0.0408 0.859 0.0439 0.0423 
515 2 0.0139 0.0419 0.856 0.0452 0.0434 
516 2 0.0142 0.0431 0.851 0.0465 0.0447 
517 2 0.0146 0.0444 0.847 0.0479 0.046 
518 2 0.0149 0.0458 0.842 0.0495 0.0475 
519 2 0.0152 0.047 0.838 0.0508 0.0488 
520 2 0.0155 0.0484 0.833 0.0524 0.0503 
521 2 0.0158 0.0498 0.829 0.0539 0.0517 
522 2 0.0162 0.0515 0.823 0.0558 0.0534 
523 2 0.0165 0.053 0.818 0.0575 0.0551 
524 2 0.0169 0.0545 0.813 0.0592 0.0567 
525 2 0.0173 0.0563 0.807 0.0613 0.0586 
526 2 0.0177 0.0581 0.8 0.0633 0.0605 
527 2 0.018 0.0598 0.795 0.0651 0.0622 
528 2 0.0185 0.0619 0.788 0.0675 0.0644 
529 2 0.0189 0.0639 0.781 0.0697 0.0666 
530 2 0.0193 0.0659 0.774 0.0721 0.0688 
531 2 0.0197 0.068 0.767 0.0744 0.0709 
532 2 0.0202 0.0704 0.759 0.0771 0.0735 
533 2 0.0207 0.0728 0.751 0.0799 0.0761 
534 2 0.0211 0.0751 0.743 0.0826 0.0785 
535 2 0.0216 0.0779 0.733 0.0857 0.0815 
536 2 0.0222 0.0807 0.724 0.0889 0.0844 
537 2 0.0227 0.0835 0.714 0.0922 0.0875 
538 2 0.0232 0.0863 0.705 0.0954 0.0905 
539 2 0.0238 0.0896 0.693 0.0993 0.094 
540 2 0.0244 0.093 0.682 0.103 0.0977 
541 2 0.025 0.0967 0.669 0.107 0.102 
542 2 0.0256 0.1 0.657 0.112 0.105 
543 2 0.0262 0.104 0.644 0.116 0.11 
544 2 0.0268 0.108 0.631 0.121 0.114 
545 2 0.0274 0.112 0.617 0.125 0.118 
546 2 0.028 0.116 0.603 0.13 0.123 
547 2 0.0286 0.121 0.588 0.136 0.127 
548 2 0.0293 0.125 0.572 0.141 0.132 
549 2 0.0299 0.13 0.556 0.147 0.138 
550 2 0.0305 0.135 0.539 0.153 0.143 
551 2 0.0311 0.14 0.522 0.159 0.148 
552 2 0.0316 0.144 0.507 0.164 0.153 
553 2 0.0321 0.148 0.492 0.17 0.158 
554 2 0.0326 0.153 0.476 0.175 0.163 
555 2 0.033 0.157 0.461 0.181 0.168 
556 2 0.0335 0.162 0.445 0.187 0.173 
557 2 0.0339 0.167 0.427 0.194 0.178 
558 2 0.0344 0.172 0.409 0.2 0.184 
559 2 0.0348 0.177 0.393 0.206 0.189 
560 2 0.035 0.181 0.379 0.212 0.194 
561 2 0.0352 0.184 0.366 0.217 0.198 
562 2 0.0353 0.187 0.357 0.22 0.201 
563 2 0.0354 0.189 0.348 0.224 0.204 
564 2 0.0355 0.192 0.338 0.228 0.207 
565 2 0.0355 0.194 0.329 0.232 0.21 
566 2 0.0355 0.197 0.319 0.236 0.213 
567 2 0.0355 0.199 0.31 0.239 0.216 
568 2 0.0355 0.202 0.301 0.243 0.219 
569 2 0.0355 0.204 0.292 0.247 0.222 
570 2 0.0354 0.207 0.283 0.251 0.225 
571 2 0.0353 0.209 0.275 0.254 0.227 
572 2 0.0352 0.211 0.266 0.258 0.23 
573 3 0.0351 0.213 0.258 0.262 0.233 
574 3 0.035 0.215 0.249 0.266 0.235 
575 3 0.0348 0.217 0.241 0.27 0.238 
576 3 0.0347 0.219 0.233 0.273 0.24 
577 3 0.0345 0.221 0.224 0.277 0.243 
578 3 0.0343 0.223 0.216 0.281 0.245 
579 3 0.0341 0.224 0.209 0.285 0.247 
580 3 0.0338 0.226 0.202 0.289 0.249 
581 3 0.0336 0.227 0.195 0.293 0.251 
582 3 0.0333 0.228 0.188 0.297 0.253 
583 3 0.033 0.229 0.183 0.301 0.254 
584 3 0.0327 0.229 0.18 0.304 0.255 
585 3 0.0324 0.229 0.178 0.307 0.255 
586 3 0.0321 0.228 0.177 0.31 0.254 
587 3 0.0319 0.226 0.178 0.312 0.252 
588 3 0.0316 0.224 0.179 0.315 0.25 
589 3 0.0313 0.223 0.179 0.318 0.249 
590 3 0.031 0.221 0.179 0.321 0.248 
591 3 0.0307 0.22 0.179 0.323 0.247 
592 3 0.0304 0.22 0.179 0.325 0.245 
593 3 0.0302 0.22 0.179 0.328 0.243 
594 3 0.0299 0.22 0.18 0.331 0.239 
595 3 0.0296 0.221 0.18 0.335 0.235 
596 3 0.0294 0.221 0.18 0.339 0.23 
597 3 0.0291 0.222 0.181 0.342 0.226 
598 3 0.0289 0.223 0.181 0.346 0.221 
599 3 0.0286 0.225 0.181 0.35 0.216 
600 3 0.0284 0.226 0.182 0.352 0.212 
601 3 0.0282 0.229 0.183 0.351 0.208 
602 3 0.0281 0.234 0.185 0.347 0.206 
603 3 0.028 0.24 0.188 0.34 0.204 
604 3 0.028 0.246 0.192 0.332 0.202 
605 3 0.0279 0.253 0.196 0.323 0.2 
606 3 0.0278 0.26 0.199 0.314 0.198 
607 3 0.0277 0.268 0.203 0.304 0.196 
608 3 0.0276 0.276 0.207 0.295 0.194 
609 3 0.0275 0.285 0.21 0.285 0.192 
610 1 0.0274 0.292 0.217 0.275 0.189 
611 1 0.0272 0.299 0.223 0.264 0.186 
612 1 0.027 0.306 0.229 0.254 0.183 
613 1 0.0268 0.313 0.235 0.245 0.18 
614 1 0.0266 0.32 0.242 0.235 0.176 
615 1 0.0263 0.327 0.248 0.226 0.172 
616 1 0.0261 0.334 0.253 0.218 0.169 
617 1 0.0258 0.341 0.259 0.21 0.165 
618 1 0.0255 0.347 0.264 0.202 0.161 
619 1 0.0252 0.353 0.27 0.194 0.158 
620 1 0.0249 0.359 0.274 0.187 0.154 
621 1 0.0246 0.366 0.279 0.18 0.15 
622 1 0.0243 0.372 0.283 0.174 0.147 
623 1 0.024 0.378 0.287 0.168 0.143 
624 1 0.0237 0.384 0.291 0.162 0.14 
625 1 0.0233 0.39 0.294 0.156 0.136 
626 1 0.023 0.396 0.297 0.151 0.133 
627 1 0.0227 0.402 0.3 0.146 0.13 
628 1 0.0224 0.407 0.302 0.141 0.127 
629 1 0.0221 0.413 0.305 0.137 0.124 
630 1 0.0217 0.418 0.307 0.133 0.121 
631 1 0.0214 0.424 0.308 0.129 0.118 
632 1 0.0211 0.429 0.31 0.125 0.115 
633 1 0.0208 0.435 0.311 0.121 0.112 
634 1 0.0205 0.44 0.312 0.118 0.109 
635 1 0.0202 0.445 0.313 0.115 0.107 
636 1 0.02 0.451 0.313 0.112 0.104 
637 1 0.0197 0.456 0.313 0.109 0.102 
638 1 0.0194 0.462 0.313 0.106 0.0997 
639 1 0.0191 0.468 0.312 0.103 0.0974 
640 1 0.0189 0.474 0.311 0.101 0.0952 
641 1 0.0186 0.48 0.31 0.0987 0.0931 
642 1 0.0184 0.482 0.312 0.0964 0.091 
643 1 0.0181 0.484 0.315 0.0943 0.089 
644 1 0.0179 0.486 0.317 0.0923 0.0871 
645 1 0.0177 0.488 0.319 0.0905 0.0852 
646 1 0.0175 0.489 0.321 0.0888 0.0834 
647 1 0.0172 0.491 0.323 0.0872 0.0817 
648 1 0.017 0.493 0.324 0.0858 0.0801 
649 1 0.0168 0.495 0.326 0.0844 0.0785 
650 1 0.0167 0.496 0.327 0.0832 0.077 
651 1 0.0165 0.497 0.328 0.0821 0.0755 
652 1 0.0163 0.499 0.33 0.081 0.0741 
653 1 0.0161 0.501 0.33 0.0801 0.0728 
654 1 0.016 0.502 0.331 0.0793 0.0715 
655 1 0.0158 0.504 0.332 0.0785 0.0703 
656 1 0.0157 0.505 0.332 0.0778 0.0691 
657 1 0.0155 0.507 0.332 0.0772 0.0679 
658 1 0.0154 0.509 0.332 0.0766 0.0668 
659 1 0.0152 0.511 0.332 0.0761 0.0658 
660 1 0.0151 0.513 0.331 0.0757 0.0647 
661 1 0.015 0.516 0.33 0.0752 0.0637 
662 1 0.0148 0.518 0.329 0.0748 0.0628 
663 1 0.0147 0.521 0.328 0.0745 0.0618 
664 1 0.0146 0.523 0.327 0.0741 0.0609 
665 1 0.0145 0.526 0.326 0.0738 0.06 
666 1 0.0143 0.528 0.325 0.0734 0.0592 
667 1 0.0142 0.531 0.323 0.073 0.0583 
668 1 0.0141 0.534 0.322 0.0727 0.0575 
669 1 0.014 0.537 0.32 0.0723 0.0567 
670 1 0.0139 0.54 0.318 0.0719 0.0559 
671 1 0.0137 0.543 0.316 0.0715 0.0551 
672 1 0.0136 0.547 0.314 0.071 0.0543 
673 1 0.0135 0.55 0.312 0.0705 0.0535 
674 1 0.0134 0.554 0.31 0.07 0.0528 
675 1 0.0132 0.558 0.307 0.0695 0.052 
676 1 0.0131 0.562 0.304 0.069 0.0513 
677 1 0.013 0.567 0.301 0.0684 0.0505 
678 1 0.0129 0.572 0.298 0.0678 0.0498 
679 1 0.0127 0.576 0.295 0.0672 0.0491 
680 1 0.0126 0.581 0.291 0.0667 0.0484 
681 1 0.0125 0.586 0.288 0.066 0.0477 
682 1 0.0123 0.592 0.284 0.0653 0.047 
683 1 0.0122 0.597 0.28 0.0647 0.0463 
684 1 0.0121 0.603 0.276 0.064 0.0456 
685 1 0.012 0.608 0.272 0.0633 0.0449 
686 1 0.0118 0.613 0.268 0.0626 0.0442 
687 1 0.0117 0.619 0.264 0.0619 0.0435 
688 1 0.0115 0.625 0.26 0.0612 0.0429 
689 1 0.0114 0.63 0.255 0.0604 0.0422 
690 1 0.0113 0.636 0.252 0.0597 0.0415 
691 1 0.0111 0.642 0.247 0.059 0.0409 
692 1 0.011 0.648 0.243 0.0582 0.0402 
693 1 0.0109 0.655 0.238 0.0573 0.0395 
694 1 0.0107 0.661 0.233 0.0565 0.0388 
695 1 0.0106 0.669 0.227 0.0556 0.0381 
696 1 0.0104 0.677 0.22 0.0545 0.0373 
697 1 0.0102 0.688 0.213 0.0533 0.0364 
698 1 0.00994 0.698 0.205 0.052 0.0355 
699 1 0.00975 0.707 0.198 0.0509 0.0346 
700 1 0.00957 0.715 0.192 0.0498 0.0339 
701 1 0.0094 0.723 0.186 0.0488 0.0331 
702 1 0.00923 0.73 0.181 0.0479 0.0324 
703 1 0.00906 0.737 0.175 0.0469 0.0317 
704 1 0.0089 0.744 0.17 0.046 0.0311 
705 1 0.00874 0.751 0.165 0.0451 0.0304 
706 1 0.00858 0.757 0.16 0.0442 0.0297 
707 1 0.00834 0.769 0.152 0.0428 0.0288 
708 1 0.00819 0.774 0.147 0.042 0.0282 
709 1 0.00796 0.785 0.139 0.0406 0.0273 
710 1 0.00774 0.794 0.132 0.0394 0.0264 
711 1 0.00757 0.801 0.127 0.0386 0.0258 
712 1 0.00745 0.806 0.123 0.0379 0.0253 
713 1 0.00735 0.81 0.12 0.0374 0.0249 
714 1 0.00727 0.813 0.118 0.037 0.0246 
715 1 0.00719 0.816 0.116 0.0367 0.0243 
716 1 0.00713 0.819 0.114 0.0364 0.0241 
717 1 0.00707 0.821 0.112 0.0362 0.0239 
718 1 0.00702 0.823 0.111 0.036 0.0237 
719 1 0.00697 0.824 0.109 0.0358 0.0235 
720 1 0.00693 0.826 0.108 0.0356 0.0233 
721 1 0.00688 0.828 0.107 0.0354 0.0231 
722 1 0.00685 0.829 0.106 0.0353 0.023 
723 1 0.00681 0.83 0.105 0.0352 0.0228 
724 1 0.00677 0.831 0.104 0.035 0.0227 
725 1 0.00674 0.833 0.103 0.0349 0.0226 
726 1 0.00671 0.834 0.102 0.0348 0.0224 
727 1 0.00668 0.835 0.101 0.0347 0.0223 
728 1 0.00665 0.836 0.101 0.0347 0.0222 
729 1 0.00663 0.837 0.1 0.0346 0.0221 
730 1 0.00661 0.837 0.0997 0.0346 0.022 
731 1 0.0066 0.837 0.0994 0.0346 0.022 
732 1 0.00662 0.836 0.1 0.0349 0.0221 
733 1 0.00672 0.833 0.103 0.0356 0.0224 
734 1 0.00684 0.828 0.106 0.0365 0.0229 
735 1 0.00699 0.822 0.11 0.0376 0.0234 
736 1 0.00716 0.815 0.115 0.0388 0.024 
737 1 0.00734 0.808 0.12 0.0402 0.0247 
738 1 0.00754 0.8 0.126 0.0416 0.0255 
739 1 0.00775 0.791 0.132 0.0432 0.0262 
740 1 0.00798 0.78 0.14 0.0449 0.0271 
741 1 0.00822 0.769 0.148 0.0468 0.028 
742 1 0.00848 0.757 0.157 0.0488 0.029 
743 1 0.00875 0.743 0.167 0.051 0.03 
744 1 0.00903 0.729 0.178 0.0532 0.0311 
745 1 0.00932 0.713 0.19 0.0556 0.0322 
746 1 0.00962 0.696 0.203 0.0581 0.0333 
747 1 0.00992 0.677 0.218 0.0607 0.0345 
748 1 0.0102 0.657 0.233 0.0634 0.0357 
749 1 0.0105 0.636 0.25 0.0662 0.0368 
750 1 0.0108 0.614 0.269 0.069 0.038 
751 1 0.0111 0.59 0.288 0.0718 0.0391 
752 1 0.0114 0.565 0.309 0.0745 0.0402 
753 1 0.0116 0.54 0.33 0.0771 0.0411 
754 1 0.0118 0.535 0.331 0.0803 0.0422 
755 1 0.012 0.507 0.355 0.0831 0.0431 
756 1 0.0122 0.48 0.379 0.0854 0.0438 
757 1 0.0124 0.474 0.379 0.0891 0.0449 
758 1 0.0125 0.445 0.406 0.0912 0.0454 
759 1 0.0127 0.438 0.407 0.0951 0.0464 
760 2 0.0128 0.408 0.435 0.0968 0.0467 
761 2 0.0128 0.38 0.463 0.0978 0.0467 
762 2 0.013 0.373 0.464 0.102 0.0476 
763 2 0.0129 0.344 0.493 0.102 0.0473 
764 2 0.0128 0.318 0.521 0.102 0.0467 
765 2 0.0129 0.312 0.521 0.106 0.0475 
766 2 0.0127 0.286 0.549 0.105 0.0466 
767 2 0.0128 0.281 0.551 0.109 0.0473 
768 2 0.0125 0.257 0.578 0.107 0.0461 
769 2 0.0127 0.251 0.579 0.11 0.0466 
770 2 0.0123 0.229 0.606 0.108 0.0452 
771 2 0.0124 0.223 0.608 0.111 0.0455 
772 2 0.012 0.203 0.634 0.107 0.0439 
773 2 0.0116 0.185 0.658 0.103 0.0421 
774 2 0.0116 0.181 0.66 0.106 0.0424 
775 2 0.0112 0.165 0.682 0.101 0.0405 
776 2 0.0112 0.161 0.684 0.103 0.0407 
777 2 0.0107 0.146 0.706 0.0984 0.0388 
778 2 0.0107 0.142 0.708 0.0998 0.0387 
779 2 0.0107 0.138 0.711 0.101 0.0387 
780 2 0.0102 0.126 0.731 0.0957 0.0367 
781 2 0.0102 0.122 0.735 0.0965 0.0365 
782 2 0.0101 0.118 0.739 0.0966 0.0362 
783 2 0.00999 0.115 0.743 0.0966 0.0358 
784 2 0.00991 0.111 0.747 0.0966 0.0355 
785 2 0.00979 0.107 0.752 0.096 0.035 
786 2 0.00967 0.103 0.757 0.0954 0.0346 
787 2 0.00957 0.0997 0.762 0.0949 0.0342 
788 2 0.00946 0.0962 0.766 0.0943 0.0337 
789 2 0.00934 0.0927 0.771 0.0935 0.0332 
790 2 0.00922 0.0895 0.776 0.0927 0.0328 
791 2 0.00912 0.0866 0.78 0.0921 0.0324 
792 2 0.009 0.0837 0.784 0.0913 0.032 
793 2 0.00888 0.0809 0.788 0.0903 0.0315 
794 2 0.00876 0.0781 0.793 0.0893 0.031 
795 2 0.00866 0.0757 0.797 0.0885 0.0306 
796 2 0.00854 0.0732 0.8 0.0876 0.0302 
797 2 0.00843 0.0708 0.805 0.0865 0.0297 
798 2 0.00831 0.0685 0.809 0.0853 0.0293 
799 2 0.0082 0.0664 0.812 0.0844 0.0289 
800 2 0.00809 0.0643 0.816 0.0833 0.0284 
801 2 0.00797 0.0623 0.82 0.082 0.028 
802 2 0.00785 0.0603 0.823 0.0808 0.0275 
803 2 0.00775 0.0585 0.827 0.0797 0.0271 
804 2 0.00763 0.0567 0.831 0.0785 0.0267 
805 2 0.00751 0.0549 0.834 0.0771 0.0262 
806 2 0.0074 0.0532 0.838 0.0758 0.0258 
807 2 0.00729 0.0517 0.841 0.0746 0.0254 
808 2 0.00719 0.0502 0.844 0.0735 0.025 
809 2 0.00711 0.0489 0.847 0.0726 0.0247 
810 2 0.00704 0.0478 0.849 0.072 0.0245 
811 2 0.00698 0.0468 0.85 0.0715 0.0243 
812 2 0.00692 0.0459 0.852 0.071 0.0241 
813 2 0.00687 0.045 0.854 0.0706 0.0239 
814 2 0.00684 0.0442 0.855 0.0704 0.0238 
815 2 0.00681 0.0436 0.855 0.0704 0.0237 
816 2 0.00678 0.0429 0.856 0.0704 0.0236 
817 2 0.00676 0.0423 0.857 0.0704 0.0236 
818 2 0.00676 0.0418 0.857 0.0707 0.0236 
819 2 0.00675 0.0414 0.857 0.0709 0.0236 
820 2 0.00675 0.0409 0.857 0.0713 0.0236 
821 2 0.00675 0.0405 0.857 0.0717 0.0236 
822 2 0.00677 0.0402 0.857 0.0724 0.0237 
823 2 0.0068 0.04 0.856 0.0732 0.0239 
824 2 0.00681 0.0397 0.856 0.0739 0.024 
825 2 0.00684 0.0395 0.855 0.0747 0.0241 
826 2 0.00688 0.0394 0.854 0.0758 0.0244 
827 2 0.00694 0.0394 0.852 0.0771 0.0246 
828 2 0.00695 0.0391 0.851 0.0778 0.0247 
829 2 0.00699 0.0389 0.85 0.0788 0.0249 
830 2 0.00703 0.0387 0.849 0.0799 0.0251 
831 2 0.00707 0.0386 0.848 0.081 0.0253 
832 2 0.00711 0.0385 0.846 0.0823 0.0256 
833 2 0.00717 0.0385 0.845 0.0838 0.0259 
834 2 0.00722 0.0384 0.843 0.0851 0.0261 
835 2 0.00726 0.0382 0.842 0.0863 0.0263 
836 2 0.00731 0.0381 0.84 0.0877 0.0266 
837 2 0.00737 0.0381 0.838 0.0892 0.0269 
838 2 0.00742 0.038 0.837 0.0906 0.0272 
839 2 0.00747 0.0378 0.835 0.092 0.0274 
840 2 0.00751 0.0377 0.834 0.0933 0.0277 
841 2 0.00755 0.0375 0.832 0.0945 0.0279 
842 2 0.00759 0.0374 0.831 0.0958 0.0282 
843 2 0.00762 0.0372 0.83 0.097 0.0284 
844 2 0.00765 0.0369 0.829 0.098 0.0286 
845 2 0.00768 0.0367 0.828 0.099 0.0288 
846 2 0.00771 0.0365 0.827 0.1 0.029 
847 2 0.00773 0.0362 0.826 0.101 0.0292 
848 2 0.00776 0.036 0.825 0.102 0.0294 
849 2 0.00777 0.0357 0.824 0.103 0.0296 
850 2 0.00779 0.0354 0.824 0.103 0.0298 
851 2 0.0078 0.0351 0.823 0.104 0.0299 
852 2 0.00781 0.0348 0.823 0.105 0.0301 
853 2 0.00782 0.0345 0.822 0.105 0.0302 
854 2 0.00783 0.0343 0.822 0.106 0.0304 
855 2 0.00784 0.0339 0.821 0.106 0.0305 
856 2 0.00784 0.0336 0.821 0.107 0.0307 
857 2 0.00784 0.0333 0.821 0.107 0.0308 
858 2 0.00784 0.033 0.821 0.107 0.0309 
859 2 0.00784 0.0326 0.821 0.108 0.031 
860 2 0.00784 0.0323 0.821 0.108 0.0311 
861 2 0.00783 0.032 0.821 0.108 0.0312 
862 2 0.00783 0.0316 0.821 0.108 0.0313 
863 2 0.00781 0.0313 0.822 0.108 0.0314 
864 2 0.0078 0.031 0.822 0.108 0.0315 
865 2 0.00779 0.0306 0.822 0.108 0.0316 
866 2 0.00778 0.0303 0.822 0.108 0.0317 
867 2 0.00776 0.0299 0.823 0.108 0.0318 
868 2 0.00775 0.0296 0.823 0.107 0.0318 
869 2 0.00773 0.0292 0.824 0.107 0.0319 
870 2 0.0077 0.0289 0.825 0.107 0.0319 
871 2 0.00767 0.0285 0.826 0.106 0.0319 
872 2 0.00763 0.028 0.827 0.105 0.0319 
873 2 0.00759 0.0277 0.828 0.105 0.0319 
874 2 0.00755 0.0273 0.83 0.104 0.0318 
875 2 0.00749 0.0268 0.831 0.103 0.0317 
876 2 0.00744 0.0264 0.833 0.101 0.0316 
877 2 0.00738 0.0259 0.835 0.1 0.0315 
878 2 0.00732 0.0255 0.837 0.099 0.0314 
879 2 0.00728 0.0251 0.838 0.0981 0.0313 
880 2 0.00725 0.0248 0.839 0.0974 0.0313 
881 2 0.00722 0.0245 0.84 0.0968 0.0314 
882 2 0.00721 0.0242 0.841 0.0964 0.0315 
883 2 0.0072 0.024 0.841 0.0961 0.0317 
884 2 0.00721 0.0239 0.841 0.096 0.032 
885 2 0.00722 0.0237 0.841 0.0959 0.0323 
886 2 0.00724 0.0236 0.84 0.096 0.0327 
887 2 0.00728 0.0236 0.84 0.0963 0.0331 
888 2 0.00732 0.0235 0.839 0.0966 0.0336 
889 2 0.00737 0.0235 0.838 0.0971 0.0342 
890 2 0.00743 0.0236 0.836 0.0977 0.0349 
891 2 0.0075 0.0236 0.835 0.0985 0.0357 
892 2 0.00759 0.0237 0.833 0.0994 0.0366 
893 2 0.00768 0.0239 0.83 0.1 0.0376 
894 2 0.00778 0.024 0.828 0.102 0.0387 
895 2 0.0079 0.0242 0.825 0.103 0.04 
896 2 0.00804 0.0245 0.822 0.105 0.0414 
897 2 0.00818 0.0248 0.818 0.106 0.0429 
898 2 0.00834 0.0251 0.814 0.108 0.0447 
899 2 0.00852 0.0255 0.809 0.11 0.0467 
900 2 0.00871 0.0259 0.804 0.112 0.049 
901 2 0.00892 0.0263 0.799 0.115 0.0514 
902 2 0.00914 0.0268 0.793 0.117 0.0541 
903 2 0.00939 0.0273 0.786 0.12 0.0572 
904 2 0.00964 0.0278 0.779 0.123 0.0605 
905 2 0.0099 0.0284 0.772 0.126 0.0642 
906 2 0.0102 0.0289 0.764 0.129 0.0681 
907 2 0.0104 0.0294 0.756 0.131 0.0724 
908 2 0.0107 0.03 0.748 0.134 0.0772 
909 2 0.011 0.0306 0.739 0.137 0.0825 
910 2 0.0113 0.0312 0.729 0.14 0.0886 
911 2 0.0117 0.0318 0.719 0.142 0.0954 
912 2 0.012 0.0325 0.709 0.143 0.103 
913 2 0.0124 0.0333 0.697 0.144 0.113 
914 2 0.0128 0.0342 0.683 0.146 0.124 
915 2 0.0133 0.0352 0.665 0.147 0.139 
916 2 0.0139 0.0363 0.642 0.149 0.159 
917 2 0.0145 0.0376 0.613 0.15 0.184 
918 2 0.0151 0.0387 0.579 0.151 0.216 
919 2 0.0156 0.0396 0.539 0.15 0.255 
920 2 0.0159 0.0401 0.494 0.147 0.303 
921 2 0.0161 0.04 0.445 0.142 0.357 
922 4 0.0159 0.0392 0.391 0.134 0.42 
923 4 0.0155 0.0376 0.333 0.123 0.491 
924 4 0.0147 0.0352 0.279 0.11 0.561 
925 4 0.0137 0.0326 0.234 0.0972 0.623 
926 4 0.0127 0.0298 0.196 0.0855 0.676 
927 4 0.0116 0.0271 0.165 0.0751 0.721 
928 4 0.0107 0.0248 0.141 0.0663 0.758 
929 4 0.00991 0.0227 0.122 0.0591 0.787 
930 4 0.00921 0.0209 0.107 0.0532 0.809 
931 4 0.00866 0.0196 0.0965 0.0487 0.827 
932 4 0.0083 0.0186 0.0902 0.0456 0.837 
933 4 0.00801 0.0179 0.0854 0.0432 0.845 
934 4 0.00778 0.0173 0.0819 0.0413 0.852 
935 4 0.00757 0.0167 0.0788 0.0396 0.857 
936 4 0.00738 0.0162 0.0759 0.038 0.862 
937 4 0.0072 0.0157 0.0734 0.0366 0.867 
938 4 0.00703 0.0153 0.071 0.0353 0.871 
939 4 0.00688 0.0149 0.0688 0.0341 0.875 
940 4 0.00674 0.0145 0.0669 0.033 0.879 
941 4 0.00661 0.0142 0.0652 0.0321 0.882 
942 4 0.0065 0.0139 0.0639 0.0313 0.884 
943 4 0.00642 0.0136 0.063 0.0306 0.886 
944 4 0.00636 0.0135 0.0626 0.03 0.888 
945 4 0.00631 0.0133 0.0623 0.0296 0.888 
946 4 0.00628 0.0132 0.0625 0.0293 0.889 
947 4 0.00628 0.0131 0.0631 0.0291 0.888 
948 4 0.00629 0.0131 0.0638 0.029 0.888 
949 4 0.00628 0.013 0.0644 0.0288 0.887 
950 4 0.00625 0.0129 0.0646 0.0285 0.888 
951 4 0.00622 0.0128 0.0648 0.0282 0.888 
952 4 0.00618 0.0127 0.0649 0.0279 0.888 
953 4 0.00615 0.0125 0.0651 0.0276 0.889 
954 4 0.00611 0.0124 0.0652 0.0273 0.889 
955 4 0.00607 0.0123 0.0653 0.027 0.889 
956 4 0.00602 0.0121 0.0652 0.0267 0.89 
957 4 0.00594 0.0119 0.0646 0.0262 0.891 
958 4 0.00583 0.0116 0.0631 0.0256 0.894 
959 4 0.00568 0.0113 0.0611 0.0248 0.897 
960 4 0.00554 0.011 0.059 0.024 0.9 
961 4 0.0054 0.0107 0.0571 0.0233 0.904 
962 4 0.00527 0.0104 0.0552 0.0226 0.907 
963 4 0.00515 0.0101 0.0535 0.0219 0.909 
964 4 0.00504 0.00982 0.0519 0.0214 0.912 
965 4 0.00493 0.00957 0.0503 0.0208 0.914 
966 4 0.00483 0.00934 0.0488 0.0203 0.917 
967 4 0.00473 0.00913 0.0475 0.0198 0.919 
968 4 0.00464 0.00892 0.0461 0.0194 0.921 
969 4 0.00456 0.00873 0.0449 0.019 0.923 
970 4 0.00448 0.00855 0.0437 0.0186 0.925 
971 4 0.0044 0.00838 0.0426 0.0182 0.926 
972 4 0.00433 0.00822 0.0415 0.0179 0.928 
973 4 0.00429 0.00812 0.041 0.0177 0.929 
974 4 0.00423 0.00798 0.04 0.0174 0.93 
975 4 0.00417 0.00784 0.0391 0.0172 0.932 
976 4 0.00411 0.00771 0.0382 0.0169 0.933 
977 4 0.00405 0.00759 0.0374 0.0167 0.934 
978 4 0.004 0.00748 0.0367 0.0164 0.935 
979 4 0.00395 0.00737 0.036 0.0162 0.936 
980 4 0.00391 0.00726 0.0353 0.016 0.938 
981 4 0.00386 0.00716 0.0347 0.0158 0.939 
982 4 0.00381 0.00706 0.034 0.0156 0.939 
983 4 0.00377 0.00696 0.0335 0.0154 0.94 
984 4 0.00373 0.00687 0.0329 0.0152 0.941 
985 4 0.00369 0.00678 0.0324 0.015 0.942 
986 4 0.00364 0.00669 0.0319 0.0148 0.943 
987 4 0.0036 0.0066 0.0314 0.0146 0.944 
988 4 0.00357 0.00652 0.0309 0.0145 0.945 
989 4 0.00353 0.00644 0.0305 0.0143 0.945 
990 4 0.00349 0.00636 0.03 0.0141 0.946 
991 4 0.00346 0.00628 0.0296 0.014 0.947 
992 4 0.00342 0.00621 0.0292 0.0138 0.947 
993 4 0.00339 0.00614 0.0288 0.0136 0.948 
994 4 0.00335 0.00607 0.0284 0.0135 0.949 
995 4 0.00332 0.006 0.028 0.0133 0.949 
996 4 0.00329 0.00593 0.0276 0.0132 0.95 
997 4 0.00326 0.00586 0.0273 0.0131 0.951 
