0 0 0.2 0.2 0.2 0.2 0.2 
1 1 0.185 0.205 0.205 0.201 0.204 
2 1 0.184 0.207 0.205 0.201 0.204 
3 1 0.184 0.207 0.205 0.201 0.204 
4 1 0.184 0.207 0.205 0.201 0.204 
5 1 0.184 0.207 0.205 0.201 0.204 
6 1 0.184 0.207 0.204 0.201 0.204 
7 1 0.184 0.207 0.204 0.201 0.204 
8 1 0.184 0.207 0.204 0.201 0.204 
9 1 0.184 0.207 0.204 0.201 0.203 
10 1 0.184 0.207 0.204 0.201 0.203 
11 1 0.184 0.207 0.204 0.201 0.203 
12 1 0.184 0.208 0.204 0.201 0.203 
13 1 0.184 0.208 0.204 0.201 0.203 
14 1 0.184 0.208 0.204 0.201 0.203 
15 1 0.184 0.208 0.204 0.201 0.203 
16 1 0.184 0.208 0.204 0.201 0.203 
17 1 0.184 0.208 0.204 0.201 0.203 
18 1 0.184 0.208 0.204 0.201 0.203 
19 1 0.184 0.208 0.204 0.201 0.203 
20 1 0.184 0.208 0.204 0.201 0.203 
21 1 0.184 0.208 0.204 0.201 0.203 
22 1 0.184 0.208 0.204 0.201 0.203 
23 1 0.184 0.209 0.204 0.201 0.203 
24 1 0.184 0.209 0.204 0.201 0.203 
25 1 0.184 0.209 0.204 0.201 0.203 
26 1 0.184 0.209 0.204 0.201 0.203 
27 1 0.184 0.209 0.204 0.201 0.203 
28 1 0.184 0.209 0.204 0.2 0.203 
29 1 0.184 0.209 0.204 0.2 0.203 
30 1 0.184 0.209 0.203 0.2 0.203 
31 1 0.184 0.209 0.203 0.2 0.203 
32 1 0.184 0.21 0.203 0.2 0.203 
33 1 0.184 0.21 0.203 0.2 0.203 
34 1 0.184 0.21 0.203 0.2 0.203 
35 1 0.184 0.21 0.203 0.2 0.203 
36 1 0.184 0.21 0.203 0.2 0.203 
37 1 0.184 0.21 0.203 0.2 0.203 
38 1 0.184 0.21 0.203 0.2 0.203 
39 1 0.184 0.21 0.203 0.2 0.203 
40 1 0.184 0.211 0.203 0.2 0.202 
41 1 0.184 0.211 0.203 0.2 0.202 
42 1 0.184 0.211 0.203 0.2 0.202 
43 1 0.184 0.211 0.203 0.2 0.202 
44 1 0.184 0.211 0.203 0.2 0.202 
45 1 0.184 0.211 0.203 0.2 0.202 
46 1 0.184 0.211 0.203 0.2 0.202 
47 1 0.184 0.212 0.203 0.2 0.202 
48 1 0.184 0.212 0.202 0.2 0.202 
49 1 0.184 0.212 0.202 0.2 0.202 
50 1 0.184 0.212 0.202 0.2 0.202 
51 1 0.184 0.212 0.202 0.2 0.202 
52 1 0.184 0.212 0.202 0.2 0.202 
53 1 0.183 0.213 0.202 0.2 0.202 
54 1 0.183 0.213 0.202 0.2 0.202 
55 1 0.183 0.213 0.202 0.2 0.202 
56 1 0.183 0.213 0.202 0.2 0.202 
57 1 0.183 0.213 0.202 0.2 0.202 
58 1 0.183 0.213 0.202 0.2 0.202 
59 1 0.183 0.214 0.202 0.2 0.202 
60 1 0.183 0.214 0.202 0.2 0.202 
61 1 0.183 0.214 0.202 0.2 0.202 
62 1 0.183 0.214 0.201 0.199 0.202 
63 1 0.183 0.214 0.201 0.199 0.202 
64 1 0.183 0.215 0.201 0.199 0.202 
65 1 0.183 0.215 0.201 0.199 0.202 
66 1 0.183 0.215 0.201 0.199 0.202 
67 1 0.183 0.215 0.201 0.199 0.201 
68 1 0.183 0.215 0.201 0.199 0.201 
69 1 0.183 0.216 0.201 0.199 0.201 
70 1 0.183 0.216 0.201 0.199 0.201 
71 1 0.183 0.216 0.201 0.199 0.201 
72 1 0.183 0.216 0.201 0.199 0.201 
73 1 0.183 0.217 0.2 0.199 0.201 
74 1 0.183 0.217 0.2 0.199 0.201 
75 1 0.183 0.217 0.2 0.199 0.201 
76 1 0.183 0.217 0.2 0.199 0.201 
77 1 0.183 0.218 0.2 0.199 0.201 
78 1 0.183 0.218 0.2 0.199 0.201 
79 1 0.183 0.218 0.2 0.198 0.201 
80 1 0.183 0.218 0.2 0.198 0.201 
81 1 0.183 0.219 0.2 0.198 0.201 
82 1 0.182 0.219 0.199 0.198 0.201 
83 1 0.182 0.219 0.199 0.198 0.201 
84 1 0.182 0.219 0.199 0.198 0.201 
85 1 0.182 0.22 0.199 0.198 0.201 
86 1 0.182 0.22 0.199 0.198 0.201 
87 1 0.182 0.22 0.199 0.198 0.201 
88 1 0.182 0.22 0.199 0.198 0.201 
89 1 0.182 0.219 0.199 0.198 0.201 
90 1 0.183 0.218 0.199 0.198 0.202 
91 1 0.183 0.217 0.199 0.199 0.202 
92 1 0.184 0.215 0.2 0.199 0.203 
93 1 0.184 0.212 0.201 0.2 0.204 
94 1 0.185 0.208 0.202 0.201 0.205 
95 4 0.186 0.204 0.202 0.202 0.206 
96 4 0.187 0.2 0.203 0.203 0.207 
97 4 0.188 0.196 0.204 0.204 0.208 
98 4 0.189 0.191 0.206 0.205 0.21 
99 4 0.19 0.187 0.207 0.206 0.211 
100 4 0.19 0.182 0.208 0.207 0.213 
101 4 0.191 0.178 0.209 0.208 0.214 
102 4 0.192 0.174 0.21 0.209 0.215 
103 4 0.193 0.169 0.211 0.21 0.217 
104 4 0.194 0.165 0.211 0.211 0.218 
105 4 0.195 0.161 0.212 0.212 0.22 
106 4 0.196 0.157 0.213 0.213 0.221 
107 4 0.196 0.154 0.214 0.214 0.223 
108 4 0.197 0.15 0.214 0.214 0.224 
109 4 0.198 0.146 0.215 0.215 0.226 
110 4 0.198 0.143 0.216 0.215 0.228 
111 4 0.199 0.14 0.216 0.216 0.23 
112 4 0.199 0.136 0.216 0.216 0.232 
113 4 0.199 0.133 0.216 0.216 0.235 
114 4 0.199 0.13 0.216 0.216 0.238 
115 4 0.199 0.127 0.216 0.216 0.242 
116 4 0.199 0.124 0.215 0.216 0.246 
117 4 0.198 0.122 0.215 0.215 0.25 
118 4 0.198 0.119 0.214 0.215 0.254 
119 4 0.198 0.117 0.214 0.214 0.258 
120 4 0.197 0.114 0.213 0.214 0.261 
121 4 0.197 0.112 0.213 0.213 0.265 
122 4 0.197 0.11 0.212 0.213 0.268 
123 4 0.197 0.108 0.212 0.213 0.271 
124 4 0.197 0.106 0.211 0.212 0.273 
125 4 0.196 0.105 0.211 0.212 0.276 
126 4 0.196 0.103 0.211 0.211 0.278 
127 4 0.196 0.102 0.21 0.211 0.281 
128 4 0.196 0.101 0.21 0.211 0.283 
129 4 0.196 0.0996 0.209 0.21 0.285 
130 4 0.196 0.0986 0.209 0.21 0.287 
131 4 0.196 0.0978 0.208 0.209 0.289 
132 4 0.196 0.0971 0.208 0.209 0.291 
133 4 0.196 0.0965 0.207 0.209 0.292 
134 4 0.196 0.096 0.207 0.208 0.294 
135 4 0.196 0.0956 0.206 0.208 0.295 
136 4 0.196 0.0952 0.206 0.207 0.296 
137 4 0.196 0.095 0.205 0.207 0.297 
138 4 0.196 0.0947 0.205 0.206 0.298 
139 4 0.196 0.0945 0.204 0.206 0.299 
140 4 0.197 0.0943 0.204 0.205 0.3 
141 4 0.197 0.0942 0.203 0.204 0.301 
142 4 0.198 0.094 0.202 0.204 0.302 
143 4 0.199 0.0938 0.202 0.203 0.302 
144 4 0.2 0.0936 0.201 0.203 0.303 
145 4 0.202 0.0934 0.2 0.202 0.303 
146 4 0.203 0.0932 0.199 0.201 0.303 
147 4 0.205 0.093 0.199 0.2 0.303 
148 4 0.207 0.0928 0.198 0.2 0.303 
149 4 0.208 0.0926 0.197 0.199 0.303 
150 4 0.209 0.0924 0.197 0.199 0.303 
151 4 0.211 0.0923 0.196 0.198 0.303 
152 4 0.211 0.0921 0.195 0.197 0.303 
153 4 0.212 0.092 0.195 0.197 0.304 
154 4 0.213 0.0919 0.195 0.197 0.304 
155 4 0.213 0.0918 0.194 0.196 0.305 
156 4 0.213 0.0918 0.194 0.196 0.305 
157 4 0.212 0.0917 0.194 0.196 0.307 
158 4 0.211 0.0916 0.194 0.196 0.308 
159 4 0.209 0.0916 0.194 0.196 0.31 
160 4 0.206 0.0916 0.194 0.196 0.312 
161 4 0.202 0.0915 0.195 0.197 0.315 
162 4 0.198 0.0914 0.195 0.198 0.318 
163 4 0.193 0.0913 0.196 0.198 0.321 
164 4 0.189 0.0912 0.197 0.199 0.324 
165 4 0.184 0.091 0.198 0.2 0.328 
166 4 0.179 0.0908 0.198 0.2 0.331 
167 4 0.174 0.0906 0.199 0.201 0.335 
168 4 0.17 0.0903 0.2 0.202 0.339 
169 4 0.165 0.09 0.2 0.202 0.342 
170 4 0.16 0.0896 0.201 0.203 0.346 
171 4 0.156 0.0893 0.201 0.204 0.35 
172 4 0.152 0.0889 0.2 0.205 0.355 
173 4 0.148 0.0885 0.198 0.206 0.36 
174 4 0.144 0.088 0.195 0.207 0.366 
175 4 0.14 0.0876 0.192 0.208 0.372 
176 4 0.136 0.0871 0.189 0.209 0.378 
177 4 0.133 0.0866 0.186 0.21 0.385 
178 4 0.129 0.0861 0.182 0.211 0.391 
179 4 0.126 0.0855 0.178 0.212 0.398 
180 4 0.123 0.0849 0.174 0.213 0.405 
181 4 0.119 0.0843 0.171 0.214 0.412 
182 4 0.116 0.0836 0.167 0.215 0.419 
183 4 0.113 0.0829 0.163 0.216 0.426 
184 4 0.11 0.0822 0.159 0.216 0.432 
185 4 0.107 0.0815 0.155 0.217 0.439 
186 4 0.104 0.0809 0.151 0.218 0.446 
187 4 0.102 0.0801 0.147 0.218 0.453 
188 4 0.099 0.0794 0.144 0.219 0.459 
189 4 0.0964 0.0787 0.14 0.219 0.466 
190 4 0.094 0.078 0.137 0.219 0.472 
191 4 0.0916 0.0774 0.133 0.22 0.478 
192 4 0.0892 0.0767 0.13 0.22 0.484 
193 4 0.087 0.076 0.127 0.22 0.49 
194 4 0.0848 0.0754 0.124 0.22 0.496 
195 4 0.0827 0.0748 0.121 0.22 0.502 
196 4 0.0807 0.0743 0.118 0.22 0.508 
197 4 0.0788 0.0737 0.115 0.219 0.514 
198 4 0.0768 0.0732 0.112 0.217 0.52 
199 4 0.075 0.0727 0.11 0.215 0.528 
200 4 0.0731 0.0722 0.107 0.211 0.536 
201 4 0.0714 0.0718 0.104 0.207 0.545 
202 4 0.0696 0.0714 0.102 0.203 0.554 
203 4 0.0679 0.071 0.0994 0.198 0.564 
204 4 0.0662 0.0706 0.0969 0.193 0.573 
205 4 0.0645 0.0702 0.0946 0.188 0.582 
206 4 0.0629 0.07 0.0923 0.183 0.591 
207 4 0.0614 0.0697 0.09 0.179 0.6 
208 4 0.0599 0.0695 0.0879 0.175 0.608 
209 4 0.0586 0.0694 0.0858 0.171 0.615 
210 4 0.0572 0.0693 0.0839 0.168 0.621 
211 4 0.056 0.0693 0.082 0.166 0.627 
212 4 0.0548 0.0694 0.0803 0.164 0.632 
213 4 0.0537 0.0695 0.0786 0.162 0.636 
214 4 0.0526 0.0696 0.077 0.161 0.64 
215 4 0.0516 0.0697 0.0753 0.159 0.644 
216 4 0.0505 0.0697 0.0737 0.157 0.649 
217 4 0.0493 0.0695 0.0718 0.154 0.655 
218 4 0.0479 0.0689 0.0697 0.15 0.663 
219 4 0.0461 0.0676 0.0669 0.144 0.675 
220 4 0.0438 0.0652 0.0633 0.136 0.692 
221 4 0.0413 0.0624 0.0596 0.127 0.71 
222 4 0.039 0.0595 0.056 0.118 0.727 
223 4 0.0368 0.0568 0.0527 0.11 0.744 
224 4 0.0349 0.0545 0.0498 0.103 0.757 
225 4 0.0334 0.0528 0.0476 0.0983 0.768 
226 4 0.0322 0.0515 0.0457 0.0941 0.777 
227 4 0.0311 0.0502 0.044 0.0903 0.784 
228 4 0.03 0.0491 0.0425 0.0869 0.791 
229 4 0.0291 0.0481 0.0411 0.0838 0.798 
230 4 0.0282 0.0472 0.0398 0.0809 0.804 
231 4 0.0273 0.0463 0.0385 0.0783 0.81 
232 4 0.0266 0.0455 0.0374 0.0757 0.815 
233 4 0.0258 0.0447 0.0363 0.0734 0.82 
234 4 0.0251 0.0439 0.0353 0.0711 0.825 
235 4 0.0245 0.0432 0.0343 0.069 0.829 
236 4 0.0238 0.0425 0.0334 0.067 0.833 
237 4 0.0232 0.0418 0.0325 0.0651 0.837 
238 4 0.0226 0.0412 0.0317 0.0633 0.841 
239 4 0.0221 0.0406 0.0309 0.0616 0.845 
240 4 0.0216 0.04 0.0301 0.06 0.848 
241 4 0.0211 0.0394 0.0294 0.0584 0.852 
242 4 0.0206 0.0388 0.0287 0.0569 0.855 
243 4 0.0201 0.0383 0.028 0.0554 0.858 
244 4 0.0197 0.0377 0.0274 0.0541 0.861 
245 4 0.0193 0.0373 0.0268 0.0528 0.864 
246 4 0.019 0.0371 0.0264 0.052 0.866 
247 4 0.0189 0.0372 0.0262 0.0517 0.866 
248 4 0.0187 0.0375 0.0261 0.0515 0.866 
249 4 0.0186 0.0377 0.0259 0.0513 0.866 
250 4 0.0185 0.0378 0.0257 0.0509 0.867 
251 4 0.0182 0.0377 0.0254 0.0502 0.868 
252 4 0.0179 0.0373 0.0249 0.0491 0.871 
253 4 0.0175 0.0366 0.0243 0.0478 0.874 
254 4 0.0171 0.036 0.0237 0.0465 0.877 
255 4 0.0167 0.0354 0.0232 0.0454 0.879 
256 4 0.0163 0.0349 0.0227 0.0443 0.882 
257 4 0.016 0.0344 0.0222 0.0432 0.884 
258 4 0.0157 0.034 0.0218 0.0423 0.886 
259 4 0.0154 0.0336 0.0213 0.0414 0.888 
260 4 0.0151 0.0332 0.021 0.0406 0.89 
261 4 0.0149 0.0328 0.0206 0.0398 0.892 
262 4 0.0146 0.0325 0.0202 0.0391 0.894 
263 4 0.0144 0.0322 0.0199 0.0384 0.895 
264 4 0.0142 0.0319 0.0196 0.0377 0.897 
265 4 0.014 0.0317 0.0193 0.0371 0.898 
266 4 0.0138 0.0314 0.019 0.0365 0.899 
267 4 0.0136 0.0312 0.0188 0.036 0.9 
268 4 0.0134 0.031 0.0185 0.0354 0.902 
269 4 0.0132 0.0308 0.0183 0.0349 0.903 
270 4 0.0131 0.0306 0.018 0.0344 0.904 
271 4 0.0129 0.0304 0.0178 0.034 0.905 
272 4 0.0127 0.0302 0.0176 0.0335 0.906 
273 4 0.0126 0.03 0.0174 0.0331 0.907 
274 4 0.0125 0.0299 0.0172 0.0327 0.908 
275 4 0.0123 0.0297 0.017 0.0323 0.909 
276 4 0.0122 0.0296 0.0168 0.0319 0.91 
277 4 0.012 0.0294 0.0166 0.0315 0.91 
278 4 0.0119 0.0293 0.0164 0.0312 0.911 
279 4 0.0118 0.0292 0.0162 0.0308 0.912 
280 4 0.0117 0.0291 0.0161 0.0305 0.913 
281 4 0.0116 0.029 0.0159 0.0301 0.913 
282 4 0.0114 0.0289 0.0158 0.0298 0.914 
283 4 0.0113 0.0288 0.0156 0.0295 0.915 
284 4 0.0112 0.0287 0.0155 0.0292 0.915 
285 4 0.0111 0.0286 0.0153 0.0289 0.916 
286 4 0.011 0.0285 0.0152 0.0286 0.917 
287 4 0.0109 0.0284 0.015 0.0284 0.917 
288 4 0.0108 0.0283 0.0149 0.0281 0.918 
289 4 0.0107 0.0282 0.0148 0.0279 0.918 
290 4 0.0107 0.0282 0.0147 0.0276 0.919 
291 4 0.0106 0.0281 0.0145 0.0274 0.919 
292 4 0.0105 0.028 0.0144 0.0271 0.92 
293 4 0.0104 0.028 0.0143 0.0269 0.92 
294 4 0.0103 0.0279 0.0142 0.0267 0.921 
295 4 0.0102 0.0279 0.0141 0.0264 0.921 
296 4 0.0102 0.0278 0.014 0.0262 0.922 
297 4 0.0101 0.0278 0.0139 0.026 0.922 
298 4 0.01 0.0277 0.0138 0.0258 0.923 
299 4 0.00993 0.0277 0.0137 0.0256 0.923 
300 4 0.00986 0.0276 0.0136 0.0254 0.924 
301 4 0.00979 0.0276 0.0135 0.0252 0.924 
302 4 0.00972 0.0275 0.0134 0.025 0.924 
303 4 0.00965 0.0275 0.0133 0.0249 0.925 
304 4 0.00958 0.0275 0.0132 0.0247 0.925 
305 4 0.00952 0.0274 0.0131 0.0245 0.925 
306 4 0.00946 0.0274 0.013 0.0243 0.926 
307 4 0.00939 0.0274 0.0129 0.0242 0.926 
308 4 0.00933 0.0274 0.0129 0.024 0.926 
309 4 0.00927 0.0273 0.0128 0.0238 0.927 
310 4 0.00922 0.0273 0.0127 0.0237 0.927 
311 4 0.00916 0.0273 0.0126 0.0235 0.927 
312 4 0.0091 0.0273 0.0125 0.0234 0.928 
313 4 0.00905 0.0273 0.0125 0.0232 0.928 
314 4 0.00899 0.0273 0.0124 0.0231 0.928 
315 4 0.00894 0.0272 0.0123 0.0229 0.929 
316 4 0.00889 0.0272 0.0122 0.0228 0.929 
317 4 0.00884 0.0272 0.0122 0.0227 0.929 
318 4 0.00879 0.0272 0.0121 0.0225 0.929 
319 4 0.00874 0.0272 0.012 0.0224 0.93 
320 4 0.00869 0.0272 0.012 0.0223 0.93 
321 4 0.00864 0.0272 0.0119 0.0222 0.93 
322 4 0.00859 0.0272 0.0119 0.022 0.93 
323 4 0.00855 0.0272 0.0118 0.0219 0.931 
324 4 0.0085 0.0272 0.0117 0.0218 0.931 
325 4 0.00846 0.0272 0.0117 0.0217 0.931 
326 4 0.00842 0.0272 0.0116 0.0216 0.931 
327 4 0.00837 0.0272 0.0116 0.0215 0.931 
328 4 0.00833 0.0272 0.0115 0.0213 0.932 
329 4 0.00829 0.0273 0.0114 0.0212 0.932 
330 4 0.00825 0.0273 0.0114 0.0211 0.932 
331 4 0.00821 0.0273 0.0113 0.021 0.932 
332 4 0.00817 0.0273 0.0113 0.0209 0.932 
333 4 0.00813 0.0273 0.0112 0.0208 0.932 
334 4 0.00809 0.0273 0.0112 0.0207 0.933 
335 4 0.00806 0.0274 0.0111 0.0206 0.933 
336 4 0.00802 0.0274 0.0111 0.0205 0.933 
337 4 0.00798 0.0274 0.011 0.0205 0.933 
338 4 0.00795 0.0274 0.011 0.0204 0.933 
339 4 0.00791 0.0274 0.0109 0.0203 0.933 
340 4 0.00788 0.0275 0.0109 0.0202 0.934 
341 4 0.00784 0.0275 0.0108 0.0201 0.934 
342 4 0.00781 0.0275 0.0108 0.02 0.934 
343 4 0.00778 0.0276 0.0108 0.0199 0.934 
344 4 0.00775 0.0276 0.0107 0.0199 0.934 
345 4 0.00772 0.0276 0.0107 0.0198 0.934 
346 4 0.00768 0.0276 0.0106 0.0197 0.934 
347 4 0.00765 0.0277 0.0106 0.0196 0.934 
348 4 0.00762 0.0277 0.0106 0.0196 0.935 
349 4 0.00759 0.0278 0.0105 0.0195 0.935 
350 4 0.00756 0.0278 0.0105 0.0194 0.935 
351 4 0.00754 0.0278 0.0104 0.0193 0.935 
352 4 0.00751 0.0279 0.0104 0.0193 0.935 
353 4 0.00748 0.0279 0.0104 0.0192 0.935 
354 4 0.00745 0.028 0.0103 0.0191 0.935 
355 4 0.00743 0.028 0.0103 0.0191 0.935 
356 4 0.0074 0.0281 0.0103 0.019 0.935 
357 4 0.00737 0.0281 0.0102 0.0189 0.935 
358 4 0.00735 0.0282 0.0102 0.0189 0.935 
359 4 0.00732 0.0282 0.0102 0.0188 0.935 
360 4 0.0073 0.0283 0.0101 0.0188 0.936 
361 4 0.00727 0.0283 0.0101 0.0187 0.936 
362 4 0.00725 0.0284 0.0101 0.0187 0.936 
363 4 0.00723 0.0284 0.01 0.0186 0.936 
364 4 0.0072 0.0285 0.01 0.0185 0.936 
365 4 0.00718 0.0285 0.00998 0.0185 0.936 
366 4 0.00716 0.0286 0.00995 0.0184 0.936 
367 4 0.00714 0.0287 0.00993 0.0184 0.936 
368 4 0.00711 0.0287 0.0099 0.0183 0.936 
369 4 0.00709 0.0288 0.00987 0.0183 0.936 
370 4 0.00707 0.0289 0.00984 0.0182 0.936 
371 4 0.00705 0.0289 0.00982 0.0182 0.936 
372 4 0.00703 0.029 0.00979 0.0181 0.936 
373 4 0.00701 0.0291 0.00977 0.0181 0.936 
374 4 0.00699 0.0291 0.00974 0.0181 0.936 
375 4 0.00697 0.0292 0.00972 0.018 0.936 
376 4 0.00695 0.0293 0.00969 0.018 0.936 
377 4 0.00693 0.0293 0.00967 0.0179 0.936 
378 4 0.00691 0.0294 0.00965 0.0179 0.936 
379 4 0.0069 0.0295 0.00963 0.0178 0.936 
380 4 0.00691 0.0297 0.00966 0.0179 0.936 
381 4 0.00693 0.0299 0.00968 0.018 0.935 
382 4 0.00694 0.0301 0.0097 0.0181 0.935 
383 4 0.00695 0.0303 0.00972 0.0181 0.935 
384 4 0.00696 0.0304 0.00973 0.0182 0.935 
385 4 0.00697 0.0306 0.00974 0.0182 0.934 
386 4 0.00697 0.0307 0.00975 0.0183 0.934 
387 4 0.00698 0.0309 0.00976 0.0183 0.934 
388 4 0.00698 0.031 0.00977 0.0183 0.934 
389 4 0.00699 0.0312 0.00978 0.0184 0.934 
390 4 0.00699 0.0313 0.00979 0.0184 0.933 
391 4 0.007 0.0314 0.0098 0.0185 0.933 
392 4 0.007 0.0316 0.00981 0.0185 0.933 
393 4 0.007 0.0317 0.00981 0.0185 0.933 
394 4 0.00701 0.0318 0.00982 0.0186 0.933 
395 4 0.00701 0.032 0.00983 0.0186 0.933 
396 4 0.00701 0.0321 0.00984 0.0187 0.932 
397 4 0.00702 0.0323 0.00985 0.0187 0.932 
398 4 0.00702 0.0324 0.00986 0.0187 0.932 
399 4 0.00703 0.0326 0.00986 0.0188 0.932 
400 4 0.00703 0.0327 0.00987 0.0188 0.932 
401 4 0.00704 0.0329 0.00988 0.0189 0.931 
402 4 0.00704 0.033 0.00989 0.0189 0.931 
403 4 0.00704 0.0332 0.0099 0.0189 0.931 
404 4 0.00705 0.0333 0.00991 0.019 0.931 
405 4 0.00705 0.0335 0.00992 0.019 0.931 
406 4 0.00706 0.0336 0.00993 0.0191 0.93 
407 4 0.00706 0.0338 0.00994 0.0191 0.93 
408 4 0.00707 0.0339 0.00995 0.0192 0.93 
409 4 0.00708 0.0341 0.00997 0.0192 0.93 
410 4 0.00708 0.0343 0.00998 0.0193 0.929 
411 4 0.00709 0.0344 0.00999 0.0193 0.929 
412 4 0.00709 0.0346 0.01 0.0194 0.929 
413 4 0.0071 0.0348 0.01 0.0194 0.929 
414 4 0.0072 0.0354 0.0102 0.0198 0.927 
415 4 0.0072 0.0356 0.0102 0.0198 0.927 
416 4 0.0072 0.0357 0.0102 0.0199 0.927 
417 4 0.0073 0.0364 0.0103 0.0202 0.926 
418 4 0.00729 0.0365 0.0103 0.0203 0.926 
419 4 0.00738 0.0371 0.0105 0.0206 0.924 
420 4 0.00738 0.0373 0.0105 0.0206 0.924 
421 4 0.00747 0.0379 0.0106 0.021 0.923 
422 4 0.00746 0.038 0.0106 0.021 0.923 
423 4 0.00744 0.0382 0.0106 0.021 0.923 
424 4 0.00754 0.0388 0.0107 0.0214 0.922 
425 4 0.00752 0.0389 0.0107 0.0213 0.922 
426 4 0.00761 0.0396 0.0108 0.0217 0.92 
427 4 0.00758 0.0397 0.0108 0.0216 0.92 
428 4 0.00767 0.0404 0.0109 0.022 0.919 
429 4 0.00764 0.0405 0.0109 0.0219 0.919 
430 4 0.00773 0.0412 0.011 0.0222 0.918 
431 4 0.0077 0.0413 0.011 0.0221 0.918 
432 4 0.00779 0.042 0.0111 0.0225 0.917 
433 4 0.00775 0.0421 0.0111 0.0224 0.917 
434 4 0.00784 0.0429 0.0112 0.0227 0.915 
435 4 0.0078 0.043 0.0112 0.0226 0.915 
436 4 0.00789 0.0438 0.0113 0.0229 0.914 
437 4 0.00785 0.0439 0.0113 0.0228 0.914 
438 4 0.00794 0.0448 0.0114 0.0231 0.913 
439 4 0.00802 0.0457 0.0115 0.0235 0.911 
440 4 0.00809 0.0465 0.0117 0.0238 0.91 
441 4 0.00816 0.0473 0.0118 0.0241 0.909 
442 4 0.00822 0.048 0.0119 0.0243 0.908 
443 4 0.00828 0.0488 0.012 0.0246 0.906 
444 4 0.00834 0.0495 0.0121 0.0249 0.905 
445 4 0.0084 0.0502 0.0122 0.0251 0.904 
446 4 0.00846 0.051 0.0123 0.0254 0.903 
447 4 0.00851 0.0517 0.0124 0.0256 0.902 
448 4 0.00857 0.0525 0.0125 0.0259 0.901 
449 4 0.00863 0.0533 0.0126 0.0261 0.899 
450 4 0.00868 0.0541 0.0127 0.0264 0.898 
451 4 0.00874 0.0549 0.0128 0.0266 0.897 
452 4 0.00879 0.0557 0.0129 0.0269 0.896 
453 4 0.00885 0.0566 0.013 0.0271 0.894 
454 4 0.00891 0.0575 0.0131 0.0274 0.893 
455 4 0.00897 0.0584 0.0132 0.0277 0.892 
456 4 0.00903 0.0593 0.0133 0.0279 0.89 
457 4 0.00909 0.0602 0.0134 0.0282 0.889 
458 4 0.00915 0.0612 0.0135 0.0285 0.888 
459 4 0.00922 0.0622 0.0136 0.0288 0.886 
460 4 0.00928 0.0633 0.0137 0.0291 0.885 
461 4 0.00936 0.0644 0.0139 0.0294 0.883 
462 4 0.00944 0.0656 0.014 0.0298 0.881 
463 4 0.00954 0.0669 0.0142 0.0303 0.879 
464 4 0.00965 0.0684 0.0144 0.0308 0.877 
465 4 0.00974 0.0697 0.0146 0.0312 0.875 
466 4 0.00985 0.0711 0.0148 0.0317 0.873 
467 4 0.00994 0.0725 0.0149 0.0322 0.87 
468 4 0.0101 0.0741 0.0151 0.0327 0.868 
469 4 0.0102 0.0756 0.0153 0.0333 0.866 
470 4 0.0103 0.0772 0.0155 0.0338 0.863 
471 4 0.0104 0.0789 0.0157 0.0343 0.861 
472 4 0.0105 0.0807 0.016 0.035 0.858 
473 4 0.0106 0.0825 0.0162 0.0355 0.855 
474 4 0.0107 0.0845 0.0164 0.0362 0.852 
475 4 0.0109 0.0865 0.0166 0.0369 0.849 
476 4 0.011 0.0886 0.0169 0.0376 0.846 
477 4 0.0111 0.0908 0.0172 0.0383 0.843 
478 4 0.0113 0.0931 0.0174 0.039 0.839 
479 4 0.0114 0.0956 0.0177 0.0398 0.835 
480 4 0.0116 0.0981 0.018 0.0406 0.832 
481 4 0.0117 0.101 0.0183 0.0415 0.828 
482 4 0.0119 0.104 0.0186 0.0424 0.824 
483 4 0.012 0.107 0.0189 0.0433 0.819 
484 4 0.0122 0.11 0.0193 0.0442 0.815 
485 4 0.0124 0.113 0.0196 0.0452 0.81 
486 4 0.0126 0.116 0.02 0.0462 0.805 
487 4 0.0127 0.12 0.0203 0.0473 0.8 
488 4 0.0129 0.123 0.0207 0.0484 0.795 
489 4 0.0131 0.127 0.0211 0.0496 0.789 
490 4 0.0133 0.131 0.0215 0.0508 0.783 
491 4 0.0135 0.136 0.0219 0.0521 0.777 
492 4 0.0137 0.14 0.0224 0.0534 0.77 
493 4 0.0139 0.145 0.0228 0.0548 0.763 
494 4 0.0142 0.15 0.0233 0.0564 0.756 
495 4 0.0144 0.156 0.0238 0.0579 0.748 
496 4 0.0146 0.161 0.0243 0.0595 0.741 
497 4 0.0149 0.167 0.0247 0.061 0.733 
498 4 0.0151 0.172 0.0252 0.0626 0.725 
499 4 0.0153 0.179 0.0257 0.0643 0.716 
500 4 0.0155 0.185 0.0262 0.0659 0.708 
501 4 0.0157 0.191 0.0267 0.0677 0.699 
502 4 0.016 0.198 0.0272 0.0695 0.689 
503 4 0.0162 0.205 0.0277 0.0713 0.68 
504 4 0.0164 0.212 0.0282 0.073 0.67 
505 4 0.0166 0.22 0.0287 0.075 0.66 
506 4 0.0168 0.228 0.0292 0.0768 0.65 
507 4 0.017 0.236 0.0297 0.0789 0.639 
508 4 0.0173 0.244 0.0302 0.0809 0.628 
509 4 0.0175 0.252 0.0307 0.0832 0.617 
510 4 0.0177 0.261 0.0312 0.0854 0.605 
511 4 0.0178 0.269 0.0316 0.0874 0.594 
512 4 0.018 0.278 0.0321 0.0898 0.582 
513 4 0.0182 0.286 0.0326 0.092 0.571 
514 4 0.0184 0.295 0.033 0.0945 0.559 
515 4 0.0185 0.304 0.0335 0.0968 0.548 
516 4 0.0187 0.312 0.0339 0.0992 0.536 
517 4 0.0188 0.321 0.0343 0.102 0.525 
518 4 0.019 0.329 0.0347 0.104 0.513 
519 4 0.0191 0.337 0.0351 0.107 0.502 
520 4 0.0192 0.345 0.0354 0.109 0.491 
521 4 0.0193 0.353 0.0357 0.112 0.481 
522 4 0.0194 0.36 0.0361 0.115 0.47 
523 4 0.0195 0.368 0.0364 0.117 0.459 
524 4 0.0195 0.375 0.0366 0.12 0.45 
525 4 0.0196 0.381 0.0369 0.123 0.44 
526 4 0.0197 0.388 0.0371 0.126 0.43 
527 4 0.0197 0.394 0.0373 0.128 0.421 
528 4 0.0197 0.4 0.0375 0.131 0.412 
529 1 0.0198 0.406 0.0377 0.134 0.403 
530 1 0.0198 0.411 0.0379 0.136 0.395 
531 1 0.0198 0.416 0.038 0.138 0.387 
532 1 0.0198 0.421 0.0382 0.141 0.38 
533 1 0.0198 0.426 0.0383 0.144 0.372 
534 1 0.0198 0.431 0.0384 0.146 0.365 
535 1 0.0198 0.435 0.0385 0.149 0.358 
536 1 0.0198 0.44 0.0386 0.151 0.351 
537 1 0.0198 0.444 0.0387 0.153 0.344 
538 1 0.0198 0.448 0.0387 0.155 0.338 
539 1 0.0198 0.451 0.0388 0.158 0.332 
540 1 0.0197 0.455 0.0389 0.16 0.326 
541 1 0.0197 0.458 0.0389 0.162 0.321 
542 1 0.0197 0.462 0.039 0.165 0.315 
543 1 0.0197 0.465 0.039 0.167 0.31 
544 1 0.0197 0.467 0.039 0.169 0.304 
545 1 0.0196 0.47 0.039 0.172 0.3 
546 1 0.0196 0.472 0.039 0.174 0.295 
547 1 0.0196 0.474 0.039 0.177 0.29 
548 1 0.0196 0.476 0.039 0.18 0.285 
549 1 0.0196 0.477 0.039 0.183 0.281 
550 1 0.0196 0.478 0.039 0.187 0.276 
551 1 0.0196 0.479 0.039 0.191 0.272 
552 1 0.0195 0.48 0.039 0.194 0.268 
553 1 0.0195 0.48 0.0389 0.197 0.264 
554 1 0.0195 0.48 0.0389 0.201 0.26 
555 1 0.0195 0.48 0.0388 0.205 0.256 
556 1 0.0195 0.48 0.0388 0.209 0.253 
557 1 0.0195 0.478 0.0388 0.215 0.249 
558 1 0.0195 0.476 0.0388 0.221 0.245 
559 1 0.0195 0.475 0.0388 0.226 0.241 
560 1 0.0195 0.473 0.0387 0.231 0.238 
561 1 0.0194 0.473 0.0386 0.234 0.235 
562 1 0.0193 0.474 0.0385 0.236 0.232 
563 1 0.0193 0.475 0.0383 0.238 0.229 
564 1 0.0192 0.476 0.0382 0.24 0.227 
565 1 0.0191 0.477 0.0381 0.242 0.224 
566 1 0.0191 0.477 0.038 0.244 0.222 
567 1 0.019 0.478 0.0379 0.245 0.22 
568 1 0.0189 0.479 0.0378 0.246 0.218 
569 1 0.0188 0.48 0.0377 0.248 0.216 
570 1 0.0188 0.481 0.0376 0.249 0.214 
571 1 0.0187 0.482 0.0376 0.25 0.212 
572 1 0.0186 0.483 0.0375 0.251 0.21 
573 1 0.0186 0.483 0.0374 0.253 0.208 
574 1 0.0185 0.484 0.0374 0.254 0.206 
575 1 0.0184 0.485 0.0373 0.256 0.204 
576 1 0.0184 0.485 0.0373 0.257 0.202 
577 1 0.0183 0.485 0.0373 0.258 0.201 
578 1 0.0183 0.485 0.0373 0.261 0.199 
579 1 0.0182 0.486 0.0372 0.262 0.197 
580 1 0.0182 0.486 0.0372 0.263 0.196 
581 1 0.0181 0.487 0.0372 0.264 0.194 
582 1 0.0181 0.487 0.0372 0.265 0.192 
583 1 0.018 0.49 0.0372 0.264 0.191 
584 1 0.0178 0.497 0.0371 0.258 0.19 
585 1 0.0177 0.504 0.037 0.252 0.189 
586 1 0.0175 0.515 0.0368 0.242 0.189 
587 1 0.0172 0.528 0.0366 0.229 0.188 
588 1 0.017 0.541 0.0364 0.218 0.188 
589 1 0.0168 0.552 0.0362 0.207 0.187 
590 1 0.0165 0.563 0.036 0.198 0.187 
591 1 0.0163 0.573 0.0358 0.189 0.186 
592 1 0.0161 0.583 0.0356 0.18 0.185 
593 1 0.0158 0.592 0.0354 0.173 0.185 
594 1 0.0156 0.6 0.0353 0.166 0.184 
595 1 0.0154 0.608 0.0351 0.159 0.183 
596 1 0.0152 0.615 0.0349 0.153 0.182 
597 1 0.015 0.622 0.0348 0.147 0.181 
598 1 0.0148 0.629 0.0346 0.142 0.18 
599 1 0.0146 0.636 0.0345 0.137 0.179 
600 1 0.0144 0.642 0.0343 0.132 0.178 
601 1 0.0142 0.648 0.0342 0.127 0.177 
602 1 0.014 0.653 0.034 0.123 0.176 
603 1 0.0139 0.658 0.0339 0.119 0.174 
604 1 0.0137 0.664 0.0337 0.116 0.173 
605 1 0.0135 0.669 0.0336 0.112 0.172 
606 1 0.0133 0.673 0.0335 0.109 0.171 
607 1 0.0132 0.678 0.0333 0.106 0.17 
608 1 0.013 0.682 0.0332 0.103 0.169 
609 1 0.0129 0.686 0.0331 0.0999 0.168 
610 1 0.0127 0.691 0.0328 0.0971 0.166 
611 1 0.0125 0.695 0.0326 0.0944 0.165 
612 1 0.0124 0.7 0.0323 0.0918 0.164 
613 1 0.0122 0.704 0.0321 0.0895 0.162 
614 1 0.012 0.708 0.0319 0.0872 0.161 
615 1 0.0119 0.712 0.0316 0.0851 0.16 
616 1 0.0118 0.715 0.0314 0.0831 0.158 
617 1 0.0116 0.719 0.0312 0.0812 0.157 
618 1 0.0115 0.722 0.031 0.0794 0.156 
619 1 0.0114 0.725 0.0308 0.0776 0.155 
620 1 0.0112 0.728 0.0306 0.076 0.154 
621 1 0.0111 0.731 0.0305 0.0745 0.153 
622 1 0.011 0.734 0.0303 0.0731 0.152 
623 1 0.0109 0.737 0.0301 0.0717 0.15 
624 1 0.0108 0.739 0.03 0.0704 0.149 
625 1 0.0107 0.742 0.0298 0.0691 0.148 
626 1 0.0106 0.744 0.0297 0.068 0.148 
627 1 0.0105 0.747 0.0295 0.0668 0.147 
628 1 0.0104 0.749 0.0294 0.0657 0.146 
629 1 0.0103 0.751 0.0293 0.0647 0.145 
630 1 0.0102 0.753 0.0292 0.0637 0.144 
631 1 0.0101 0.755 0.0291 0.0628 0.143 
632 1 0.01 0.757 0.0289 0.0619 0.142 
633 1 0.00995 0.759 0.0288 0.061 0.142 
634 1 0.00987 0.76 0.0287 0.0602 0.141 
635 1 0.0098 0.762 0.0286 0.0594 0.14 
636 1 0.00972 0.764 0.0285 0.0587 0.139 
637 1 0.00965 0.765 0.0284 0.058 0.139 
638 1 0.00958 0.767 0.0284 0.0573 0.138 
639 1 0.00952 0.768 0.0283 0.0566 0.137 
640 1 0.00945 0.77 0.0282 0.056 0.137 
641 1 0.00939 0.771 0.0281 0.0554 0.136 
642 1 0.00932 0.773 0.028 0.0548 0.135 
643 1 0.00924 0.774 0.0278 0.0542 0.134 
644 1 0.00918 0.776 0.0277 0.0536 0.134 
645 1 0.00911 0.778 0.0275 0.053 0.133 
646 1 0.00904 0.779 0.0274 0.0525 0.132 
647 1 0.00898 0.781 0.0273 0.0519 0.131 
648 1 0.00891 0.782 0.0271 0.0514 0.131 
649 1 0.00885 0.783 0.027 0.051 0.13 
650 1 0.00879 0.785 0.0269 0.0505 0.129 
651 1 0.00874 0.786 0.0268 0.0501 0.128 
652 1 0.00868 0.787 0.0267 0.0496 0.128 
653 1 0.00862 0.788 0.0265 0.0492 0.127 
654 1 0.00857 0.79 0.0264 0.0488 0.126 
655 1 0.00852 0.791 0.0263 0.0485 0.126 
656 1 0.00847 0.792 0.0262 0.0481 0.125 
657 1 0.00842 0.793 0.0261 0.0478 0.125 
658 1 0.00837 0.794 0.026 0.0475 0.124 
659 1 0.00833 0.795 0.0259 0.0472 0.123 
660 1 0.00828 0.796 0.0258 0.0469 0.123 
661 1 0.00824 0.797 0.0258 0.0467 0.122 
662 1 0.0082 0.798 0.0257 0.0464 0.122 
663 1 0.00815 0.799 0.0256 0.0462 0.121 
664 1 0.00811 0.8 0.0255 0.0459 0.121 
665 1 0.00807 0.801 0.0254 0.0457 0.12 
666 1 0.00803 0.802 0.0253 0.0455 0.119 
667 1 0.00799 0.803 0.0253 0.0453 0.119 
668 1 0.00796 0.803 0.0252 0.0451 0.118 
669 1 0.00792 0.804 0.0251 0.045 0.118 
670 1 0.00788 0.805 0.025 0.0448 0.117 
671 1 0.00785 0.806 0.025 0.0446 0.117 
672 1 0.00781 0.807 0.0249 0.0445 0.116 
673 1 0.00778 0.808 0.0248 0.0444 0.115 
674 1 0.00774 0.808 0.0247 0.0442 0.115 
675 1 0.00771 0.809 0.0247 0.0441 0.114 
676 1 0.00768 0.81 0.0246 0.044 0.114 
677 1 0.00765 0.811 0.0245 0.0439 0.113 
678 1 0.00762 0.811 0.0245 0.0438 0.113 
679 1 0.00759 0.812 0.0244 0.0438 0.112 
680 1 0.00756 0.813 0.0243 0.0437 0.112 
681 1 0.00753 0.814 0.0243 0.0436 0.111 
682 1 0.0075 0.814 0.0242 0.0436 0.11 
683 1 0.00747 0.815 0.0241 0.0436 0.11 
684 1 0.00744 0.816 0.0241 0.0435 0.109 
685 1 0.00741 0.816 0.024 0.0435 0.109 
686 1 0.00739 0.817 0.0239 0.0435 0.108 
687 1 0.00736 0.818 0.0239 0.0434 0.108 
688 1 0.00733 0.818 0.0238 0.0434 0.107 
689 1 0.00731 0.819 0.0237 0.0434 0.106 
690 1 0.00728 0.82 0.0237 0.0434 0.106 
691 1 0.00726 0.82 0.0236 0.0434 0.105 
692 1 0.00723 0.821 0.0236 0.0434 0.105 
693 1 0.00721 0.821 0.0235 0.0435 0.104 
694 1 0.00719 0.822 0.0235 0.0435 0.104 
695 1 0.00717 0.823 0.0234 0.0436 0.103 
696 1 0.00714 0.823 0.0233 0.0436 0.103 
697 1 0.00712 0.824 0.0233 0.0437 0.102 
698 1 0.0071 0.824 0.0232 0.0437 0.102 
699 1 0.00708 0.825 0.0232 0.0438 0.101 
700 1 0.00707 0.825 0.0231 0.0439 0.101 
701 1 0.00705 0.826 0.0231 0.044 0.1 
702 1 0.00703 0.826 0.023 0.0441 0.0998 
703 1 0.00701 0.826 0.023 0.0442 0.0994 
704 1 0.00699 0.827 0.023 0.0443 0.0989 
705 1 0.00698 0.827 0.0229 0.0444 0.0985 
706 1 0.00696 0.828 0.0229 0.0445 0.098 
707 1 0.00697 0.828 0.0229 0.0448 0.0978 
708 1 0.00694 0.828 0.0228 0.0449 0.0973 
709 1 0.00695 0.828 0.0228 0.0451 0.097 
710 1 0.00695 0.828 0.0228 0.0454 0.0967 
711 1 0.00695 0.828 0.0228 0.0457 0.0963 
712 1 0.00695 0.828 0.0228 0.046 0.096 
713 1 0.00694 0.828 0.0228 0.0462 0.0957 
714 1 0.00694 0.828 0.0228 0.0465 0.0953 
715 1 0.00694 0.829 0.0227 0.0468 0.095 
716 1 0.00694 0.829 0.0227 0.0471 0.0947 
717 1 0.00694 0.829 0.0227 0.0474 0.0944 
718 1 0.00694 0.829 0.0227 0.0476 0.0941 
719 1 0.00694 0.829 0.0227 0.048 0.0939 
720 1 0.00694 0.828 0.0227 0.0483 0.0936 
721 1 0.00694 0.828 0.0227 0.0486 0.0934 
722 1 0.00695 0.828 0.0227 0.049 0.0932 
723 1 0.00695 0.828 0.0227 0.0493 0.093 
724 1 0.00696 0.828 0.0227 0.0497 0.0929 
725 1 0.00696 0.828 0.0227 0.05 0.0927 
726 1 0.00697 0.827 0.0227 0.0504 0.0926 
727 1 0.00698 0.827 0.0227 0.0508 0.0925 
728 1 0.00698 0.827 0.0228 0.0512 0.0923 
729 1 0.00699 0.826 0.0228 0.0516 0.0922 
730 1 0.007 0.826 0.0228 0.052 0.0921 
731 1 0.007 0.826 0.0228 0.0525 0.0921 
732 1 0.00701 0.825 0.0228 0.0529 0.092 
733 1 0.00702 0.825 0.0228 0.0533 0.0919 
734 1 0.00703 0.824 0.0229 0.0538 0.0919 
735 1 0.00704 0.824 0.0229 0.0543 0.0919 
736 1 0.00705 0.823 0.0229 0.0548 0.0919 
737 1 0.00707 0.823 0.0229 0.0553 0.0919 
738 1 0.00708 0.822 0.023 0.0558 0.0919 
739 1 0.00709 0.822 0.023 0.0563 0.0919 
740 1 0.0071 0.821 0.023 0.0568 0.0919 
741 1 0.00712 0.821 0.023 0.0574 0.0919 
742 1 0.00713 0.82 0.0231 0.0579 0.092 
743 1 0.00714 0.819 0.0231 0.0585 0.092 
744 1 0.00716 0.819 0.0231 0.059 0.0921 
745 1 0.00717 0.818 0.0232 0.0596 0.0922 
746 1 0.00719 0.817 0.0232 0.0602 0.0922 
747 1 0.0072 0.816 0.0233 0.0608 0.0923 
748 1 0.00722 0.816 0.0233 0.0614 0.0924 
749 1 0.00723 0.815 0.0233 0.0621 0.0925 
750 1 0.00725 0.814 0.0234 0.0627 0.0926 
751 1 0.00727 0.813 0.0234 0.0634 0.0927 
752 1 0.00729 0.812 0.0235 0.0641 0.0929 
753 1 0.0073 0.811 0.0235 0.0648 0.093 
754 1 0.00736 0.81 0.0237 0.0659 0.0934 
755 1 0.00738 0.809 0.0237 0.0667 0.0936 
756 1 0.0074 0.808 0.0238 0.0674 0.0937 
757 1 0.00746 0.806 0.0239 0.0686 0.0941 
758 1 0.00747 0.805 0.024 0.0694 0.0943 
759 1 0.00753 0.803 0.0241 0.0706 0.0946 
760 1 0.00754 0.802 0.0241 0.0714 0.0948 
761 1 0.00756 0.801 0.0242 0.0721 0.0949 
762 1 0.00761 0.8 0.0243 0.0734 0.0952 
763 1 0.00762 0.799 0.0243 0.0741 0.0954 
764 1 0.00763 0.798 0.0243 0.0749 0.0955 
765 1 0.00768 0.796 0.0244 0.0762 0.0958 
766 1 0.00769 0.795 0.0244 0.0769 0.0959 
767 1 0.00774 0.793 0.0246 0.0783 0.0963 
768 1 0.00774 0.792 0.0246 0.079 0.0964 
769 1 0.0078 0.79 0.0247 0.0804 0.0968 
770 1 0.0078 0.79 0.0247 0.0811 0.0969 
771 1 0.00785 0.788 0.0248 0.0825 0.0972 
772 1 0.00784 0.787 0.0248 0.0832 0.0973 
773 1 0.00784 0.786 0.0248 0.0839 0.0974 
774 1 0.0079 0.784 0.0249 0.0855 0.0979 
775 1 0.0079 0.783 0.0249 0.0863 0.0981 
776 1 0.00796 0.78 0.0251 0.0879 0.0987 
777 1 0.00796 0.779 0.0251 0.0887 0.0988 
778 1 0.00801 0.777 0.0253 0.0904 0.0995 
779 1 0.00807 0.774 0.0254 0.0921 0.1 
780 1 0.00806 0.773 0.0254 0.0928 0.1 
781 1 0.00812 0.771 0.0256 0.0946 0.101 
782 1 0.00817 0.769 0.0257 0.0962 0.101 
783 1 0.00821 0.766 0.0258 0.0978 0.102 
784 1 0.00826 0.764 0.0259 0.0995 0.102 
785 1 0.0083 0.762 0.0261 0.101 0.103 
786 1 0.00835 0.76 0.0262 0.103 0.103 
787 1 0.0084 0.757 0.0264 0.104 0.104 
788 1 0.00844 0.755 0.0265 0.106 0.104 
789 1 0.00849 0.752 0.0267 0.108 0.105 
790 1 0.00854 0.749 0.0269 0.11 0.105 
791 1 0.00859 0.747 0.0271 0.112 0.106 
792 1 0.00864 0.744 0.0273 0.114 0.106 
793 1 0.00869 0.741 0.0275 0.116 0.107 
794 1 0.00874 0.738 0.0277 0.118 0.108 
795 1 0.0088 0.735 0.0279 0.12 0.108 
796 1 0.00885 0.732 0.0281 0.122 0.109 
797 1 0.00891 0.729 0.0283 0.125 0.11 
798 1 0.00896 0.725 0.0286 0.127 0.11 
799 1 0.00902 0.722 0.0288 0.129 0.111 
800 1 0.00908 0.719 0.029 0.132 0.112 
801 1 0.00914 0.715 0.0293 0.134 0.112 
802 1 0.00919 0.712 0.0295 0.137 0.113 
803 1 0.00925 0.708 0.0298 0.139 0.114 
804 1 0.00931 0.704 0.0301 0.142 0.114 
805 1 0.00937 0.7 0.0303 0.145 0.115 
806 1 0.00943 0.697 0.0306 0.147 0.116 
807 1 0.00949 0.693 0.0309 0.15 0.117 
808 1 0.00955 0.688 0.0312 0.153 0.117 
809 1 0.00961 0.684 0.0315 0.156 0.118 
810 1 0.00968 0.68 0.0318 0.16 0.119 
811 1 0.00976 0.675 0.0322 0.163 0.12 
812 1 0.00983 0.67 0.0325 0.167 0.121 
813 1 0.0099 0.666 0.0329 0.17 0.122 
814 1 0.00998 0.661 0.0332 0.174 0.122 
815 1 0.0101 0.656 0.0336 0.177 0.123 
816 1 0.0101 0.651 0.034 0.181 0.124 
817 1 0.0102 0.646 0.0343 0.185 0.124 
818 1 0.0103 0.641 0.0347 0.189 0.125 
819 1 0.0104 0.637 0.0351 0.193 0.125 
820 1 0.0104 0.632 0.0354 0.197 0.126 
821 1 0.0105 0.627 0.0358 0.201 0.126 
822 1 0.0106 0.622 0.0362 0.205 0.126 
823 1 0.0107 0.617 0.0366 0.209 0.127 
824 1 0.0107 0.613 0.0369 0.213 0.127 
825 1 0.0108 0.608 0.0373 0.217 0.127 
826 1 0.0109 0.603 0.0377 0.222 0.127 
827 1 0.011 0.598 0.038 0.226 0.127 
828 1 0.011 0.593 0.0384 0.23 0.127 
829 1 0.0111 0.588 0.0388 0.235 0.127 
830 1 0.0112 0.583 0.0391 0.24 0.127 
831 1 0.0112 0.578 0.0395 0.244 0.127 
832 1 0.0113 0.573 0.0399 0.249 0.127 
833 1 0.0114 0.567 0.0403 0.254 0.127 
834 1 0.0114 0.562 0.0407 0.26 0.126 
835 1 0.0115 0.556 0.0411 0.265 0.126 
836 1 0.0116 0.551 0.0415 0.27 0.126 
837 1 0.0116 0.545 0.0419 0.276 0.126 
838 1 0.0117 0.539 0.0424 0.281 0.126 
839 1 0.0118 0.533 0.0428 0.287 0.126 
840 1 0.0118 0.527 0.0432 0.292 0.126 
841 1 0.0119 0.521 0.0437 0.298 0.125 
842 1 0.0119 0.515 0.0442 0.303 0.125 
843 1 0.012 0.509 0.0446 0.309 0.125 
844 1 0.0121 0.503 0.0451 0.315 0.125 
845 1 0.0121 0.497 0.0456 0.32 0.125 
846 1 0.0122 0.491 0.0461 0.326 0.124 
847 1 0.0122 0.486 0.0466 0.331 0.124 
848 1 0.0122 0.48 0.0472 0.337 0.124 
849 1 0.0123 0.474 0.0477 0.342 0.124 
850 1 0.0123 0.468 0.0483 0.348 0.124 
851 1 0.0124 0.462 0.0489 0.353 0.123 
852 1 0.0124 0.457 0.0496 0.358 0.123 
853 1 0.0125 0.451 0.0502 0.363 0.123 
854 1 0.0125 0.446 0.0509 0.368 0.123 
855 1 0.0125 0.44 0.0516 0.373 0.123 
856 1 0.0126 0.435 0.0524 0.378 0.123 
857 1 0.0126 0.43 0.0532 0.382 0.123 
858 1 0.0126 0.424 0.054 0.386 0.122 
859 1 0.0127 0.419 0.0549 0.391 0.122 
860 1 0.0127 0.414 0.0558 0.395 0.122 
861 1 0.0128 0.41 0.0568 0.399 0.122 
862 1 0.0128 0.405 0.0578 0.402 0.122 
863 3 0.0128 0.4 0.0589 0.406 0.122 
864 3 0.0129 0.396 0.0601 0.409 0.122 
865 3 0.0129 0.391 0.0613 0.412 0.122 
866 3 0.013 0.387 0.0627 0.415 0.122 
867 3 0.013 0.383 0.0641 0.418 0.122 
868 3 0.013 0.379 0.0656 0.42 0.122 
869 3 0.0131 0.375 0.0673 0.422 0.123 
870 3 0.0131 0.371 0.0691 0.424 0.123 
871 3 0.0132 0.367 0.071 0.426 0.123 
872 3 0.0132 0.364 0.0732 0.427 0.123 
873 3 0.0133 0.36 0.0755 0.428 0.123 
874 3 0.0134 0.357 0.0781 0.428 0.124 
875 3 0.0134 0.354 0.0809 0.428 0.124 
876 3 0.0135 0.351 0.084 0.427 0.124 
877 3 0.0136 0.347 0.0875 0.427 0.125 
878 3 0.0136 0.344 0.091 0.426 0.125 
879 3 0.0137 0.341 0.0952 0.424 0.126 
880 3 0.0138 0.338 0.1 0.422 0.126 
881 3 0.0139 0.334 0.106 0.419 0.127 
882 3 0.014 0.33 0.112 0.416 0.128 
883 3 0.0141 0.326 0.12 0.412 0.128 
884 3 0.0143 0.321 0.129 0.408 0.129 
885 3 0.0144 0.315 0.139 0.402 0.129 
886 3 0.0145 0.309 0.152 0.396 0.129 
887 3 0.0147 0.302 0.167 0.388 0.129 
888 3 0.0148 0.294 0.185 0.378 0.129 
889 3 0.0149 0.285 0.206 0.366 0.128 
890 3 0.015 0.274 0.233 0.352 0.127 
891 3 0.015 0.261 0.265 0.335 0.124 
892 3 0.0149 0.246 0.304 0.314 0.121 
893 2 0.0147 0.229 0.349 0.291 0.116 
894 2 0.0143 0.21 0.4 0.265 0.11 
895 2 0.0137 0.189 0.457 0.237 0.103 
896 2 0.0129 0.168 0.517 0.209 0.094 
897 2 0.012 0.147 0.575 0.181 0.0848 
898 2 0.011 0.128 0.629 0.156 0.0757 
899 2 0.0101 0.111 0.678 0.134 0.0671 
900 2 0.00917 0.0959 0.72 0.115 0.0595 
901 2 0.00837 0.0839 0.755 0.1 0.053 
902 2 0.00767 0.0739 0.783 0.0878 0.0475 
903 2 0.00706 0.0656 0.807 0.0777 0.0428 
904 2 0.00653 0.0588 0.827 0.0693 0.0388 
905 2 0.00606 0.0531 0.843 0.0624 0.0354 
906 2 0.00566 0.0483 0.857 0.0565 0.0326 
907 2 0.00531 0.0443 0.869 0.0516 0.0301 
908 2 0.00499 0.0407 0.879 0.0474 0.0279 
909 2 0.00471 0.0377 0.888 0.0437 0.026 
910 2 0.00446 0.0349 0.896 0.0405 0.0243 
911 2 0.00423 0.0325 0.903 0.0376 0.0228 
912 2 0.00401 0.0304 0.909 0.0351 0.0214 
913 2 0.00382 0.0284 0.915 0.0327 0.0201 
914 2 0.00364 0.0266 0.92 0.0307 0.019 
915 2 0.00348 0.0251 0.925 0.0288 0.018 
916 2 0.00333 0.0237 0.929 0.0271 0.017 
917 2 0.0032 0.0224 0.933 0.0257 0.0162 
918 2 0.00307 0.0212 0.936 0.0243 0.0154 
919 2 0.00296 0.0202 0.939 0.0231 0.0147 
920 2 0.00285 0.0192 0.942 0.022 0.0141 
921 2 0.00275 0.0184 0.944 0.021 0.0135 
922 2 0.00267 0.0176 0.947 0.0201 0.013 
923 2 0.0026 0.017 0.949 0.0194 0.0125 
924 2 0.00254 0.0164 0.95 0.0187 0.0122 
925 2 0.00248 0.0159 0.952 0.0181 0.0118 
926 2 0.00242 0.0154 0.953 0.0176 0.0115 
927 2 0.00237 0.015 0.954 0.0171 0.0112 
928 2 0.00232 0.0145 0.956 0.0166 0.0109 
929 2 0.00228 0.0141 0.957 0.0161 0.0106 
930 2 0.00223 0.0138 0.958 0.0157 0.0103 
931 2 0.00219 0.0134 0.959 0.0153 0.0101 
932 2 0.00214 0.013 0.96 0.0149 0.00981 
933 2 0.0021 0.0127 0.961 0.0145 0.00957 
934 2 0.00206 0.0124 0.962 0.0141 0.00934 
935 2 0.00202 0.012 0.963 0.0137 0.00911 
936 2 0.00198 0.0117 0.964 0.0134 0.0089 
937 2 0.00195 0.0115 0.965 0.0131 0.0087 
938 2 0.00191 0.0112 0.966 0.0128 0.00851 
939 2 0.00188 0.0109 0.966 0.0125 0.00833 
940 2 0.00185 0.0107 0.967 0.0122 0.00815 
941 2 0.00181 0.0105 0.968 0.0119 0.00798 
942 2 0.00178 0.0102 0.969 0.0116 0.00782 
943 2 0.00176 0.01 0.969 0.0114 0.00767 
944 2 0.00173 0.00981 0.97 0.0112 0.00752 
945 2 0.0017 0.00961 0.97 0.0109 0.00738 
946 2 0.00167 0.00942 0.971 0.0107 0.00724 
947 2 0.00165 0.00925 0.971 0.0105 0.00711 
948 2 0.00163 0.00908 0.972 0.0103 0.00699 
949 2 0.0016 0.00892 0.972 0.0101 0.00688 
950 2 0.00158 0.00877 0.973 0.00996 0.00677 
951 2 0.00156 0.00863 0.973 0.00979 0.00666 
952 2 0.00154 0.00849 0.974 0.00963 0.00656 
953 2 0.00152 0.00836 0.974 0.00948 0.00647 
954 2 0.00151 0.00823 0.975 0.00933 0.00637 
955 2 0.00149 0.00811 0.975 0.0092 0.00629 
956 2 0.00147 0.008 0.975 0.00906 0.0062 
957 2 0.00146 0.00789 0.976 0.00894 0.00612 
958 2 0.00144 0.00778 0.976 0.00881 0.00604 
959 2 0.00143 0.00769 0.976 0.00871 0.00598 
960 2 0.00141 0.00761 0.976 0.00862 0.00592 
961 2 0.0014 0.00754 0.977 0.00853 0.00586 
962 2 0.00139 0.00747 0.977 0.00846 0.00581 
963 2 0.00138 0.00741 0.977 0.00838 0.00577 
964 2 0.00138 0.00735 0.977 0.00832 0.00572 
965 2 0.00137 0.00729 0.977 0.00825 0.00568 
966 2 0.00136 0.00724 0.978 0.00819 0.00564 
967 2 0.00135 0.00718 0.978 0.00813 0.0056 
968 2 0.00134 0.00713 0.978 0.00807 0.00556 
969 2 0.00134 0.00708 0.978 0.00802 0.00553 
970 2 0.00133 0.00703 0.978 0.00796 0.00549 
971 2 0.00132 0.00698 0.978 0.0079 0.00545 
972 2 0.00131 0.00693 0.979 0.00784 0.00541 
973 2 0.00131 0.00688 0.979 0.00779 0.00537 
974 2 0.0013 0.00683 0.979 0.00773 0.00534 
975 2 0.00129 0.00678 0.979 0.00767 0.0053 
976 2 0.00128 0.00673 0.979 0.00762 0.00526 
977 2 0.00128 0.00668 0.979 0.00756 0.00523 
978 2 0.00127 0.00663 0.979 0.00751 0.0052 
979 2 0.00127 0.00659 0.98 0.00747 0.00516 
980 2 0.00126 0.00655 0.98 0.00742 0.00513 
981 2 0.00125 0.00651 0.98 0.00737 0.0051 
982 2 0.00125 0.00647 0.98 0.00733 0.00507 
983 2 0.00124 0.00643 0.98 0.00729 0.00505 
984 2 0.00124 0.00639 0.98 0.00725 0.00502 
985 2 0.00123 0.00636 0.98 0.00721 0.00499 
986 2 0.00123 0.00632 0.98 0.00716 0.00496 
987 2 0.00122 0.00629 0.98 0.00713 0.00494 
988 2 0.00122 0.00626 0.981 0.0071 0.00492 
989 2 0.00121 0.00623 0.981 0.00707 0.0049 
990 2 0.00121 0.00621 0.981 0.00704 0.00488 
991 2 0.00121 0.00619 0.981 0.00702 0.00486 
992 2 0.0012 0.00617 0.981 0.007 0.00485 
993 2 0.0012 0.00615 0.981 0.00698 0.00483 
994 2 0.0012 0.00613 0.981 0.00696 0.00482 
995 2 0.0012 0.00611 0.981 0.00694 0.00481 
996 2 0.00119 0.0061 0.981 0.00692 0.0048 
997 2 0.00119 0.00608 0.981 0.00691 0.00479 
998 2 0.00119 0.00607 0.981 0.00689 0.00477 
999 2 0.00119 0.00605 0.981 0.00688 0.00476 
1000 2 0.00119 0.00604 0.981 0.00687 0.00475 
1001 2 0.00118 0.00603 0.981 0.00685 0.00474 
1002 2 0.00118 0.00601 0.981 0.00684 0.00474 
1003 2 0.00118 0.006 0.981 0.00683 0.00473 
1004 2 0.00118 0.00599 0.981 0.00682 0.00472 
1005 2 0.00118 0.00598 0.981 0.00681 0.00471 
1006 2 0.00117 0.00597 0.981 0.0068 0.0047 
1007 2 0.00117 0.00596 0.981 0.00679 0.00469 
