0 0 0.2 0.2 0.2 0.2 0.2 
1 3 0.176 0.206 0.204 0.209 0.205 
2 3 0.175 0.206 0.204 0.209 0.206 
3 3 0.175 0.206 0.204 0.209 0.206 
4 3 0.175 0.206 0.204 0.209 0.206 
5 3 0.175 0.206 0.204 0.209 0.206 
6 3 0.175 0.206 0.204 0.208 0.206 
7 3 0.175 0.206 0.204 0.208 0.206 
8 3 0.175 0.206 0.204 0.208 0.206 
9 3 0.175 0.206 0.204 0.208 0.206 
10 3 0.176 0.206 0.205 0.208 0.206 
11 3 0.176 0.205 0.205 0.208 0.207 
12 3 0.176 0.205 0.205 0.208 0.207 
13 3 0.176 0.205 0.205 0.208 0.207 
14 3 0.176 0.205 0.205 0.208 0.207 
15 3 0.176 0.205 0.205 0.207 0.207 
16 3 0.176 0.205 0.205 0.207 0.207 
17 3 0.176 0.205 0.205 0.207 0.207 
18 3 0.176 0.205 0.205 0.207 0.207 
19 4 0.177 0.205 0.205 0.207 0.207 
20 4 0.177 0.205 0.205 0.207 0.207 
21 4 0.177 0.205 0.205 0.207 0.207 
22 4 0.177 0.204 0.205 0.207 0.207 
23 4 0.177 0.204 0.205 0.206 0.207 
24 4 0.177 0.204 0.205 0.206 0.207 
25 4 0.177 0.204 0.205 0.206 0.208 
26 4 0.178 0.204 0.205 0.206 0.208 
27 4 0.178 0.204 0.205 0.206 0.208 
28 4 0.178 0.204 0.205 0.206 0.208 
29 4 0.178 0.204 0.205 0.206 0.208 
30 4 0.178 0.203 0.205 0.206 0.208 
31 4 0.178 0.203 0.205 0.205 0.208 
32 4 0.179 0.203 0.205 0.205 0.208 
33 4 0.179 0.203 0.205 0.205 0.208 
34 4 0.179 0.203 0.205 0.205 0.208 
35 4 0.179 0.203 0.205 0.205 0.208 
36 4 0.179 0.203 0.205 0.205 0.209 
37 4 0.179 0.203 0.205 0.204 0.209 
38 4 0.18 0.202 0.205 0.204 0.209 
39 4 0.18 0.202 0.205 0.204 0.209 
40 4 0.18 0.202 0.205 0.204 0.209 
41 4 0.18 0.202 0.205 0.204 0.209 
42 4 0.181 0.202 0.205 0.204 0.209 
43 4 0.181 0.202 0.205 0.203 0.209 
44 4 0.181 0.201 0.205 0.203 0.209 
45 4 0.181 0.201 0.205 0.203 0.21 
46 4 0.182 0.201 0.205 0.203 0.21 
47 4 0.182 0.201 0.205 0.203 0.21 
48 4 0.182 0.2 0.205 0.203 0.21 
49 4 0.183 0.2 0.205 0.202 0.21 
50 4 0.183 0.199 0.205 0.202 0.21 
51 4 0.184 0.199 0.205 0.202 0.211 
52 4 0.184 0.197 0.205 0.202 0.211 
53 4 0.185 0.196 0.205 0.202 0.212 
54 4 0.186 0.193 0.206 0.202 0.212 
55 4 0.187 0.19 0.207 0.203 0.213 
56 4 0.188 0.187 0.207 0.203 0.214 
57 4 0.19 0.183 0.208 0.204 0.215 
58 4 0.191 0.179 0.209 0.204 0.217 
59 4 0.193 0.174 0.21 0.205 0.218 
60 4 0.194 0.17 0.211 0.206 0.219 
61 4 0.196 0.166 0.212 0.206 0.22 
62 4 0.198 0.161 0.212 0.207 0.222 
63 4 0.2 0.157 0.213 0.207 0.223 
64 4 0.202 0.153 0.214 0.207 0.224 
65 4 0.205 0.148 0.214 0.208 0.225 
66 4 0.208 0.144 0.215 0.208 0.226 
67 4 0.211 0.14 0.215 0.207 0.227 
68 4 0.215 0.136 0.215 0.207 0.227 
69 4 0.22 0.132 0.214 0.206 0.227 
70 4 0.226 0.129 0.213 0.205 0.227 
71 0 0.235 0.125 0.211 0.203 0.226 
72 0 0.246 0.12 0.209 0.2 0.224 
73 0 0.259 0.116 0.206 0.197 0.222 
74 0 0.274 0.112 0.202 0.193 0.218 
75 0 0.291 0.108 0.197 0.189 0.214 
76 0 0.31 0.104 0.192 0.184 0.21 
77 0 0.33 0.0997 0.187 0.179 0.205 
78 0 0.351 0.0955 0.181 0.173 0.2 
79 0 0.372 0.0914 0.175 0.167 0.195 
80 0 0.392 0.0875 0.169 0.161 0.19 
81 0 0.41 0.084 0.164 0.156 0.186 
82 0 0.427 0.0807 0.159 0.151 0.183 
83 0 0.441 0.0776 0.154 0.147 0.18 
84 0 0.454 0.0748 0.15 0.143 0.179 
85 0 0.465 0.0722 0.146 0.139 0.179 
86 0 0.474 0.0698 0.142 0.135 0.179 
87 0 0.482 0.0675 0.138 0.131 0.181 
88 0 0.488 0.0654 0.135 0.128 0.184 
89 0 0.493 0.0635 0.131 0.125 0.188 
90 0 0.497 0.0616 0.128 0.121 0.192 
91 0 0.5 0.0599 0.125 0.118 0.197 
92 0 0.503 0.0582 0.122 0.116 0.202 
93 0 0.505 0.0566 0.119 0.113 0.207 
94 0 0.507 0.055 0.116 0.11 0.212 
95 0 0.51 0.0534 0.113 0.107 0.217 
96 0 0.513 0.0518 0.11 0.104 0.222 
97 0 0.518 0.0502 0.106 0.1 0.225 
98 0 0.522 0.0487 0.103 0.0975 0.229 
99 0 0.524 0.0472 0.1 0.0946 0.234 
100 0 0.526 0.0459 0.0974 0.092 0.239 
101 0 0.527 0.0447 0.0948 0.0896 0.244 
102 0 0.527 0.0435 0.0924 0.0873 0.25 
103 0 0.526 0.0424 0.0901 0.0851 0.257 
104 0 0.524 0.0414 0.0879 0.083 0.263 
105 0 0.522 0.0403 0.0858 0.081 0.27 
106 0 0.52 0.0394 0.0837 0.079 0.278 
107 0 0.518 0.0384 0.0817 0.077 0.285 
108 0 0.517 0.0374 0.0796 0.075 0.291 
109 0 0.516 0.0364 0.0775 0.073 0.297 
110 0 0.515 0.0355 0.0754 0.0711 0.303 
111 0 0.513 0.0346 0.0735 0.0693 0.31 
112 0 0.509 0.0338 0.0718 0.0676 0.318 
113 0 0.505 0.0331 0.0701 0.066 0.326 
114 0 0.499 0.0323 0.0685 0.0645 0.336 
115 0 0.492 0.0316 0.067 0.0631 0.346 
116 0 0.484 0.0309 0.0655 0.0616 0.358 
117 0 0.475 0.0303 0.0641 0.0603 0.37 
118 0 0.465 0.0296 0.0627 0.0589 0.384 
119 0 0.453 0.029 0.0612 0.0576 0.399 
120 0 0.44 0.0283 0.0598 0.0562 0.416 
121 4 0.425 0.0276 0.0583 0.0547 0.435 
122 4 0.41 0.0269 0.0567 0.0533 0.454 
123 4 0.395 0.0262 0.0552 0.0518 0.472 
124 4 0.382 0.0255 0.0537 0.0504 0.488 
125 4 0.37 0.0249 0.0522 0.049 0.504 
126 4 0.359 0.0242 0.0507 0.0476 0.519 
127 4 0.349 0.0235 0.0493 0.0463 0.532 
128 4 0.341 0.0229 0.048 0.045 0.543 
129 4 0.336 0.0224 0.0467 0.0438 0.552 
130 4 0.333 0.0218 0.0455 0.0427 0.557 
131 4 0.333 0.0213 0.0444 0.0416 0.56 
132 4 0.335 0.0209 0.0434 0.0407 0.56 
133 4 0.338 0.0204 0.0424 0.0397 0.56 
134 4 0.342 0.02 0.0415 0.0389 0.558 
135 4 0.346 0.0197 0.0406 0.038 0.556 
136 4 0.35 0.0193 0.0397 0.0372 0.554 
137 4 0.354 0.0189 0.0389 0.0365 0.551 
138 4 0.359 0.0186 0.0381 0.0357 0.549 
139 4 0.363 0.0182 0.0374 0.035 0.546 
140 4 0.367 0.0179 0.0366 0.0343 0.544 
141 4 0.371 0.0176 0.0359 0.0336 0.542 
142 4 0.374 0.0173 0.0352 0.033 0.54 
143 4 0.377 0.0169 0.0345 0.0323 0.539 
144 4 0.379 0.0166 0.0338 0.0316 0.539 
145 4 0.378 0.0163 0.0331 0.031 0.541 
146 4 0.376 0.016 0.0324 0.0303 0.545 
147 4 0.373 0.0157 0.0317 0.0296 0.55 
148 4 0.37 0.0154 0.031 0.029 0.554 
149 4 0.368 0.0151 0.0304 0.0284 0.558 
150 4 0.364 0.0148 0.0298 0.0278 0.563 
151 4 0.36 0.0145 0.0292 0.0273 0.569 
152 4 0.353 0.0142 0.0286 0.0267 0.577 
153 4 0.344 0.0139 0.028 0.0261 0.587 
154 4 0.335 0.0137 0.0274 0.0256 0.599 
155 4 0.326 0.0134 0.0268 0.025 0.609 
156 4 0.319 0.0132 0.0263 0.0246 0.617 
157 4 0.314 0.0129 0.0259 0.0242 0.623 
158 4 0.309 0.0127 0.0255 0.0238 0.629 
159 4 0.305 0.0126 0.0252 0.0235 0.633 
160 4 0.302 0.0124 0.0249 0.0232 0.637 
161 4 0.3 0.0122 0.0246 0.0229 0.641 
162 4 0.297 0.0121 0.0243 0.0226 0.644 
163 4 0.295 0.0119 0.024 0.0223 0.647 
164 4 0.292 0.0118 0.0238 0.0221 0.65 
165 4 0.29 0.0117 0.0235 0.0219 0.652 
166 4 0.289 0.0116 0.0233 0.0216 0.655 
167 4 0.287 0.0114 0.0231 0.0214 0.657 
168 4 0.285 0.0113 0.0229 0.0212 0.66 
169 4 0.283 0.0112 0.0227 0.021 0.662 
170 4 0.281 0.0111 0.0225 0.0208 0.664 
171 4 0.279 0.011 0.0223 0.0206 0.667 
172 4 0.278 0.0109 0.0221 0.0204 0.669 
173 4 0.276 0.0108 0.0219 0.0202 0.671 
174 4 0.274 0.0107 0.0217 0.0201 0.674 
175 4 0.272 0.0106 0.0215 0.0199 0.676 
176 4 0.27 0.0105 0.0214 0.0197 0.679 
177 4 0.268 0.0104 0.0212 0.0195 0.681 
178 4 0.266 0.0103 0.021 0.0194 0.684 
179 4 0.263 0.0102 0.0208 0.0192 0.686 
180 4 0.261 0.0101 0.0207 0.019 0.689 
181 4 0.259 0.00996 0.0205 0.0188 0.692 
182 4 0.256 0.00986 0.0203 0.0187 0.695 
183 4 0.254 0.00977 0.0202 0.0185 0.698 
184 4 0.251 0.00966 0.02 0.0183 0.701 
185 4 0.248 0.00956 0.0198 0.0181 0.705 
186 4 0.244 0.00945 0.0196 0.0179 0.709 
187 4 0.24 0.00934 0.0194 0.0177 0.713 
188 4 0.236 0.00923 0.0192 0.0175 0.718 
189 4 0.233 0.00913 0.019 0.0173 0.721 
190 4 0.23 0.00902 0.0188 0.0171 0.725 
191 4 0.224 0.00888 0.0185 0.0169 0.732 
192 4 0.217 0.00873 0.0182 0.0166 0.739 
193 4 0.211 0.00858 0.0179 0.0163 0.746 
194 4 0.206 0.00846 0.0177 0.0161 0.751 
195 4 0.202 0.00834 0.0175 0.0159 0.756 
196 4 0.199 0.00824 0.0173 0.0157 0.76 
197 4 0.196 0.00814 0.0171 0.0155 0.764 
198 4 0.193 0.00806 0.0169 0.0154 0.767 
199 4 0.191 0.00798 0.0168 0.0152 0.769 
200 4 0.189 0.0079 0.0166 0.0151 0.772 
201 4 0.187 0.00783 0.0165 0.015 0.774 
202 4 0.185 0.00777 0.0164 0.0148 0.776 
203 4 0.184 0.00771 0.0163 0.0147 0.777 
204 4 0.183 0.00766 0.0162 0.0146 0.779 
205 4 0.182 0.00761 0.0161 0.0146 0.78 
206 4 0.181 0.00756 0.0161 0.0145 0.781 
207 4 0.18 0.00751 0.016 0.0144 0.782 
208 4 0.18 0.00747 0.0159 0.0143 0.783 
209 4 0.179 0.00743 0.0159 0.0143 0.783 
210 4 0.179 0.00739 0.0158 0.0142 0.784 
211 4 0.178 0.00735 0.0157 0.0141 0.784 
212 4 0.178 0.00732 0.0157 0.0141 0.785 
213 4 0.178 0.00728 0.0157 0.014 0.785 
214 4 0.178 0.00725 0.0156 0.014 0.785 
215 4 0.178 0.00722 0.0156 0.0139 0.785 
216 4 0.178 0.00719 0.0155 0.0139 0.786 
217 4 0.178 0.00717 0.0155 0.0138 0.786 
218 4 0.178 0.00714 0.0155 0.0138 0.786 
219 4 0.178 0.00712 0.0155 0.0138 0.785 
220 4 0.178 0.00709 0.0154 0.0137 0.785 
221 4 0.179 0.00707 0.0154 0.0137 0.785 
222 4 0.179 0.00705 0.0154 0.0137 0.785 
223 4 0.179 0.00703 0.0154 0.0136 0.785 
224 4 0.18 0.00701 0.0153 0.0136 0.784 
225 4 0.18 0.00699 0.0153 0.0136 0.784 
226 4 0.181 0.00697 0.0153 0.0136 0.783 
227 4 0.181 0.00695 0.0153 0.0135 0.783 
228 4 0.182 0.00693 0.0153 0.0135 0.783 
229 4 0.182 0.00692 0.0153 0.0135 0.782 
230 4 0.183 0.0069 0.0153 0.0135 0.781 
231 4 0.184 0.00689 0.0153 0.0135 0.781 
232 4 0.184 0.00687 0.0153 0.0135 0.78 
233 4 0.185 0.00686 0.0153 0.0134 0.78 
234 4 0.186 0.00684 0.0153 0.0134 0.779 
235 4 0.186 0.00683 0.0153 0.0134 0.778 
236 4 0.187 0.00682 0.0153 0.0134 0.777 
237 4 0.188 0.00681 0.0153 0.0134 0.777 
238 4 0.189 0.0068 0.0153 0.0134 0.776 
239 4 0.19 0.00678 0.0153 0.0134 0.775 
240 4 0.19 0.00677 0.0153 0.0134 0.774 
241 4 0.191 0.00676 0.0153 0.0134 0.773 
242 4 0.192 0.00675 0.0153 0.0133 0.772 
243 4 0.193 0.00674 0.0153 0.0133 0.771 
244 4 0.194 0.00673 0.0153 0.0133 0.77 
245 4 0.195 0.00672 0.0153 0.0133 0.769 
246 4 0.196 0.00672 0.0153 0.0133 0.768 
247 4 0.197 0.00671 0.0153 0.0133 0.767 
248 4 0.198 0.0067 0.0153 0.0133 0.766 
249 4 0.199 0.00669 0.0154 0.0133 0.765 
250 4 0.2 0.00668 0.0154 0.0133 0.764 
251 4 0.202 0.00668 0.0154 0.0133 0.763 
252 4 0.203 0.00667 0.0154 0.0133 0.762 
253 4 0.204 0.00666 0.0154 0.0133 0.761 
254 4 0.205 0.00665 0.0154 0.0133 0.76 
255 4 0.206 0.00665 0.0154 0.0133 0.758 
256 4 0.207 0.00664 0.0154 0.0133 0.757 
257 4 0.209 0.00663 0.0155 0.0133 0.756 
258 4 0.21 0.00663 0.0155 0.0133 0.755 
259 4 0.211 0.00662 0.0155 0.0133 0.753 
260 4 0.213 0.00662 0.0155 0.0133 0.752 
261 4 0.214 0.00661 0.0155 0.0133 0.751 
262 4 0.215 0.00661 0.0155 0.0133 0.749 
263 4 0.217 0.0066 0.0155 0.0133 0.748 
264 4 0.218 0.00659 0.0156 0.0133 0.747 
265 4 0.219 0.00659 0.0156 0.0133 0.745 
266 4 0.221 0.00658 0.0156 0.0133 0.744 
267 4 0.222 0.00658 0.0156 0.0133 0.742 
268 4 0.224 0.00657 0.0156 0.0133 0.741 
269 4 0.225 0.00657 0.0156 0.0133 0.739 
270 4 0.227 0.00656 0.0157 0.0133 0.738 
271 4 0.228 0.00656 0.0157 0.0133 0.736 
272 4 0.23 0.00655 0.0157 0.0133 0.735 
273 4 0.231 0.00655 0.0157 0.0133 0.733 
274 4 0.233 0.00654 0.0157 0.0133 0.732 
275 4 0.234 0.00654 0.0158 0.0133 0.73 
276 4 0.236 0.00654 0.0158 0.0133 0.729 
277 4 0.237 0.00653 0.0158 0.0133 0.727 
278 4 0.239 0.00653 0.0158 0.0134 0.725 
279 4 0.241 0.00652 0.0158 0.0134 0.724 
280 4 0.242 0.00652 0.0159 0.0134 0.722 
281 4 0.244 0.00651 0.0159 0.0134 0.72 
282 4 0.246 0.00651 0.0159 0.0134 0.719 
283 4 0.247 0.0065 0.0159 0.0134 0.717 
284 4 0.249 0.0065 0.0159 0.0134 0.715 
285 4 0.251 0.00649 0.0159 0.0134 0.714 
286 4 0.252 0.00649 0.016 0.0134 0.712 
287 4 0.254 0.00649 0.016 0.0134 0.71 
288 4 0.256 0.00648 0.016 0.0134 0.708 
289 4 0.258 0.00648 0.016 0.0134 0.706 
290 4 0.26 0.00647 0.016 0.0134 0.705 
291 4 0.261 0.00647 0.0161 0.0134 0.703 
292 4 0.263 0.00646 0.0161 0.0134 0.701 
293 4 0.265 0.00646 0.0161 0.0134 0.699 
294 4 0.267 0.00645 0.0161 0.0134 0.697 
295 4 0.269 0.00645 0.0161 0.0134 0.695 
296 4 0.271 0.00644 0.0161 0.0134 0.693 
297 4 0.272 0.00644 0.0162 0.0134 0.692 
298 4 0.274 0.00643 0.0162 0.0134 0.69 
299 4 0.276 0.00643 0.0162 0.0134 0.688 
300 4 0.278 0.00642 0.0162 0.0134 0.686 
301 4 0.28 0.00642 0.0162 0.0134 0.684 
302 4 0.282 0.00641 0.0163 0.0134 0.682 
303 4 0.284 0.00641 0.0163 0.0134 0.68 
304 4 0.286 0.0064 0.0163 0.0134 0.678 
305 4 0.288 0.0064 0.0163 0.0134 0.676 
306 4 0.29 0.00639 0.0163 0.0134 0.674 
307 4 0.292 0.00639 0.0163 0.0134 0.672 
308 4 0.294 0.00638 0.0163 0.0134 0.67 
309 4 0.296 0.00638 0.0164 0.0134 0.668 
310 4 0.298 0.00637 0.0164 0.0135 0.666 
311 4 0.3 0.00636 0.0164 0.0135 0.664 
312 4 0.302 0.00636 0.0164 0.0135 0.662 
313 4 0.304 0.00635 0.0164 0.0135 0.659 
314 4 0.306 0.00635 0.0164 0.0135 0.657 
315 4 0.309 0.00634 0.0165 0.0135 0.655 
316 4 0.311 0.00633 0.0165 0.0135 0.653 
317 4 0.313 0.00633 0.0165 0.0135 0.651 
318 4 0.315 0.00632 0.0165 0.0135 0.649 
319 4 0.317 0.00631 0.0165 0.0135 0.647 
320 4 0.319 0.00631 0.0165 0.0135 0.645 
321 4 0.321 0.0063 0.0165 0.0135 0.642 
322 4 0.323 0.00629 0.0165 0.0134 0.64 
323 4 0.326 0.00629 0.0166 0.0134 0.638 
324 4 0.328 0.00628 0.0166 0.0134 0.636 
325 4 0.33 0.00627 0.0166 0.0134 0.634 
326 4 0.332 0.00627 0.0166 0.0134 0.632 
327 4 0.334 0.00626 0.0166 0.0134 0.629 
328 4 0.336 0.00625 0.0166 0.0134 0.627 
329 4 0.339 0.00624 0.0166 0.0134 0.625 
330 4 0.341 0.00624 0.0166 0.0134 0.623 
331 4 0.343 0.00623 0.0166 0.0134 0.621 
332 4 0.345 0.00622 0.0166 0.0134 0.619 
333 4 0.347 0.00621 0.0167 0.0134 0.616 
334 4 0.35 0.0062 0.0167 0.0134 0.614 
335 4 0.352 0.0062 0.0167 0.0134 0.612 
336 4 0.354 0.00619 0.0167 0.0134 0.61 
337 4 0.356 0.00618 0.0167 0.0134 0.607 
338 4 0.358 0.00617 0.0167 0.0134 0.605 
339 4 0.361 0.00616 0.0167 0.0134 0.603 
340 4 0.363 0.00615 0.0167 0.0134 0.601 
341 4 0.365 0.00614 0.0167 0.0134 0.599 
342 4 0.367 0.00614 0.0167 0.0134 0.596 
343 4 0.37 0.00613 0.0167 0.0134 0.594 
344 4 0.372 0.00612 0.0167 0.0134 0.592 
345 4 0.374 0.00611 0.0167 0.0133 0.59 
346 4 0.376 0.0061 0.0167 0.0133 0.588 
347 4 0.379 0.00609 0.0167 0.0133 0.585 
348 4 0.381 0.00608 0.0167 0.0133 0.583 
349 4 0.383 0.00607 0.0167 0.0133 0.581 
350 4 0.385 0.00606 0.0168 0.0133 0.579 
351 4 0.387 0.00605 0.0168 0.0133 0.576 
352 4 0.39 0.00604 0.0168 0.0133 0.574 
353 4 0.392 0.00603 0.0168 0.0133 0.572 
354 4 0.394 0.00602 0.0168 0.0133 0.57 
355 4 0.396 0.00601 0.0168 0.0133 0.568 
356 4 0.398 0.006 0.0168 0.0133 0.566 
357 4 0.401 0.00599 0.0168 0.0132 0.563 
358 4 0.403 0.00598 0.0168 0.0132 0.561 
359 4 0.405 0.00597 0.0168 0.0132 0.559 
360 4 0.407 0.00596 0.0168 0.0132 0.557 
361 4 0.409 0.00595 0.0168 0.0132 0.555 
362 4 0.412 0.00594 0.0168 0.0132 0.552 
363 4 0.414 0.00593 0.0168 0.0132 0.55 
364 4 0.416 0.00592 0.0168 0.0132 0.548 
365 4 0.418 0.00591 0.0168 0.0132 0.546 
366 4 0.42 0.00589 0.0168 0.0131 0.544 
367 4 0.422 0.00588 0.0168 0.0131 0.542 
368 4 0.425 0.00587 0.0168 0.0131 0.54 
369 4 0.427 0.00586 0.0168 0.0131 0.537 
370 4 0.429 0.00585 0.0168 0.0131 0.535 
371 4 0.431 0.00584 0.0168 0.0131 0.533 
372 4 0.433 0.00583 0.0167 0.0131 0.531 
373 4 0.435 0.00582 0.0167 0.0131 0.529 
374 4 0.437 0.0058 0.0167 0.013 0.527 
375 4 0.439 0.00579 0.0167 0.013 0.525 
376 4 0.442 0.00578 0.0167 0.013 0.523 
377 4 0.444 0.00577 0.0167 0.013 0.521 
378 4 0.446 0.00576 0.0167 0.013 0.519 
379 4 0.448 0.00575 0.0167 0.013 0.517 
380 4 0.45 0.00576 0.0168 0.013 0.514 
381 4 0.452 0.00576 0.0169 0.0131 0.512 
382 4 0.454 0.00577 0.017 0.0131 0.51 
383 4 0.456 0.00578 0.0171 0.0132 0.508 
384 4 0.458 0.00579 0.0172 0.0132 0.506 
385 4 0.46 0.00579 0.0173 0.0133 0.504 
386 4 0.461 0.0058 0.0173 0.0133 0.502 
387 4 0.463 0.0058 0.0174 0.0133 0.501 
388 4 0.464 0.00581 0.0175 0.0134 0.499 
389 4 0.466 0.00581 0.0176 0.0134 0.498 
390 4 0.467 0.00582 0.0177 0.0135 0.496 
391 4 0.468 0.00582 0.0177 0.0135 0.495 
392 4 0.469 0.00583 0.0178 0.0135 0.493 
393 4 0.471 0.00583 0.0179 0.0136 0.492 
394 4 0.472 0.00583 0.018 0.0136 0.491 
395 4 0.473 0.00584 0.018 0.0137 0.489 
396 4 0.474 0.00584 0.0181 0.0137 0.488 
397 4 0.475 0.00584 0.0182 0.0137 0.487 
398 4 0.477 0.00585 0.0183 0.0138 0.486 
399 4 0.478 0.00585 0.0184 0.0138 0.484 
400 4 0.479 0.00585 0.0184 0.0138 0.483 
401 4 0.48 0.00586 0.0185 0.0139 0.482 
402 0 0.481 0.00586 0.0186 0.0139 0.481 
403 0 0.482 0.00586 0.0187 0.014 0.479 
404 0 0.483 0.00587 0.0188 0.014 0.478 
405 0 0.484 0.00587 0.0189 0.014 0.477 
406 0 0.485 0.00587 0.0189 0.0141 0.476 
407 0 0.486 0.00588 0.019 0.0141 0.475 
408 0 0.488 0.00588 0.0191 0.0141 0.473 
409 0 0.489 0.00588 0.0192 0.0142 0.472 
410 0 0.49 0.00589 0.0193 0.0142 0.471 
411 0 0.491 0.00589 0.0194 0.0143 0.47 
412 0 0.492 0.00589 0.0195 0.0143 0.469 
413 0 0.493 0.0059 0.0196 0.0143 0.468 
414 0 0.493 0.00595 0.0199 0.0146 0.466 
415 0 0.494 0.00595 0.02 0.0146 0.465 
416 0 0.495 0.00595 0.0201 0.0146 0.464 
417 0 0.496 0.006 0.0204 0.0148 0.463 
418 0 0.497 0.006 0.0204 0.0148 0.462 
419 0 0.497 0.00604 0.0208 0.015 0.461 
420 0 0.498 0.00604 0.0208 0.0151 0.46 
421 0 0.498 0.00608 0.0211 0.0153 0.46 
422 0 0.499 0.00608 0.0212 0.0153 0.459 
423 0 0.499 0.00607 0.0212 0.0153 0.458 
424 0 0.499 0.00612 0.0215 0.0155 0.457 
425 0 0.5 0.00611 0.0216 0.0155 0.457 
426 0 0.501 0.00615 0.0219 0.0156 0.456 
427 0 0.501 0.00613 0.0219 0.0156 0.455 
428 0 0.502 0.00617 0.0222 0.0158 0.454 
429 0 0.503 0.00616 0.0222 0.0158 0.453 
430 0 0.503 0.00619 0.0224 0.0159 0.452 
431 0 0.504 0.00618 0.0224 0.0159 0.451 
432 0 0.504 0.00621 0.0227 0.0161 0.451 
433 0 0.505 0.00619 0.0227 0.016 0.45 
434 0 0.506 0.00623 0.0229 0.0162 0.449 
435 0 0.507 0.00621 0.0229 0.0161 0.448 
436 0 0.507 0.00624 0.0231 0.0163 0.447 
437 0 0.508 0.00621 0.0231 0.0162 0.446 
438 0 0.509 0.00625 0.0233 0.0164 0.445 
439 0 0.51 0.00628 0.0236 0.0165 0.444 
440 0 0.511 0.0063 0.0239 0.0166 0.442 
441 0 0.512 0.00633 0.0241 0.0168 0.441 
442 0 0.513 0.00636 0.0243 0.0169 0.44 
443 0 0.514 0.00638 0.0246 0.017 0.438 
444 0 0.514 0.00641 0.0248 0.0172 0.437 
445 0 0.515 0.00643 0.0251 0.0173 0.436 
446 0 0.516 0.00645 0.0253 0.0174 0.435 
447 0 0.517 0.00648 0.0256 0.0176 0.434 
448 0 0.517 0.0065 0.0258 0.0177 0.433 
449 0 0.518 0.00652 0.0261 0.0178 0.432 
450 0 0.519 0.00655 0.0263 0.0179 0.431 
451 0 0.519 0.00657 0.0266 0.0181 0.43 
452 0 0.52 0.00659 0.0268 0.0182 0.429 
453 0 0.52 0.00661 0.0271 0.0183 0.428 
454 0 0.521 0.00663 0.0274 0.0184 0.427 
455 0 0.521 0.00666 0.0277 0.0186 0.426 
456 0 0.521 0.00668 0.0279 0.0187 0.425 
457 0 0.522 0.0067 0.0282 0.0188 0.424 
458 0 0.522 0.00672 0.0286 0.0189 0.424 
459 0 0.522 0.00675 0.0289 0.0191 0.423 
460 0 0.523 0.00677 0.0292 0.0192 0.422 
461 0 0.523 0.0068 0.0296 0.0194 0.421 
462 0 0.523 0.00683 0.03 0.0195 0.42 
463 0 0.524 0.00687 0.0304 0.0197 0.419 
464 0 0.524 0.00691 0.0309 0.0199 0.418 
465 0 0.524 0.00695 0.0313 0.0201 0.417 
466 0 0.524 0.00699 0.0318 0.0203 0.416 
467 0 0.525 0.00703 0.0323 0.0205 0.415 
468 0 0.525 0.00707 0.0328 0.0208 0.415 
469 0 0.525 0.00711 0.0333 0.021 0.414 
470 0 0.525 0.00715 0.0338 0.0212 0.413 
471 0 0.525 0.00719 0.0343 0.0214 0.412 
472 0 0.525 0.00723 0.0349 0.0216 0.411 
473 0 0.525 0.00727 0.0354 0.0218 0.411 
474 0 0.525 0.00732 0.036 0.0221 0.41 
475 0 0.525 0.00736 0.0366 0.0223 0.409 
476 0 0.524 0.00741 0.0372 0.0226 0.408 
477 0 0.524 0.00745 0.0379 0.0228 0.408 
478 0 0.524 0.0075 0.0385 0.0231 0.407 
479 0 0.524 0.00755 0.0392 0.0233 0.406 
480 0 0.523 0.0076 0.0399 0.0236 0.406 
481 0 0.523 0.00765 0.0407 0.0239 0.405 
482 0 0.523 0.0077 0.0414 0.0242 0.404 
483 0 0.522 0.00775 0.0422 0.0245 0.403 
484 0 0.522 0.0078 0.0429 0.0247 0.403 
485 0 0.521 0.00786 0.0438 0.025 0.402 
486 0 0.521 0.00791 0.0446 0.0253 0.401 
487 0 0.52 0.00797 0.0455 0.0257 0.401 
488 0 0.52 0.00802 0.0464 0.026 0.4 
489 0 0.519 0.00808 0.0473 0.0263 0.399 
490 0 0.518 0.00814 0.0483 0.0266 0.399 
491 0 0.518 0.0082 0.0493 0.027 0.398 
492 0 0.517 0.00827 0.0504 0.0274 0.397 
493 0 0.516 0.00833 0.0515 0.0277 0.396 
494 0 0.515 0.0084 0.0526 0.0281 0.396 
495 0 0.514 0.00846 0.0538 0.0285 0.395 
496 0 0.513 0.00853 0.055 0.0289 0.394 
497 0 0.513 0.0086 0.0562 0.0293 0.393 
498 0 0.512 0.00866 0.0574 0.0297 0.393 
499 0 0.51 0.00873 0.0587 0.0301 0.392 
500 0 0.509 0.0088 0.06 0.0305 0.391 
501 0 0.508 0.00887 0.0614 0.031 0.39 
502 0 0.507 0.00894 0.0628 0.0314 0.39 
503 0 0.506 0.00901 0.0642 0.0318 0.389 
504 0 0.505 0.00907 0.0657 0.0322 0.388 
505 0 0.504 0.00915 0.0673 0.0327 0.387 
506 0 0.502 0.00922 0.0688 0.0332 0.387 
507 0 0.501 0.00929 0.0705 0.0337 0.386 
508 0 0.499 0.00937 0.0722 0.0341 0.385 
509 0 0.498 0.00945 0.074 0.0347 0.384 
510 0 0.497 0.00953 0.0759 0.0352 0.383 
511 0 0.495 0.0096 0.0777 0.0357 0.382 
512 0 0.493 0.00968 0.0797 0.0362 0.381 
513 0 0.492 0.00976 0.0817 0.0367 0.38 
514 0 0.49 0.00985 0.0839 0.0373 0.379 
515 0 0.488 0.00993 0.0861 0.0379 0.378 
516 0 0.487 0.01 0.0884 0.0385 0.377 
517 0 0.485 0.0101 0.0909 0.0391 0.375 
518 0 0.483 0.0102 0.0934 0.0397 0.374 
519 0 0.481 0.0103 0.0959 0.0403 0.373 
520 0 0.479 0.0104 0.0985 0.0409 0.372 
521 0 0.477 0.0104 0.101 0.0415 0.37 
522 0 0.474 0.0105 0.104 0.0422 0.369 
523 0 0.472 0.0106 0.107 0.0428 0.368 
524 0 0.47 0.0107 0.11 0.0435 0.366 
525 0 0.467 0.0108 0.113 0.0442 0.365 
526 0 0.465 0.0109 0.116 0.0449 0.364 
527 0 0.462 0.011 0.119 0.0455 0.362 
528 0 0.459 0.0111 0.123 0.0462 0.36 
529 0 0.457 0.0112 0.126 0.047 0.359 
530 0 0.454 0.0113 0.13 0.0477 0.357 
531 0 0.451 0.0113 0.134 0.0484 0.355 
532 0 0.448 0.0114 0.138 0.0491 0.354 
533 0 0.445 0.0115 0.142 0.0499 0.352 
534 0 0.442 0.0116 0.146 0.0506 0.35 
535 0 0.438 0.0117 0.151 0.0515 0.348 
536 0 0.434 0.0118 0.156 0.0523 0.345 
537 0 0.431 0.0119 0.161 0.0531 0.343 
538 0 0.427 0.012 0.167 0.0539 0.341 
539 0 0.422 0.0121 0.173 0.0548 0.338 
540 0 0.418 0.0122 0.179 0.0557 0.335 
541 0 0.413 0.0123 0.186 0.0566 0.332 
542 0 0.408 0.0124 0.193 0.0575 0.329 
543 0 0.403 0.0125 0.2 0.0584 0.326 
544 0 0.398 0.0125 0.207 0.0593 0.323 
545 0 0.393 0.0126 0.215 0.0602 0.319 
546 0 0.388 0.0127 0.223 0.0611 0.316 
547 0 0.382 0.0128 0.231 0.0621 0.312 
548 0 0.376 0.0129 0.239 0.063 0.309 
549 0 0.37 0.0129 0.248 0.064 0.305 
550 0 0.365 0.013 0.257 0.065 0.301 
551 0 0.359 0.0131 0.266 0.0659 0.297 
552 0 0.353 0.0131 0.274 0.0667 0.293 
553 0 0.347 0.0131 0.283 0.0675 0.289 
554 0 0.342 0.0132 0.292 0.0684 0.285 
555 0 0.336 0.0132 0.301 0.0692 0.281 
556 0 0.33 0.0133 0.31 0.07 0.277 
557 0 0.325 0.0133 0.319 0.071 0.272 
558 2 0.319 0.0133 0.328 0.0721 0.268 
559 2 0.313 0.0134 0.337 0.073 0.264 
560 2 0.307 0.0134 0.347 0.0738 0.259 
561 2 0.301 0.0134 0.357 0.0743 0.255 
562 2 0.295 0.0133 0.366 0.0747 0.25 
563 2 0.29 0.0133 0.376 0.0749 0.246 
564 2 0.284 0.0133 0.385 0.0752 0.242 
565 2 0.279 0.0132 0.395 0.0754 0.237 
566 2 0.272 0.0132 0.406 0.0756 0.233 
567 2 0.267 0.0131 0.416 0.0757 0.228 
568 2 0.261 0.013 0.427 0.0758 0.224 
569 2 0.254 0.0129 0.438 0.0759 0.219 
570 2 0.248 0.0129 0.45 0.0759 0.214 
571 2 0.241 0.0128 0.461 0.0758 0.209 
572 2 0.235 0.0126 0.473 0.0756 0.203 
573 2 0.229 0.0125 0.485 0.0755 0.199 
574 2 0.224 0.0125 0.494 0.0757 0.195 
575 2 0.22 0.0124 0.499 0.0762 0.192 
576 2 0.218 0.0124 0.503 0.077 0.19 
577 2 0.216 0.0124 0.505 0.078 0.189 
578 2 0.215 0.0124 0.506 0.0792 0.187 
579 2 0.214 0.0124 0.507 0.0804 0.187 
580 2 0.213 0.0124 0.507 0.0817 0.186 
581 2 0.212 0.0125 0.507 0.0832 0.186 
582 2 0.212 0.0125 0.506 0.0849 0.185 
583 2 0.211 0.0125 0.506 0.0861 0.185 
584 2 0.211 0.0125 0.506 0.0865 0.184 
585 2 0.21 0.0125 0.506 0.087 0.184 
586 2 0.21 0.0124 0.506 0.0869 0.184 
587 2 0.21 0.0124 0.508 0.086 0.184 
588 2 0.208 0.0122 0.512 0.0851 0.182 
589 2 0.205 0.0121 0.518 0.084 0.18 
590 2 0.201 0.0119 0.528 0.0825 0.177 
591 2 0.195 0.0117 0.541 0.0805 0.172 
592 2 0.187 0.0114 0.559 0.078 0.165 
593 2 0.178 0.0111 0.579 0.0751 0.157 
594 2 0.168 0.0107 0.6 0.0721 0.149 
595 2 0.158 0.0103 0.621 0.0689 0.141 
596 2 0.149 0.00995 0.643 0.0657 0.133 
597 2 0.139 0.00954 0.664 0.0625 0.125 
598 2 0.13 0.00915 0.684 0.0594 0.117 
599 2 0.123 0.00879 0.701 0.0566 0.11 
600 2 0.116 0.00848 0.716 0.0543 0.105 
601 2 0.111 0.0082 0.729 0.0522 0.1 
602 2 0.106 0.00796 0.74 0.0503 0.0958 
603 2 0.102 0.00774 0.749 0.0488 0.0922 
604 2 0.0983 0.00755 0.758 0.0474 0.0891 
605 2 0.0951 0.00737 0.765 0.0461 0.0863 
606 2 0.0923 0.00721 0.772 0.0449 0.0838 
607 2 0.0898 0.00707 0.778 0.0439 0.0816 
608 2 0.0876 0.00693 0.783 0.043 0.0796 
609 2 0.0856 0.00681 0.788 0.0422 0.0778 
610 2 0.0835 0.00668 0.793 0.0412 0.076 
611 2 0.0816 0.00656 0.797 0.0403 0.0743 
612 2 0.0798 0.00644 0.802 0.0395 0.0727 
613 2 0.0781 0.00634 0.806 0.0387 0.0712 
614 2 0.0766 0.00623 0.809 0.0379 0.0698 
615 2 0.0751 0.00614 0.813 0.0372 0.0685 
616 2 0.0738 0.00605 0.816 0.0366 0.0673 
617 2 0.0725 0.00596 0.819 0.036 0.0662 
618 2 0.0713 0.00588 0.822 0.0354 0.0651 
619 2 0.0702 0.0058 0.825 0.0349 0.0641 
620 2 0.0692 0.00573 0.828 0.0344 0.0631 
621 2 0.0681 0.00566 0.83 0.0339 0.0622 
622 2 0.0672 0.00559 0.832 0.0334 0.0613 
623 2 0.0663 0.00553 0.835 0.033 0.0605 
624 2 0.0654 0.00547 0.837 0.0326 0.0597 
625 2 0.0646 0.00541 0.839 0.0322 0.059 
626 2 0.0638 0.00535 0.841 0.0318 0.0583 
627 2 0.063 0.0053 0.843 0.0314 0.0576 
628 2 0.0623 0.00524 0.844 0.0311 0.0569 
629 2 0.0616 0.00519 0.846 0.0308 0.0563 
630 2 0.0609 0.00514 0.848 0.0305 0.0557 
631 2 0.0603 0.0051 0.849 0.0302 0.0551 
632 2 0.0596 0.00505 0.851 0.0299 0.0545 
633 2 0.059 0.00501 0.852 0.0296 0.054 
634 2 0.0584 0.00496 0.854 0.0293 0.0534 
635 2 0.0579 0.00492 0.855 0.029 0.0529 
636 2 0.0573 0.00488 0.857 0.0288 0.0524 
637 2 0.0568 0.00484 0.858 0.0285 0.0519 
638 2 0.0563 0.0048 0.859 0.0283 0.0515 
639 2 0.0558 0.00477 0.86 0.0281 0.051 
640 2 0.0553 0.00473 0.861 0.0279 0.0506 
641 2 0.0549 0.0047 0.863 0.0277 0.0502 
642 2 0.0544 0.00466 0.864 0.0274 0.0497 
643 2 0.0538 0.00462 0.865 0.0271 0.0492 
644 2 0.0533 0.00458 0.866 0.0269 0.0487 
645 2 0.0528 0.00454 0.868 0.0266 0.0483 
646 2 0.0523 0.0045 0.869 0.0264 0.0478 
647 2 0.0518 0.00446 0.87 0.0261 0.0474 
648 2 0.0514 0.00443 0.871 0.0259 0.047 
649 2 0.0509 0.00439 0.872 0.0257 0.0466 
650 2 0.0505 0.00436 0.874 0.0255 0.0462 
651 2 0.0501 0.00433 0.875 0.0252 0.0458 
652 2 0.0496 0.00429 0.876 0.025 0.0454 
653 2 0.0492 0.00426 0.877 0.0248 0.045 
654 2 0.0488 0.00423 0.878 0.0246 0.0447 
655 2 0.0484 0.0042 0.879 0.0244 0.0443 
656 2 0.0481 0.00417 0.88 0.0243 0.044 
657 2 0.0477 0.00414 0.88 0.0241 0.0436 
658 2 0.0473 0.00411 0.881 0.0239 0.0433 
659 2 0.047 0.00409 0.882 0.0237 0.043 
660 2 0.0466 0.00406 0.883 0.0236 0.0427 
661 2 0.0463 0.00403 0.884 0.0234 0.0424 
662 2 0.046 0.00401 0.885 0.0233 0.0421 
663 2 0.0456 0.00398 0.885 0.0231 0.0418 
664 2 0.0453 0.00396 0.886 0.023 0.0415 
665 2 0.045 0.00393 0.887 0.0228 0.0412 
666 2 0.0447 0.00391 0.888 0.0227 0.0409 
667 2 0.0444 0.00388 0.889 0.0225 0.0406 
668 2 0.0441 0.00386 0.889 0.0224 0.0403 
669 2 0.0438 0.00384 0.89 0.0223 0.0401 
670 2 0.0435 0.00382 0.891 0.0221 0.0398 
671 2 0.0432 0.00379 0.891 0.022 0.0395 
672 2 0.0429 0.00377 0.892 0.0219 0.0393 
673 2 0.0426 0.00375 0.893 0.0218 0.039 
674 2 0.0423 0.00373 0.894 0.0216 0.0388 
675 2 0.042 0.00371 0.894 0.0215 0.0385 
676 2 0.0418 0.00369 0.895 0.0214 0.0383 
677 2 0.0415 0.00367 0.896 0.0213 0.038 
678 2 0.0412 0.00365 0.896 0.0212 0.0378 
679 2 0.041 0.00363 0.897 0.0211 0.0375 
680 2 0.0407 0.00361 0.897 0.021 0.0373 
681 2 0.0405 0.00359 0.898 0.0209 0.0371 
682 2 0.0402 0.00357 0.899 0.0208 0.0368 
683 2 0.0399 0.00355 0.899 0.0207 0.0366 
684 2 0.0397 0.00353 0.9 0.0206 0.0364 
685 2 0.0394 0.00351 0.9 0.0205 0.0361 
686 2 0.0392 0.00349 0.901 0.0204 0.0359 
687 2 0.0389 0.00348 0.902 0.0203 0.0357 
688 2 0.0387 0.00346 0.902 0.0202 0.0355 
689 2 0.0385 0.00344 0.903 0.0201 0.0353 
690 2 0.0382 0.00342 0.903 0.02 0.035 
691 2 0.038 0.0034 0.904 0.0199 0.0348 
692 2 0.0377 0.00339 0.904 0.0198 0.0346 
693 2 0.0375 0.00337 0.905 0.0197 0.0344 
694 2 0.0373 0.00335 0.906 0.0197 0.0342 
695 2 0.0371 0.00334 0.906 0.0196 0.034 
696 2 0.0368 0.00332 0.907 0.0195 0.0338 
697 2 0.0366 0.00331 0.907 0.0194 0.0336 
698 2 0.0364 0.00329 0.908 0.0193 0.0334 
699 2 0.0362 0.00327 0.908 0.0193 0.0332 
700 2 0.036 0.00326 0.909 0.0192 0.033 
701 2 0.0358 0.00324 0.909 0.0191 0.0328 
702 2 0.0355 0.00323 0.91 0.0191 0.0326 
703 2 0.0353 0.00321 0.91 0.019 0.0324 
704 2 0.0351 0.0032 0.911 0.0189 0.0322 
705 2 0.0349 0.00319 0.911 0.0189 0.0321 
706 2 0.0347 0.00317 0.911 0.0188 0.0319 
707 2 0.0346 0.00317 0.912 0.0188 0.0318 
708 2 0.0344 0.00315 0.912 0.0187 0.0316 
709 2 0.0342 0.00314 0.912 0.0187 0.0315 
710 2 0.0341 0.00313 0.913 0.0188 0.0313 
711 2 0.0339 0.00313 0.913 0.0188 0.0312 
712 2 0.0338 0.00312 0.913 0.0188 0.031 
713 2 0.0336 0.00311 0.914 0.0188 0.0309 
714 2 0.0335 0.0031 0.914 0.0188 0.0308 
715 2 0.0333 0.00309 0.914 0.0188 0.0306 
716 2 0.0332 0.00309 0.914 0.0188 0.0305 
717 2 0.033 0.00308 0.915 0.0188 0.0304 
718 2 0.0329 0.00307 0.915 0.0188 0.0302 
719 2 0.0327 0.00306 0.915 0.0188 0.0301 
720 2 0.0326 0.00305 0.916 0.0188 0.03 
721 2 0.0324 0.00305 0.916 0.0188 0.0299 
722 2 0.0323 0.00304 0.916 0.0188 0.0297 
723 2 0.0322 0.00303 0.916 0.0188 0.0296 
724 2 0.0321 0.00303 0.917 0.0189 0.0295 
725 2 0.0319 0.00302 0.917 0.0189 0.0294 
726 2 0.0318 0.00302 0.917 0.0189 0.0293 
727 2 0.0317 0.00301 0.917 0.0189 0.0292 
728 2 0.0316 0.003 0.917 0.0189 0.0291 
729 2 0.0315 0.003 0.918 0.019 0.029 
730 2 0.0313 0.00299 0.918 0.019 0.0289 
731 2 0.0312 0.00299 0.918 0.019 0.0288 
732 2 0.0311 0.00298 0.918 0.019 0.0287 
733 2 0.031 0.00297 0.918 0.019 0.0286 
734 2 0.0309 0.00297 0.919 0.0191 0.0285 
735 2 0.0308 0.00296 0.919 0.0191 0.0284 
736 2 0.0307 0.00296 0.919 0.0191 0.0283 
737 2 0.0306 0.00296 0.919 0.0191 0.0283 
738 2 0.0305 0.00295 0.919 0.0192 0.0282 
739 2 0.0305 0.00295 0.919 0.0192 0.0281 
740 2 0.0304 0.00294 0.919 0.0192 0.028 
741 2 0.0303 0.00294 0.92 0.0193 0.0279 
742 2 0.0302 0.00293 0.92 0.0193 0.0279 
743 2 0.0301 0.00293 0.92 0.0193 0.0278 
744 2 0.03 0.00293 0.92 0.0194 0.0277 
745 2 0.0299 0.00292 0.92 0.0194 0.0276 
746 2 0.0299 0.00292 0.92 0.0194 0.0276 
747 2 0.0298 0.00291 0.92 0.0195 0.0275 
748 2 0.0297 0.00291 0.92 0.0195 0.0275 
749 2 0.0297 0.00291 0.921 0.0195 0.0274 
750 2 0.0296 0.0029 0.921 0.0196 0.0273 
751 2 0.0295 0.0029 0.921 0.0196 0.0273 
752 2 0.0295 0.0029 0.921 0.0196 0.0272 
753 2 0.0294 0.0029 0.921 0.0197 0.0272 
754 2 0.0295 0.00291 0.92 0.02 0.0273 
755 2 0.0294 0.00291 0.92 0.02 0.0272 
756 2 0.0293 0.00291 0.921 0.02 0.0271 
757 2 0.0294 0.00292 0.92 0.0204 0.0272 
758 2 0.0293 0.00292 0.92 0.0204 0.0271 
759 2 0.0294 0.00293 0.92 0.0207 0.0272 
760 2 0.0293 0.00292 0.92 0.0206 0.0271 
761 2 0.0292 0.00292 0.92 0.0206 0.027 
762 2 0.0293 0.00293 0.92 0.0209 0.0271 
763 2 0.0292 0.00292 0.92 0.0209 0.027 
764 2 0.0291 0.00292 0.92 0.0209 0.0269 
765 2 0.0291 0.00293 0.92 0.0211 0.027 
766 2 0.029 0.00292 0.92 0.0211 0.0269 
767 2 0.0291 0.00293 0.92 0.0213 0.0269 
768 2 0.029 0.00292 0.92 0.0213 0.0268 
769 2 0.029 0.00294 0.92 0.0215 0.0269 
770 2 0.0289 0.00292 0.92 0.0214 0.0267 
771 2 0.0289 0.00293 0.92 0.0217 0.0268 
772 2 0.0288 0.00292 0.92 0.0216 0.0266 
773 2 0.0287 0.00291 0.92 0.0215 0.0265 
774 2 0.0287 0.00292 0.92 0.0217 0.0266 
775 2 0.0286 0.00291 0.92 0.0216 0.0265 
776 2 0.0287 0.00292 0.92 0.0219 0.0266 
777 2 0.0285 0.00291 0.92 0.0217 0.0264 
778 2 0.0286 0.00292 0.92 0.022 0.0265 
779 2 0.0287 0.00293 0.92 0.0222 0.0266 
780 2 0.0285 0.00292 0.92 0.022 0.0264 
781 2 0.0286 0.00293 0.92 0.0222 0.0265 
782 2 0.0287 0.00293 0.92 0.0224 0.0265 
783 2 0.0287 0.00294 0.919 0.0225 0.0266 
784 2 0.0287 0.00295 0.919 0.0227 0.0266 
785 2 0.0287 0.00295 0.919 0.0229 0.0266 
786 2 0.0287 0.00296 0.919 0.023 0.0266 
787 2 0.0288 0.00296 0.918 0.0232 0.0266 
788 2 0.0288 0.00297 0.918 0.0234 0.0266 
789 2 0.0288 0.00298 0.918 0.0235 0.0267 
790 2 0.0288 0.00298 0.918 0.0237 0.0267 
791 2 0.0289 0.00299 0.917 0.0239 0.0267 
792 2 0.0289 0.003 0.917 0.0241 0.0268 
793 2 0.029 0.00301 0.917 0.0242 0.0268 
794 2 0.029 0.00301 0.917 0.0244 0.0268 
795 2 0.0291 0.00302 0.916 0.0246 0.0269 
796 2 0.0292 0.00303 0.916 0.0248 0.027 
797 2 0.0292 0.00304 0.916 0.025 0.027 
798 2 0.0293 0.00305 0.915 0.0252 0.0271 
799 2 0.0294 0.00306 0.915 0.0254 0.0271 
800 2 0.0294 0.00307 0.915 0.0256 0.0272 
801 2 0.0295 0.00308 0.914 0.0258 0.0273 
802 2 0.0296 0.00309 0.914 0.0261 0.0273 
803 2 0.0297 0.0031 0.913 0.0263 0.0274 
804 2 0.0298 0.00311 0.913 0.0265 0.0275 
805 2 0.0299 0.00312 0.913 0.0267 0.0276 
806 2 0.03 0.00313 0.912 0.0269 0.0277 
807 2 0.0301 0.00314 0.912 0.0272 0.0278 
808 2 0.0302 0.00315 0.911 0.0274 0.0279 
809 2 0.0304 0.00317 0.911 0.0277 0.028 
810 2 0.0306 0.00318 0.91 0.0281 0.0282 
811 2 0.0307 0.0032 0.909 0.0285 0.0283 
812 2 0.0309 0.00322 0.909 0.0288 0.0285 
813 2 0.0311 0.00324 0.908 0.0293 0.0286 
814 2 0.0313 0.00327 0.907 0.0297 0.0288 
815 2 0.0316 0.00329 0.906 0.0302 0.029 
816 2 0.0318 0.00332 0.905 0.0308 0.0292 
817 2 0.032 0.00335 0.904 0.0313 0.0294 
818 2 0.0323 0.00338 0.903 0.032 0.0297 
819 2 0.0325 0.00341 0.902 0.0326 0.0299 
820 2 0.0327 0.00344 0.9 0.0333 0.0301 
821 2 0.033 0.00347 0.899 0.0341 0.0303 
822 2 0.0333 0.00351 0.898 0.0349 0.0306 
823 2 0.0336 0.00355 0.896 0.0358 0.0308 
824 2 0.0339 0.00358 0.895 0.0367 0.0311 
825 2 0.0341 0.00362 0.893 0.0377 0.0313 
826 2 0.0345 0.00367 0.891 0.0388 0.0316 
827 2 0.0348 0.00371 0.89 0.04 0.0319 
828 2 0.0351 0.00375 0.888 0.0411 0.0322 
829 2 0.0354 0.0038 0.886 0.0423 0.0325 
830 2 0.0358 0.00385 0.884 0.0436 0.0328 
831 2 0.0361 0.0039 0.882 0.045 0.0331 
832 2 0.0365 0.00395 0.88 0.0466 0.0334 
833 2 0.0369 0.00401 0.877 0.0483 0.0338 
834 2 0.0373 0.00407 0.874 0.05 0.0342 
835 2 0.0378 0.00413 0.872 0.0518 0.0346 
836 2 0.0382 0.00419 0.869 0.0538 0.035 
837 2 0.0387 0.00426 0.866 0.056 0.0354 
838 2 0.0392 0.00433 0.862 0.0582 0.0358 
839 2 0.0397 0.0044 0.859 0.0607 0.0363 
840 2 0.0402 0.00447 0.855 0.0632 0.0368 
841 2 0.0408 0.00454 0.851 0.0659 0.0373 
842 2 0.0414 0.00462 0.847 0.0688 0.0378 
843 2 0.0419 0.0047 0.843 0.0718 0.0383 
844 2 0.0425 0.00478 0.839 0.0749 0.0388 
845 2 0.0431 0.00486 0.835 0.0781 0.0393 
846 2 0.0436 0.00494 0.83 0.0814 0.0398 
847 2 0.0442 0.00502 0.826 0.0848 0.0403 
848 2 0.0448 0.00509 0.821 0.0881 0.0408 
849 2 0.0453 0.00516 0.817 0.0914 0.0412 
850 2 0.0458 0.00523 0.813 0.0947 0.0417 
851 2 0.0463 0.0053 0.808 0.0979 0.0421 
852 2 0.0468 0.00537 0.804 0.101 0.0425 
853 2 0.0472 0.00543 0.8 0.104 0.0429 
854 2 0.0477 0.00549 0.796 0.108 0.0433 
855 2 0.0481 0.00555 0.792 0.111 0.0436 
856 2 0.0486 0.00561 0.788 0.114 0.044 
857 2 0.049 0.00566 0.784 0.117 0.0444 
858 2 0.0494 0.00572 0.781 0.12 0.0447 
859 2 0.0498 0.00577 0.777 0.122 0.045 
860 2 0.0502 0.00582 0.773 0.125 0.0454 
861 2 0.0506 0.00587 0.77 0.128 0.0457 
862 2 0.051 0.00592 0.766 0.131 0.046 
863 2 0.0514 0.00596 0.763 0.133 0.0463 
864 2 0.0518 0.00601 0.759 0.136 0.0466 
865 2 0.0522 0.00606 0.756 0.139 0.0469 
866 2 0.0526 0.0061 0.753 0.141 0.0472 
867 2 0.053 0.00614 0.75 0.144 0.0476 
868 2 0.0534 0.00618 0.747 0.146 0.0479 
869 2 0.0538 0.00622 0.744 0.148 0.0482 
870 2 0.0541 0.00626 0.741 0.15 0.0484 
871 2 0.0545 0.00629 0.739 0.152 0.0487 
872 2 0.0548 0.00631 0.737 0.153 0.0489 
873 2 0.0551 0.00634 0.736 0.154 0.0492 
874 2 0.0555 0.00636 0.734 0.155 0.0494 
875 2 0.0558 0.00637 0.734 0.155 0.0496 
876 2 0.0561 0.00639 0.733 0.155 0.0498 
877 2 0.0564 0.0064 0.732 0.155 0.0501 
878 2 0.0567 0.0064 0.733 0.154 0.0502 
879 2 0.0571 0.00642 0.732 0.154 0.0505 
880 2 0.0575 0.00644 0.731 0.155 0.0508 
881 2 0.058 0.00647 0.729 0.156 0.0512 
882 2 0.0586 0.00651 0.726 0.157 0.0517 
883 2 0.0593 0.00656 0.723 0.159 0.0522 
884 2 0.06 0.00662 0.719 0.162 0.0527 
885 2 0.0609 0.00669 0.714 0.165 0.0534 
886 2 0.0618 0.00677 0.709 0.169 0.0541 
887 2 0.0627 0.00685 0.702 0.173 0.0548 
888 2 0.0638 0.00694 0.695 0.178 0.0556 
889 2 0.0649 0.00704 0.687 0.184 0.0565 
890 2 0.0661 0.00715 0.678 0.191 0.0574 
891 2 0.0673 0.00727 0.668 0.199 0.0584 
892 2 0.0686 0.00739 0.657 0.208 0.0594 
893 2 0.0699 0.00752 0.645 0.218 0.0604 
894 2 0.0712 0.00765 0.631 0.228 0.0613 
895 2 0.0725 0.00778 0.616 0.241 0.0623 
896 2 0.0737 0.00791 0.6 0.255 0.0633 
897 2 0.0749 0.00804 0.584 0.269 0.0642 
898 2 0.076 0.00816 0.566 0.285 0.065 
899 2 0.077 0.00828 0.545 0.304 0.0657 
900 2 0.0778 0.00839 0.524 0.324 0.0663 
901 2 0.0784 0.00847 0.502 0.345 0.0667 
902 2 0.0787 0.00854 0.479 0.367 0.0669 
903 2 0.0788 0.00858 0.455 0.39 0.0668 
904 2 0.0785 0.00859 0.432 0.414 0.0665 
905 3 0.078 0.00858 0.409 0.439 0.066 
906 3 0.0772 0.00854 0.386 0.463 0.0652 
907 3 0.0761 0.00848 0.364 0.487 0.0643 
908 3 0.0748 0.00838 0.342 0.512 0.063 
909 3 0.0731 0.00826 0.32 0.537 0.0616 
910 3 0.0709 0.0081 0.296 0.565 0.0597 
911 3 0.0683 0.00789 0.272 0.595 0.0575 
912 3 0.0658 0.00769 0.252 0.62 0.0554 
913 3 0.0635 0.0075 0.234 0.641 0.0535 
914 3 0.0611 0.00731 0.218 0.663 0.0514 
915 3 0.0587 0.00711 0.203 0.682 0.0494 
916 3 0.0564 0.00691 0.189 0.7 0.0475 
917 3 0.0542 0.00672 0.177 0.717 0.0455 
918 3 0.0521 0.00653 0.166 0.732 0.0438 
919 3 0.0501 0.00636 0.156 0.745 0.0421 
920 3 0.0482 0.00619 0.147 0.758 0.0405 
921 3 0.0466 0.00604 0.14 0.768 0.0392 
922 3 0.0448 0.00588 0.133 0.779 0.0377 
923 3 0.0427 0.00569 0.124 0.792 0.036 
924 3 0.0407 0.00549 0.116 0.804 0.0343 
925 3 0.0388 0.00531 0.109 0.814 0.0327 
926 3 0.0371 0.00514 0.102 0.824 0.0312 
927 3 0.0354 0.00498 0.0964 0.833 0.0299 
928 3 0.0339 0.00483 0.0911 0.841 0.0286 
929 3 0.0326 0.0047 0.0866 0.849 0.0275 
930 3 0.0315 0.00459 0.0829 0.854 0.0266 
931 3 0.0308 0.00451 0.0807 0.858 0.026 
932 3 0.0304 0.00448 0.0798 0.86 0.0256 
933 3 0.0301 0.00447 0.0796 0.86 0.0254 
934 3 0.0301 0.00449 0.0802 0.86 0.0254 
935 3 0.0302 0.00451 0.0811 0.859 0.0254 
936 3 0.0303 0.00454 0.0822 0.858 0.0255 
937 3 0.0304 0.00457 0.0834 0.856 0.0256 
938 3 0.0305 0.0046 0.0846 0.855 0.0257 
939 3 0.0307 0.00464 0.0861 0.853 0.0258 
940 3 0.0309 0.00469 0.0877 0.851 0.026 
941 3 0.0313 0.00475 0.09 0.848 0.0263 
942 3 0.0317 0.00483 0.0929 0.844 0.0267 
943 3 0.0325 0.00495 0.0973 0.838 0.0273 
944 3 0.0336 0.00509 0.103 0.83 0.0282 
945 3 0.0348 0.00527 0.11 0.821 0.0292 
946 3 0.0364 0.00547 0.119 0.809 0.0304 
947 3 0.0382 0.00571 0.13 0.795 0.0318 
948 3 0.0402 0.00598 0.143 0.778 0.0335 
949 3 0.0425 0.00627 0.158 0.758 0.0353 
950 3 0.045 0.0066 0.177 0.734 0.0374 
951 3 0.0478 0.00695 0.199 0.706 0.0396 
952 3 0.0508 0.00731 0.227 0.673 0.042 
953 3 0.0539 0.00768 0.259 0.635 0.0444 
954 3 0.0569 0.00801 0.296 0.592 0.0468 
955 3 0.0597 0.00831 0.339 0.544 0.0489 
956 3 0.0619 0.00852 0.384 0.495 0.0505 
957 3 0.0632 0.00863 0.426 0.451 0.0515 
958 2 0.0639 0.00865 0.465 0.411 0.052 
959 2 0.064 0.00862 0.499 0.376 0.052 
960 2 0.0637 0.00855 0.528 0.348 0.0517 
961 2 0.0633 0.00847 0.552 0.325 0.0513 
962 2 0.0627 0.00838 0.57 0.308 0.0508 
963 2 0.0622 0.0083 0.584 0.296 0.0504 
964 2 0.0617 0.00824 0.594 0.286 0.0499 
965 2 0.0612 0.00818 0.604 0.277 0.0495 
966 2 0.0608 0.00812 0.612 0.27 0.0492 
967 2 0.0603 0.00807 0.619 0.264 0.0488 
968 2 0.0599 0.00803 0.625 0.258 0.0485 
969 2 0.0596 0.00799 0.631 0.253 0.0481 
970 2 0.0592 0.00795 0.636 0.249 0.0478 
971 2 0.0588 0.00791 0.642 0.244 0.0475 
972 2 0.0584 0.00787 0.647 0.24 0.0472 
973 2 0.058 0.00783 0.653 0.234 0.0469 
974 2 0.0575 0.00778 0.66 0.228 0.0464 
975 2 0.057 0.00773 0.667 0.222 0.046 
976 2 0.0564 0.00766 0.675 0.216 0.0455 
977 2 0.0557 0.00759 0.683 0.209 0.045 
978 2 0.0549 0.00751 0.692 0.201 0.0443 
979 2 0.054 0.00741 0.702 0.193 0.0436 
980 2 0.0531 0.0073 0.712 0.185 0.0429 
981 2 0.0521 0.00718 0.722 0.177 0.0421 
982 2 0.051 0.00705 0.732 0.169 0.0413 
983 2 0.05 0.00693 0.742 0.161 0.0405 
984 2 0.049 0.00681 0.751 0.153 0.0397 
985 2 0.0481 0.00668 0.76 0.146 0.0389 
986 2 0.0471 0.00656 0.769 0.14 0.0381 
987 2 0.0462 0.00644 0.777 0.133 0.0374 
988 2 0.0453 0.00633 0.784 0.128 0.0367 
989 2 0.0444 0.00621 0.791 0.122 0.036 
990 2 0.0436 0.0061 0.798 0.117 0.0353 
991 2 0.0428 0.006 0.804 0.112 0.0346 
992 2 0.042 0.00589 0.81 0.108 0.034 
993 2 0.0413 0.00579 0.816 0.104 0.0334 
994 2 0.0405 0.0057 0.821 0.0998 0.0328 
995 2 0.0398 0.0056 0.826 0.0961 0.0322 
996 2 0.0391 0.00551 0.831 0.0926 0.0317 
997 2 0.0385 0.00542 0.836 0.0893 0.0312 
998 2 0.0378 0.00534 0.84 0.0863 0.0307 
