0 0 0.2 0.2 0.2 0.2 0.2 
1 3 0.196 0.202 0.197 0.203 0.202 
2 4 0.195 0.201 0.197 0.202 0.204 
3 4 0.195 0.201 0.198 0.202 0.204 
4 4 0.195 0.201 0.198 0.202 0.205 
5 4 0.194 0.201 0.198 0.202 0.205 
6 4 0.194 0.201 0.198 0.202 0.205 
7 4 0.194 0.2 0.198 0.202 0.205 
8 4 0.194 0.2 0.198 0.202 0.205 
9 4 0.194 0.2 0.198 0.202 0.206 
10 4 0.194 0.2 0.198 0.202 0.206 
11 4 0.194 0.2 0.198 0.202 0.206 
12 4 0.193 0.2 0.199 0.202 0.206 
13 4 0.193 0.2 0.199 0.202 0.206 
14 4 0.193 0.2 0.199 0.202 0.206 
15 4 0.193 0.2 0.199 0.202 0.207 
16 4 0.193 0.199 0.199 0.202 0.207 
17 4 0.192 0.199 0.199 0.202 0.207 
18 4 0.192 0.199 0.2 0.202 0.207 
19 4 0.192 0.199 0.2 0.202 0.207 
20 4 0.192 0.199 0.2 0.202 0.208 
21 4 0.191 0.199 0.2 0.201 0.208 
22 4 0.191 0.199 0.201 0.201 0.208 
23 4 0.191 0.199 0.202 0.199 0.209 
24 4 0.192 0.199 0.203 0.197 0.21 
25 4 0.192 0.199 0.204 0.194 0.211 
26 4 0.192 0.2 0.205 0.191 0.212 
27 4 0.193 0.2 0.207 0.188 0.213 
28 4 0.193 0.201 0.208 0.184 0.214 
29 4 0.193 0.201 0.21 0.181 0.215 
30 4 0.194 0.202 0.212 0.177 0.216 
31 4 0.194 0.202 0.214 0.173 0.217 
32 4 0.194 0.202 0.217 0.169 0.218 
33 2 0.194 0.202 0.22 0.165 0.219 
34 2 0.193 0.202 0.224 0.161 0.219 
35 2 0.193 0.202 0.228 0.158 0.22 
36 2 0.193 0.201 0.232 0.154 0.22 
37 2 0.192 0.201 0.236 0.15 0.221 
38 2 0.192 0.201 0.239 0.147 0.221 
39 2 0.192 0.2 0.242 0.144 0.222 
40 2 0.191 0.2 0.245 0.14 0.223 
41 2 0.191 0.2 0.248 0.137 0.224 
42 2 0.19 0.199 0.251 0.134 0.225 
43 2 0.19 0.199 0.254 0.131 0.226 
44 2 0.19 0.199 0.257 0.128 0.227 
45 2 0.189 0.198 0.259 0.126 0.228 
46 2 0.189 0.198 0.261 0.123 0.229 
47 2 0.188 0.197 0.263 0.12 0.231 
48 2 0.187 0.197 0.265 0.118 0.233 
49 2 0.187 0.196 0.267 0.115 0.235 
50 2 0.186 0.195 0.269 0.113 0.237 
51 2 0.185 0.195 0.27 0.11 0.24 
52 2 0.184 0.193 0.271 0.108 0.244 
53 2 0.182 0.192 0.271 0.106 0.248 
54 2 0.181 0.19 0.271 0.103 0.255 
55 2 0.179 0.188 0.27 0.101 0.263 
56 4 0.176 0.186 0.267 0.0983 0.273 
57 4 0.173 0.182 0.263 0.0956 0.286 
58 4 0.17 0.179 0.259 0.0929 0.3 
59 4 0.166 0.175 0.254 0.0902 0.316 
60 4 0.162 0.17 0.247 0.0874 0.333 
61 4 0.157 0.165 0.24 0.0844 0.353 
62 4 0.152 0.159 0.232 0.0812 0.376 
63 4 0.145 0.153 0.221 0.0777 0.403 
64 4 0.137 0.144 0.208 0.0736 0.438 
65 4 0.128 0.134 0.192 0.0689 0.478 
66 4 0.118 0.123 0.175 0.0639 0.52 
67 4 0.108 0.113 0.159 0.0589 0.562 
68 4 0.0983 0.103 0.143 0.0541 0.602 
69 4 0.0893 0.0932 0.129 0.0496 0.639 
70 4 0.081 0.0845 0.116 0.0453 0.673 
71 4 0.0735 0.0765 0.104 0.0414 0.705 
72 4 0.0666 0.0693 0.0935 0.0378 0.733 
73 4 0.0606 0.063 0.0845 0.0347 0.757 
74 4 0.0555 0.0577 0.0769 0.032 0.778 
75 4 0.0511 0.0531 0.0704 0.0296 0.796 
76 4 0.0474 0.0492 0.065 0.0276 0.811 
77 4 0.0446 0.0462 0.0609 0.026 0.822 
78 4 0.0423 0.0438 0.0576 0.0247 0.832 
79 4 0.0403 0.0417 0.0548 0.0236 0.84 
80 4 0.0386 0.04 0.0524 0.0226 0.846 
81 4 0.0373 0.0387 0.0507 0.0219 0.851 
82 4 0.0363 0.0376 0.0492 0.0213 0.856 
83 4 0.0354 0.0366 0.048 0.0207 0.859 
84 4 0.0346 0.0358 0.0469 0.0203 0.862 
85 4 0.0339 0.035 0.046 0.0198 0.865 
86 4 0.0332 0.0344 0.0451 0.0194 0.868 
87 4 0.0326 0.0337 0.0443 0.019 0.87 
88 4 0.032 0.0331 0.0435 0.0187 0.873 
89 4 0.0314 0.0325 0.0428 0.0183 0.875 
90 4 0.0309 0.0319 0.0421 0.018 0.877 
91 4 0.0303 0.0313 0.0412 0.0176 0.88 
92 4 0.0296 0.0307 0.0404 0.0172 0.882 
93 4 0.029 0.03 0.0396 0.0169 0.885 
94 4 0.0284 0.0294 0.0388 0.0165 0.887 
95 4 0.0279 0.0289 0.0381 0.0162 0.889 
96 4 0.0274 0.0284 0.0375 0.0159 0.891 
97 4 0.027 0.0279 0.0369 0.0157 0.893 
98 4 0.0266 0.0275 0.0364 0.0154 0.894 
99 4 0.0262 0.0271 0.0359 0.0152 0.896 
100 4 0.0258 0.0267 0.0354 0.0149 0.897 
101 4 0.0255 0.0263 0.035 0.0147 0.898 
102 4 0.0252 0.026 0.0346 0.0145 0.9 
103 4 0.0249 0.0257 0.0342 0.0143 0.901 
104 4 0.0246 0.0254 0.0338 0.0142 0.902 
105 4 0.0243 0.0251 0.0335 0.014 0.903 
106 4 0.024 0.0248 0.0332 0.0138 0.904 
107 4 0.0238 0.0246 0.0329 0.0137 0.905 
108 4 0.0235 0.0243 0.0326 0.0135 0.906 
109 4 0.0233 0.0241 0.0323 0.0134 0.907 
110 4 0.0231 0.0239 0.032 0.0132 0.908 
111 4 0.0229 0.0237 0.0318 0.0131 0.909 
112 4 0.0227 0.0235 0.0316 0.013 0.909 
113 4 0.0225 0.0233 0.0314 0.0128 0.91 
114 4 0.0223 0.0231 0.0312 0.0127 0.911 
115 4 0.0221 0.0229 0.031 0.0126 0.911 
116 4 0.022 0.0227 0.0308 0.0125 0.912 
117 4 0.0218 0.0225 0.0306 0.0124 0.913 
118 4 0.0216 0.0224 0.0304 0.0123 0.913 
119 4 0.0215 0.0222 0.0303 0.0122 0.914 
120 4 0.0213 0.0221 0.0301 0.0121 0.914 
121 4 0.0212 0.0219 0.03 0.012 0.915 
122 4 0.0211 0.0218 0.0298 0.0119 0.915 
123 4 0.0209 0.0217 0.0297 0.0118 0.916 
124 4 0.0208 0.0215 0.0296 0.0117 0.916 
125 4 0.0207 0.0214 0.0295 0.0116 0.917 
126 4 0.0206 0.0213 0.0294 0.0116 0.917 
127 4 0.0205 0.0212 0.0293 0.0115 0.918 
128 4 0.0203 0.021 0.0292 0.0114 0.918 
129 4 0.0202 0.0209 0.0291 0.0113 0.918 
130 4 0.0201 0.0208 0.0291 0.0113 0.919 
131 4 0.02 0.0207 0.029 0.0112 0.919 
132 4 0.0199 0.0206 0.0289 0.0111 0.919 
133 4 0.0199 0.0205 0.0289 0.0111 0.92 
134 4 0.0198 0.0205 0.0288 0.011 0.92 
135 4 0.0197 0.0204 0.0288 0.011 0.92 
136 4 0.0196 0.0203 0.0288 0.0109 0.92 
137 4 0.0195 0.0202 0.0288 0.0108 0.921 
138 4 0.0195 0.0201 0.0287 0.0108 0.921 
139 4 0.0194 0.0201 0.0287 0.0107 0.921 
140 4 0.0193 0.02 0.0287 0.0107 0.921 
141 4 0.0193 0.0199 0.0287 0.0106 0.921 
142 4 0.0192 0.0199 0.0288 0.0106 0.922 
143 4 0.0191 0.0198 0.0288 0.0106 0.922 
144 4 0.0191 0.0198 0.0288 0.0105 0.922 
145 4 0.019 0.0197 0.0289 0.0105 0.922 
146 4 0.019 0.0197 0.0289 0.0104 0.922 
147 4 0.019 0.0196 0.029 0.0104 0.922 
148 4 0.0189 0.0196 0.0291 0.0104 0.922 
149 4 0.0189 0.0195 0.0291 0.0103 0.922 
150 4 0.0188 0.0195 0.0292 0.0103 0.922 
151 4 0.0188 0.0195 0.0293 0.0103 0.922 
152 4 0.0188 0.0195 0.0294 0.0103 0.922 
153 4 0.0188 0.0194 0.0296 0.0102 0.922 
154 4 0.0188 0.0194 0.0297 0.0102 0.922 
155 4 0.0187 0.0194 0.0298 0.0102 0.922 
156 4 0.0187 0.0194 0.03 0.0102 0.922 
157 4 0.0187 0.0194 0.0302 0.0102 0.922 
158 4 0.0187 0.0194 0.0303 0.0102 0.921 
159 4 0.0187 0.0194 0.0305 0.0101 0.921 
160 4 0.0187 0.0194 0.0308 0.0101 0.921 
161 4 0.0187 0.0194 0.031 0.0101 0.921 
162 4 0.0187 0.0194 0.0312 0.0101 0.921 
163 4 0.0187 0.0194 0.0315 0.0101 0.92 
164 4 0.0188 0.0194 0.0317 0.0101 0.92 
165 4 0.0188 0.0195 0.032 0.0101 0.92 
166 4 0.0188 0.0195 0.0323 0.0101 0.919 
167 4 0.0188 0.0195 0.0326 0.0101 0.919 
168 4 0.0189 0.0195 0.0329 0.0101 0.919 
169 4 0.0189 0.0196 0.0333 0.0101 0.918 
170 4 0.019 0.0196 0.0337 0.0101 0.918 
171 4 0.019 0.0197 0.034 0.0102 0.917 
172 4 0.019 0.0197 0.0344 0.0102 0.917 
173 4 0.0191 0.0198 0.0349 0.0102 0.916 
174 4 0.0191 0.0198 0.0353 0.0102 0.916 
175 4 0.0192 0.0199 0.0358 0.0102 0.915 
176 4 0.0193 0.02 0.0362 0.0102 0.914 
177 4 0.0193 0.02 0.0367 0.0103 0.914 
178 4 0.0194 0.0201 0.0373 0.0103 0.913 
179 4 0.0195 0.0202 0.0378 0.0103 0.912 
180 4 0.0196 0.0203 0.0384 0.0103 0.911 
181 4 0.0196 0.0204 0.039 0.0104 0.911 
182 4 0.0197 0.0204 0.0396 0.0104 0.91 
183 4 0.0198 0.0205 0.0403 0.0105 0.909 
184 4 0.0199 0.0206 0.041 0.0105 0.908 
185 4 0.02 0.0207 0.0417 0.0105 0.907 
186 4 0.0201 0.0209 0.0425 0.0106 0.906 
187 4 0.0202 0.021 0.0433 0.0106 0.905 
188 4 0.0203 0.0211 0.0441 0.0107 0.904 
189 4 0.0205 0.0212 0.045 0.0107 0.903 
190 4 0.0206 0.0213 0.0459 0.0108 0.901 
191 4 0.0207 0.0215 0.0468 0.0108 0.9 
192 4 0.0209 0.0216 0.0479 0.0109 0.899 
193 4 0.021 0.0218 0.0489 0.0109 0.897 
194 4 0.0211 0.0219 0.05 0.011 0.896 
195 4 0.0213 0.0221 0.0512 0.0111 0.894 
196 4 0.0215 0.0223 0.0524 0.0111 0.893 
197 4 0.0216 0.0224 0.0537 0.0112 0.891 
198 4 0.0218 0.0226 0.0551 0.0113 0.889 
199 4 0.022 0.0228 0.0565 0.0114 0.887 
200 4 0.0222 0.023 0.0581 0.0115 0.885 
201 4 0.0224 0.0232 0.0597 0.0115 0.883 
202 4 0.0226 0.0234 0.0614 0.0116 0.881 
203 4 0.0228 0.0236 0.0632 0.0117 0.879 
204 4 0.023 0.0239 0.0651 0.0118 0.876 
205 4 0.0233 0.0241 0.0672 0.0119 0.874 
206 4 0.0235 0.0244 0.0693 0.0121 0.871 
207 4 0.0237 0.0246 0.0717 0.0122 0.868 
208 4 0.024 0.0249 0.0741 0.0123 0.865 
209 4 0.0243 0.0252 0.0768 0.0124 0.861 
210 4 0.0246 0.0255 0.0796 0.0125 0.858 
211 4 0.0249 0.0258 0.0826 0.0127 0.854 
212 4 0.0252 0.0261 0.0859 0.0128 0.85 
213 4 0.0255 0.0265 0.0894 0.013 0.846 
214 4 0.0259 0.0268 0.0933 0.0131 0.841 
215 4 0.0262 0.0272 0.0974 0.0133 0.836 
216 4 0.0266 0.0276 0.102 0.0135 0.831 
217 4 0.027 0.028 0.107 0.0137 0.825 
218 4 0.0274 0.0285 0.112 0.0139 0.818 
219 4 0.0278 0.0289 0.118 0.0141 0.812 
220 4 0.0283 0.0294 0.124 0.0143 0.804 
221 4 0.0287 0.0298 0.131 0.0145 0.796 
222 4 0.0292 0.0303 0.138 0.0147 0.787 
223 4 0.0297 0.0309 0.147 0.0149 0.778 
224 4 0.0302 0.0314 0.156 0.0152 0.768 
225 4 0.0308 0.0319 0.166 0.0154 0.756 
226 4 0.0313 0.0325 0.177 0.0157 0.744 
227 4 0.0318 0.033 0.189 0.0159 0.73 
228 4 0.0324 0.0336 0.203 0.0162 0.715 
229 4 0.0329 0.0342 0.218 0.0164 0.699 
230 4 0.0334 0.0347 0.235 0.0167 0.681 
231 4 0.0339 0.0352 0.253 0.0169 0.661 
232 4 0.0343 0.0356 0.273 0.0171 0.64 
233 4 0.0347 0.036 0.296 0.0173 0.617 
234 4 0.035 0.0363 0.32 0.0174 0.592 
235 4 0.0351 0.0365 0.346 0.0175 0.565 
236 4 0.0352 0.0365 0.374 0.0175 0.537 
237 4 0.0351 0.0364 0.403 0.0175 0.508 
238 4 0.0349 0.0362 0.434 0.0173 0.478 
239 2 0.0345 0.0358 0.466 0.0171 0.447 
240 2 0.0339 0.0352 0.498 0.0169 0.417 
241 2 0.0332 0.0345 0.529 0.0165 0.387 
242 2 0.0324 0.0336 0.56 0.0161 0.358 
243 2 0.0315 0.0326 0.59 0.0157 0.33 
244 2 0.0305 0.0316 0.618 0.0152 0.305 
245 2 0.0294 0.0305 0.645 0.0147 0.28 
246 2 0.0283 0.0294 0.67 0.0142 0.258 
247 2 0.0273 0.0283 0.693 0.0137 0.238 
248 2 0.0262 0.0271 0.714 0.0131 0.219 
249 2 0.0251 0.026 0.734 0.0126 0.202 
250 2 0.0241 0.0249 0.752 0.0121 0.187 
251 2 0.023 0.0238 0.77 0.0116 0.172 
252 2 0.0219 0.0227 0.787 0.0111 0.157 
253 2 0.0207 0.0214 0.805 0.0105 0.142 
254 2 0.0195 0.0202 0.822 0.00991 0.129 
255 2 0.0185 0.0191 0.836 0.00939 0.117 
256 2 0.0175 0.0181 0.848 0.00892 0.107 
257 2 0.0166 0.0172 0.859 0.00849 0.0985 
258 2 0.0158 0.0164 0.869 0.0081 0.091 
259 2 0.0151 0.0156 0.877 0.00775 0.0844 
260 2 0.0144 0.0149 0.884 0.00743 0.0788 
261 2 0.0139 0.0144 0.89 0.00718 0.0746 
262 2 0.0135 0.014 0.894 0.00698 0.0713 
263 2 0.0132 0.0136 0.898 0.0068 0.0684 
264 2 0.0128 0.0133 0.901 0.00663 0.0659 
265 2 0.0125 0.013 0.904 0.00648 0.0637 
266 2 0.0123 0.0127 0.907 0.00637 0.0621 
267 2 0.0121 0.0126 0.908 0.00628 0.0608 
268 2 0.012 0.0124 0.91 0.0062 0.0597 
269 2 0.0118 0.0122 0.911 0.00613 0.0587 
270 2 0.0117 0.0121 0.912 0.00606 0.0578 
271 2 0.0116 0.012 0.913 0.006 0.057 
272 2 0.0115 0.0119 0.914 0.00594 0.0562 
273 2 0.0114 0.0118 0.915 0.00588 0.0555 
274 2 0.0113 0.0117 0.916 0.00583 0.0548 
275 2 0.0112 0.0116 0.917 0.00577 0.0541 
276 2 0.0111 0.0114 0.918 0.00571 0.0534 
277 2 0.0109 0.0113 0.919 0.00565 0.0526 
278 2 0.0108 0.0112 0.921 0.00559 0.0518 
279 2 0.0107 0.0111 0.922 0.00553 0.0511 
280 2 0.0106 0.011 0.923 0.00548 0.0504 
281 2 0.0105 0.0109 0.923 0.00542 0.0497 
282 2 0.0104 0.0108 0.924 0.00537 0.0491 
283 2 0.0103 0.0107 0.925 0.00533 0.0486 
284 2 0.0102 0.0106 0.926 0.00528 0.048 
285 2 0.0102 0.0105 0.927 0.00524 0.0475 
286 2 0.0101 0.0104 0.927 0.0052 0.0471 
287 2 0.01 0.0104 0.928 0.00517 0.0467 
288 2 0.00995 0.0103 0.928 0.00513 0.0462 
289 2 0.00989 0.0102 0.929 0.00509 0.0459 
290 2 0.00983 0.0102 0.929 0.00506 0.0455 
291 2 0.00977 0.0101 0.93 0.00503 0.0451 
292 2 0.00971 0.01 0.93 0.005 0.0448 
293 2 0.00966 0.00999 0.931 0.00497 0.0445 
294 2 0.0096 0.00993 0.931 0.00494 0.0442 
295 2 0.00955 0.00988 0.932 0.00491 0.0439 
296 2 0.00951 0.00983 0.932 0.00489 0.0436 
297 2 0.00946 0.00978 0.933 0.00486 0.0433 
298 2 0.00941 0.00974 0.933 0.00483 0.0431 
299 2 0.00937 0.00969 0.933 0.00481 0.0428 
300 2 0.00933 0.00965 0.934 0.00479 0.0426 
301 2 0.00928 0.0096 0.934 0.00476 0.0424 
302 2 0.00924 0.00956 0.934 0.00474 0.0421 
303 2 0.00921 0.00952 0.935 0.00472 0.0419 
304 2 0.00917 0.00948 0.935 0.0047 0.0417 
305 2 0.00913 0.00944 0.935 0.00467 0.0415 
306 2 0.00909 0.00941 0.936 0.00465 0.0413 
307 2 0.00906 0.00937 0.936 0.00463 0.0411 
308 2 0.00902 0.00933 0.936 0.00461 0.0409 
309 2 0.00899 0.0093 0.936 0.00459 0.0408 
310 2 0.00896 0.00927 0.937 0.00458 0.0406 
311 2 0.00892 0.00923 0.937 0.00456 0.0404 
312 2 0.00889 0.0092 0.937 0.00454 0.0402 
313 2 0.00886 0.00917 0.937 0.00452 0.0401 
314 2 0.00883 0.00914 0.938 0.0045 0.0399 
315 2 0.0088 0.00911 0.938 0.00449 0.0398 
316 2 0.00877 0.00908 0.938 0.00447 0.0396 
317 2 0.00874 0.00905 0.938 0.00445 0.0395 
318 2 0.00872 0.00902 0.939 0.00444 0.0393 
319 2 0.00869 0.00899 0.939 0.00442 0.0392 
320 2 0.00866 0.00896 0.939 0.00441 0.039 
321 2 0.00864 0.00894 0.939 0.00439 0.0389 
322 2 0.00861 0.00891 0.939 0.00437 0.0388 
323 2 0.00859 0.00888 0.94 0.00436 0.0387 
324 2 0.00856 0.00886 0.94 0.00435 0.0385 
325 2 0.00854 0.00883 0.94 0.00433 0.0384 
326 2 0.00851 0.00881 0.94 0.00432 0.0383 
327 2 0.00849 0.00878 0.94 0.0043 0.0382 
328 2 0.00846 0.00876 0.94 0.00429 0.0381 
329 2 0.00844 0.00874 0.941 0.00427 0.0379 
330 2 0.00842 0.00871 0.941 0.00426 0.0378 
331 2 0.0084 0.00869 0.941 0.00425 0.0377 
332 2 0.00837 0.00867 0.941 0.00423 0.0376 
333 2 0.00835 0.00865 0.941 0.00422 0.0375 
334 2 0.00833 0.00862 0.941 0.00421 0.0374 
335 2 0.00831 0.0086 0.942 0.0042 0.0373 
336 2 0.00829 0.00858 0.942 0.00418 0.0372 
337 2 0.00827 0.00856 0.942 0.00417 0.0371 
338 2 0.00825 0.00854 0.942 0.00416 0.037 
339 2 0.00823 0.00852 0.942 0.00415 0.0369 
340 2 0.00821 0.0085 0.942 0.00414 0.0368 
341 2 0.00819 0.00848 0.942 0.00412 0.0367 
342 2 0.00817 0.00846 0.943 0.00411 0.0367 
343 2 0.00815 0.00844 0.943 0.0041 0.0366 
344 2 0.00814 0.00842 0.943 0.00409 0.0365 
345 2 0.00812 0.00841 0.943 0.00408 0.0364 
346 2 0.0081 0.00839 0.943 0.00407 0.0363 
347 2 0.00808 0.00837 0.943 0.00406 0.0362 
348 2 0.00806 0.00835 0.943 0.00405 0.0362 
349 2 0.00805 0.00833 0.944 0.00404 0.0361 
350 2 0.00803 0.00832 0.944 0.00403 0.036 
351 2 0.00801 0.0083 0.944 0.00402 0.0359 
352 2 0.008 0.00828 0.944 0.00401 0.0359 
353 2 0.00798 0.00827 0.944 0.004 0.0358 
354 2 0.00796 0.00825 0.944 0.00399 0.0357 
355 2 0.00795 0.00823 0.944 0.00398 0.0356 
356 2 0.00793 0.00822 0.944 0.00397 0.0356 
357 2 0.00792 0.0082 0.944 0.00396 0.0355 
358 2 0.0079 0.00818 0.945 0.00395 0.0354 
359 2 0.00789 0.00817 0.945 0.00394 0.0354 
360 2 0.00787 0.00815 0.945 0.00393 0.0353 
361 2 0.00786 0.00814 0.945 0.00392 0.0352 
362 2 0.00784 0.00812 0.945 0.00391 0.0352 
363 2 0.00783 0.00811 0.945 0.0039 0.0351 
364 2 0.00781 0.00809 0.945 0.00389 0.035 
365 2 0.0078 0.00808 0.945 0.00388 0.035 
366 2 0.00778 0.00806 0.945 0.00387 0.0349 
367 2 0.00777 0.00805 0.945 0.00386 0.0349 
368 2 0.00776 0.00804 0.946 0.00386 0.0348 
369 2 0.00774 0.00802 0.946 0.00385 0.0348 
370 2 0.00773 0.00801 0.946 0.00384 0.0347 
371 2 0.00772 0.00799 0.946 0.00383 0.0346 
372 2 0.0077 0.00798 0.946 0.00382 0.0346 
373 2 0.00769 0.00797 0.946 0.00381 0.0345 
374 2 0.00768 0.00795 0.946 0.0038 0.0345 
375 2 0.00766 0.00794 0.946 0.0038 0.0344 
376 2 0.00765 0.00793 0.946 0.00379 0.0344 
377 2 0.00764 0.00792 0.946 0.00378 0.0343 
378 2 0.00763 0.0079 0.946 0.00377 0.0343 
379 2 0.00761 0.00789 0.947 0.00376 0.0342 
380 2 0.00763 0.00791 0.946 0.00377 0.0343 
381 2 0.00765 0.00793 0.946 0.00377 0.0343 
382 2 0.00767 0.00795 0.946 0.00378 0.0343 
383 2 0.00768 0.00796 0.946 0.00378 0.0343 
384 2 0.0077 0.00798 0.946 0.00378 0.0343 
385 2 0.00771 0.00799 0.946 0.00378 0.0343 
386 2 0.00772 0.008 0.946 0.00378 0.0343 
387 2 0.00773 0.00801 0.946 0.00378 0.0343 
388 2 0.00773 0.00802 0.946 0.00378 0.0342 
389 2 0.00774 0.00803 0.946 0.00378 0.0342 
390 2 0.00775 0.00804 0.946 0.00378 0.0342 
391 2 0.00776 0.00805 0.946 0.00378 0.0341 
392 2 0.00776 0.00805 0.946 0.00377 0.0341 
393 2 0.00777 0.00806 0.946 0.00377 0.0341 
394 2 0.00778 0.00807 0.946 0.00377 0.034 
395 2 0.00779 0.00808 0.946 0.00377 0.034 
396 2 0.00779 0.00809 0.946 0.00377 0.034 
397 2 0.0078 0.00809 0.946 0.00377 0.0339 
398 2 0.00781 0.0081 0.946 0.00377 0.0339 
399 2 0.00782 0.00811 0.946 0.00377 0.0339 
400 2 0.00782 0.00812 0.946 0.00377 0.0338 
401 2 0.00783 0.00813 0.946 0.00377 0.0338 
402 2 0.00784 0.00814 0.946 0.00377 0.0338 
403 2 0.00785 0.00815 0.947 0.00376 0.0337 
404 2 0.00786 0.00816 0.947 0.00376 0.0337 
405 2 0.00787 0.00817 0.947 0.00376 0.0337 
406 2 0.00787 0.00818 0.947 0.00376 0.0337 
407 2 0.00788 0.00819 0.947 0.00376 0.0336 
408 2 0.00789 0.0082 0.947 0.00376 0.0336 
409 2 0.0079 0.00821 0.947 0.00376 0.0336 
410 2 0.00791 0.00822 0.947 0.00376 0.0336 
411 2 0.00792 0.00823 0.947 0.00376 0.0335 
412 2 0.00793 0.00824 0.947 0.00376 0.0335 
413 2 0.00794 0.00825 0.947 0.00376 0.0335 
414 2 0.00803 0.00834 0.946 0.00379 0.0337 
415 2 0.00803 0.00834 0.946 0.00379 0.0336 
416 2 0.00803 0.00835 0.946 0.00378 0.0336 
417 2 0.00812 0.00844 0.946 0.00381 0.0337 
418 2 0.00812 0.00844 0.946 0.00381 0.0337 
419 2 0.0082 0.00852 0.946 0.00383 0.0338 
420 2 0.00819 0.00852 0.946 0.00383 0.0337 
421 2 0.00827 0.0086 0.945 0.00385 0.0339 
422 2 0.00826 0.00859 0.946 0.00384 0.0338 
423 2 0.00825 0.00858 0.946 0.00384 0.0337 
424 2 0.00833 0.00867 0.945 0.00386 0.0338 
425 2 0.00832 0.00865 0.945 0.00385 0.0337 
426 2 0.00839 0.00873 0.945 0.00387 0.0338 
427 2 0.00837 0.00871 0.945 0.00386 0.0337 
428 2 0.00843 0.00878 0.945 0.00388 0.0338 
429 2 0.00841 0.00875 0.945 0.00387 0.0337 
430 2 0.00847 0.00882 0.945 0.00389 0.0338 
431 2 0.00845 0.00879 0.945 0.00387 0.0337 
432 2 0.00851 0.00886 0.945 0.00389 0.0338 
433 2 0.00848 0.00882 0.945 0.00387 0.0336 
434 2 0.00854 0.00889 0.945 0.00389 0.0337 
435 2 0.0085 0.00885 0.945 0.00387 0.0336 
436 2 0.00856 0.00891 0.945 0.00389 0.0337 
437 2 0.00852 0.00888 0.945 0.00387 0.0335 
438 2 0.00858 0.00894 0.945 0.00389 0.0337 
439 2 0.00863 0.00899 0.945 0.0039 0.0337 
440 2 0.00868 0.00904 0.945 0.00392 0.0338 
441 2 0.00872 0.00909 0.944 0.00393 0.0338 
442 2 0.00876 0.00913 0.944 0.00393 0.0338 
443 2 0.0088 0.00917 0.944 0.00394 0.0339 
444 2 0.00883 0.00921 0.944 0.00395 0.0339 
445 2 0.00887 0.00924 0.944 0.00396 0.0339 
446 2 0.0089 0.00928 0.944 0.00396 0.0339 
447 2 0.00893 0.00931 0.944 0.00397 0.0338 
448 2 0.00897 0.00935 0.944 0.00398 0.0339 
449 2 0.009 0.00938 0.944 0.00398 0.0339 
450 2 0.00903 0.00942 0.944 0.00399 0.0339 
451 2 0.00906 0.00945 0.944 0.00399 0.0339 
452 2 0.00909 0.00948 0.944 0.004 0.0339 
453 2 0.00912 0.00952 0.943 0.00401 0.0339 
454 2 0.00916 0.00956 0.943 0.00401 0.0339 
455 2 0.00919 0.00959 0.943 0.00402 0.0339 
456 2 0.00922 0.00962 0.943 0.00403 0.0339 
457 2 0.00925 0.00965 0.943 0.00403 0.0339 
458 2 0.00928 0.00969 0.943 0.00404 0.0339 
459 2 0.00932 0.00973 0.943 0.00405 0.034 
460 2 0.00935 0.00976 0.943 0.00405 0.034 
461 2 0.00939 0.00981 0.943 0.00406 0.034 
462 2 0.00943 0.00985 0.943 0.00407 0.0341 
463 2 0.00949 0.00991 0.942 0.00409 0.0341 
464 2 0.00955 0.00998 0.942 0.0041 0.0342 
465 2 0.0096 0.01 0.942 0.00411 0.0343 
466 2 0.00965 0.0101 0.942 0.00413 0.0343 
467 2 0.0097 0.0101 0.942 0.00414 0.0343 
468 2 0.00975 0.0102 0.942 0.00415 0.0344 
469 2 0.0098 0.0103 0.941 0.00417 0.0344 
470 2 0.00985 0.0103 0.941 0.00418 0.0344 
471 2 0.0099 0.0104 0.941 0.00419 0.0345 
472 2 0.00996 0.0104 0.941 0.0042 0.0345 
473 2 0.01 0.0105 0.941 0.00422 0.0346 
474 2 0.0101 0.0105 0.941 0.00423 0.0346 
475 2 0.0101 0.0106 0.94 0.00424 0.0346 
476 2 0.0102 0.0106 0.94 0.00426 0.0347 
477 2 0.0102 0.0107 0.94 0.00427 0.0347 
478 2 0.0103 0.0108 0.94 0.00428 0.0347 
479 2 0.0103 0.0108 0.94 0.0043 0.0348 
480 2 0.0104 0.0109 0.94 0.00431 0.0348 
481 2 0.0105 0.011 0.939 0.00433 0.0349 
482 2 0.0105 0.011 0.939 0.00434 0.0349 
483 2 0.0106 0.0111 0.939 0.00436 0.035 
484 2 0.0106 0.0112 0.939 0.00438 0.035 
485 2 0.0107 0.0112 0.939 0.00439 0.0351 
486 2 0.0108 0.0113 0.938 0.00441 0.0352 
487 2 0.0108 0.0114 0.938 0.00443 0.0352 
488 2 0.0109 0.0114 0.938 0.00444 0.0353 
489 2 0.011 0.0115 0.938 0.00446 0.0353 
490 2 0.011 0.0116 0.938 0.00448 0.0354 
491 2 0.0111 0.0117 0.937 0.0045 0.0355 
492 2 0.0112 0.0117 0.937 0.00452 0.0356 
493 2 0.0113 0.0118 0.937 0.00454 0.0356 
494 2 0.0114 0.0119 0.936 0.00456 0.0357 
495 2 0.0114 0.012 0.936 0.00458 0.0358 
496 2 0.0115 0.0121 0.936 0.0046 0.0359 
497 2 0.0116 0.0122 0.936 0.00462 0.036 
498 2 0.0117 0.0122 0.935 0.00464 0.0361 
499 2 0.0117 0.0123 0.935 0.00466 0.0362 
500 2 0.0118 0.0124 0.935 0.00468 0.0362 
501 2 0.0119 0.0125 0.935 0.0047 0.0363 
502 2 0.012 0.0126 0.934 0.00472 0.0364 
503 2 0.0121 0.0127 0.934 0.00474 0.0365 
504 2 0.0121 0.0127 0.934 0.00476 0.0366 
505 2 0.0122 0.0128 0.933 0.00478 0.0367 
506 2 0.0123 0.0129 0.933 0.0048 0.0368 
507 2 0.0124 0.013 0.933 0.00482 0.0369 
508 2 0.0125 0.0131 0.933 0.00484 0.037 
509 2 0.0126 0.0132 0.932 0.00487 0.0371 
510 2 0.0127 0.0133 0.932 0.00489 0.0372 
511 2 0.0127 0.0134 0.932 0.00491 0.0373 
512 2 0.0128 0.0135 0.931 0.00493 0.0374 
513 2 0.0129 0.0136 0.931 0.00496 0.0375 
514 2 0.013 0.0137 0.931 0.00498 0.0376 
515 2 0.0131 0.0138 0.93 0.005 0.0377 
516 2 0.0132 0.0139 0.93 0.00503 0.0378 
517 2 0.0133 0.014 0.93 0.00505 0.0379 
518 2 0.0134 0.0141 0.929 0.00508 0.0381 
519 2 0.0135 0.0142 0.929 0.0051 0.0382 
520 2 0.0136 0.0143 0.929 0.00513 0.0383 
521 2 0.0137 0.0144 0.928 0.00515 0.0384 
522 2 0.0138 0.0146 0.928 0.00518 0.0386 
523 2 0.0139 0.0147 0.928 0.0052 0.0387 
524 2 0.014 0.0148 0.927 0.00523 0.0388 
525 2 0.0141 0.0149 0.927 0.00525 0.0389 
526 2 0.0142 0.015 0.926 0.00528 0.0391 
527 2 0.0143 0.0151 0.926 0.0053 0.0392 
528 2 0.0144 0.0152 0.926 0.00533 0.0393 
529 2 0.0146 0.0154 0.925 0.00536 0.0394 
530 2 0.0147 0.0155 0.925 0.00538 0.0396 
531 2 0.0148 0.0156 0.925 0.0054 0.0397 
532 2 0.0149 0.0157 0.924 0.00543 0.0398 
533 2 0.015 0.0158 0.924 0.00546 0.04 
534 2 0.0151 0.016 0.923 0.00549 0.0401 
535 2 0.0152 0.0161 0.923 0.00552 0.0403 
536 2 0.0154 0.0162 0.922 0.00555 0.0405 
537 2 0.0155 0.0164 0.922 0.00557 0.0406 
538 2 0.0156 0.0165 0.922 0.0056 0.0408 
539 2 0.0157 0.0166 0.921 0.00563 0.041 
540 2 0.0159 0.0168 0.92 0.00567 0.0412 
541 2 0.016 0.017 0.92 0.0057 0.0414 
542 2 0.0162 0.0171 0.919 0.00574 0.0415 
543 2 0.0163 0.0173 0.919 0.00577 0.0417 
544 2 0.0165 0.0174 0.918 0.0058 0.042 
545 2 0.0166 0.0176 0.918 0.00584 0.0422 
546 2 0.0168 0.0178 0.917 0.00587 0.0424 
547 2 0.017 0.018 0.917 0.00591 0.0426 
548 2 0.0171 0.0181 0.916 0.00595 0.0428 
549 2 0.0173 0.0183 0.915 0.00599 0.0431 
550 2 0.0175 0.0185 0.915 0.00603 0.0433 
551 2 0.0177 0.0187 0.914 0.00607 0.0435 
552 2 0.0178 0.0189 0.913 0.00611 0.0437 
553 2 0.018 0.0191 0.913 0.00614 0.0439 
554 2 0.0182 0.0193 0.912 0.00618 0.0442 
555 2 0.0184 0.0195 0.912 0.00622 0.0444 
556 2 0.0186 0.0197 0.911 0.00626 0.0446 
557 2 0.0188 0.02 0.91 0.00632 0.0449 
558 2 0.0191 0.0202 0.909 0.00637 0.0452 
559 2 0.0193 0.0205 0.908 0.00642 0.0454 
560 2 0.0195 0.0207 0.908 0.00646 0.0456 
561 2 0.0197 0.0209 0.907 0.0065 0.0458 
562 2 0.0198 0.0211 0.907 0.00652 0.046 
563 2 0.02 0.0212 0.906 0.00655 0.0461 
564 2 0.0201 0.0214 0.906 0.00658 0.0463 
565 2 0.0203 0.0216 0.905 0.00661 0.0465 
566 2 0.0205 0.0218 0.904 0.00665 0.0468 
567 2 0.0207 0.022 0.904 0.00669 0.047 
568 2 0.0209 0.0222 0.903 0.00673 0.0473 
569 2 0.0211 0.0224 0.902 0.00677 0.0475 
570 2 0.0213 0.0227 0.901 0.00682 0.0479 
571 2 0.0215 0.0229 0.901 0.00686 0.0481 
572 2 0.0218 0.0232 0.9 0.00691 0.0485 
573 2 0.022 0.0235 0.899 0.00696 0.0488 
574 2 0.0223 0.0238 0.898 0.00701 0.0492 
575 2 0.0226 0.0241 0.897 0.00707 0.0496 
576 2 0.0229 0.0244 0.896 0.00713 0.05 
577 2 0.0232 0.0247 0.894 0.0072 0.0504 
578 2 0.0236 0.0251 0.893 0.00727 0.0509 
579 2 0.0239 0.0255 0.892 0.00733 0.0513 
580 2 0.0242 0.0259 0.891 0.0074 0.0518 
581 2 0.0246 0.0263 0.889 0.00748 0.0522 
582 2 0.025 0.0267 0.888 0.00756 0.0528 
583 2 0.0253 0.0271 0.887 0.00761 0.0532 
584 2 0.0255 0.0272 0.886 0.00764 0.0534 
585 2 0.0256 0.0274 0.886 0.00767 0.0537 
586 2 0.0257 0.0275 0.885 0.00767 0.0539 
587 2 0.0256 0.0274 0.885 0.00765 0.054 
588 2 0.0257 0.0275 0.885 0.00765 0.0542 
589 2 0.0257 0.0275 0.885 0.00766 0.0545 
590 2 0.0258 0.0276 0.884 0.00767 0.0549 
591 2 0.0259 0.0278 0.883 0.00769 0.0553 
592 2 0.026 0.0279 0.883 0.00771 0.0557 
593 2 0.0262 0.0281 0.882 0.00773 0.0562 
594 2 0.0263 0.0282 0.881 0.00776 0.0568 
595 2 0.0265 0.0284 0.88 0.00779 0.0573 
596 2 0.0267 0.0286 0.879 0.00782 0.0579 
597 2 0.0268 0.0288 0.878 0.00786 0.0585 
598 2 0.027 0.029 0.877 0.00789 0.0591 
599 2 0.0272 0.0292 0.876 0.00793 0.0597 
600 2 0.0274 0.0294 0.875 0.00796 0.0603 
601 2 0.0276 0.0296 0.874 0.008 0.061 
602 2 0.0278 0.0298 0.873 0.00803 0.0616 
603 2 0.028 0.0301 0.872 0.00807 0.0623 
604 2 0.0282 0.0303 0.871 0.00811 0.0629 
605 2 0.0283 0.0305 0.869 0.00814 0.0636 
606 2 0.0285 0.0307 0.868 0.00817 0.0642 
607 2 0.0287 0.0309 0.867 0.00821 0.0649 
608 2 0.0289 0.0311 0.866 0.00824 0.0656 
609 2 0.0291 0.0314 0.865 0.00828 0.0663 
610 2 0.0291 0.0314 0.865 0.00827 0.0666 
611 2 0.0291 0.0314 0.864 0.00827 0.067 
612 2 0.0292 0.0314 0.864 0.00827 0.0674 
613 2 0.0292 0.0314 0.863 0.00826 0.0677 
614 2 0.0292 0.0315 0.863 0.00826 0.0681 
615 2 0.0292 0.0315 0.862 0.00826 0.0685 
616 2 0.0293 0.0316 0.862 0.00826 0.0689 
617 2 0.0293 0.0316 0.862 0.00826 0.0693 
618 2 0.0293 0.0317 0.861 0.00826 0.0697 
619 2 0.0294 0.0317 0.86 0.00827 0.0701 
620 2 0.0294 0.0318 0.86 0.00827 0.0706 
621 2 0.0295 0.0319 0.859 0.00827 0.071 
622 2 0.0296 0.0319 0.859 0.00828 0.0715 
623 2 0.0296 0.032 0.858 0.00829 0.0719 
624 2 0.0297 0.0321 0.857 0.00829 0.0724 
625 2 0.0298 0.0322 0.857 0.0083 0.0729 
626 2 0.0299 0.0323 0.856 0.00831 0.0733 
627 2 0.03 0.0324 0.855 0.00832 0.0738 
628 2 0.03 0.0325 0.855 0.00834 0.0743 
629 2 0.0301 0.0327 0.854 0.00835 0.0748 
630 2 0.0302 0.0328 0.853 0.00836 0.0753 
631 2 0.0303 0.0329 0.853 0.00837 0.0759 
632 2 0.0304 0.033 0.852 0.00838 0.0764 
633 2 0.0305 0.0331 0.851 0.00839 0.0769 
634 2 0.0306 0.0333 0.85 0.00841 0.0774 
635 2 0.0307 0.0334 0.85 0.00842 0.0779 
636 2 0.0308 0.0335 0.849 0.00843 0.0785 
637 2 0.0309 0.0337 0.848 0.00845 0.079 
638 2 0.031 0.0338 0.847 0.00846 0.0796 
639 2 0.0311 0.034 0.846 0.00848 0.0801 
640 2 0.0312 0.0341 0.845 0.0085 0.0807 
641 2 0.0313 0.0343 0.845 0.00852 0.0813 
642 2 0.0313 0.0343 0.844 0.0085 0.0816 
643 2 0.0313 0.0343 0.844 0.00849 0.0819 
644 2 0.0312 0.0343 0.844 0.00848 0.0822 
645 2 0.0312 0.0343 0.843 0.00847 0.0825 
646 2 0.0312 0.0344 0.843 0.00846 0.0829 
647 2 0.0311 0.0344 0.843 0.00845 0.0832 
648 2 0.0311 0.0344 0.843 0.00844 0.0835 
649 2 0.0311 0.0344 0.842 0.00843 0.0838 
650 2 0.031 0.0344 0.842 0.00842 0.0841 
651 2 0.031 0.0345 0.842 0.00841 0.0844 
652 2 0.0309 0.0345 0.841 0.0084 0.0847 
653 2 0.0309 0.0345 0.841 0.00839 0.085 
654 2 0.0309 0.0345 0.841 0.00838 0.0854 
655 2 0.0308 0.0346 0.841 0.00837 0.0857 
656 2 0.0308 0.0346 0.84 0.00836 0.086 
657 2 0.0307 0.0346 0.84 0.00835 0.0863 
658 2 0.0307 0.0347 0.84 0.00834 0.0866 
659 2 0.0307 0.0347 0.839 0.00834 0.0869 
660 2 0.0307 0.0348 0.839 0.00833 0.0872 
661 2 0.0306 0.0349 0.839 0.00832 0.0876 
662 2 0.0306 0.0349 0.838 0.00832 0.0879 
663 2 0.0306 0.035 0.838 0.00831 0.0882 
664 2 0.0305 0.035 0.838 0.0083 0.0885 
665 2 0.0305 0.0351 0.837 0.0083 0.0887 
666 2 0.0304 0.0352 0.837 0.00829 0.089 
667 2 0.0304 0.0352 0.837 0.00828 0.0893 
668 2 0.0304 0.0353 0.837 0.00827 0.0896 
669 2 0.0303 0.0353 0.836 0.00826 0.0898 
670 2 0.0303 0.0354 0.836 0.00826 0.09 
671 2 0.0302 0.0355 0.836 0.00825 0.0903 
672 2 0.0302 0.0355 0.836 0.00824 0.0905 
673 2 0.0301 0.0356 0.835 0.00823 0.0907 
674 2 0.0301 0.0357 0.835 0.00822 0.0909 
675 2 0.03 0.0357 0.835 0.00821 0.0911 
676 2 0.03 0.0358 0.835 0.00821 0.0913 
677 2 0.0299 0.0359 0.834 0.0082 0.0915 
678 2 0.0299 0.036 0.834 0.00819 0.0917 
679 2 0.0298 0.0361 0.834 0.00819 0.0919 
680 2 0.0298 0.0361 0.834 0.00818 0.092 
681 2 0.0298 0.0362 0.834 0.00817 0.0922 
682 2 0.0297 0.0363 0.833 0.00817 0.0924 
683 2 0.0297 0.0364 0.833 0.00816 0.0925 
684 2 0.0296 0.0365 0.833 0.00815 0.0926 
685 2 0.0296 0.0366 0.833 0.00814 0.0927 
686 2 0.0295 0.0367 0.833 0.00814 0.0928 
687 2 0.0295 0.0368 0.833 0.00813 0.0929 
688 2 0.0294 0.0369 0.832 0.00812 0.093 
689 2 0.0294 0.037 0.832 0.00811 0.0931 
690 2 0.0293 0.0371 0.832 0.0081 0.0932 
691 2 0.0293 0.0372 0.832 0.0081 0.0933 
692 2 0.0292 0.0373 0.832 0.00809 0.0933 
693 2 0.0292 0.0375 0.832 0.00809 0.0934 
694 2 0.0292 0.0376 0.832 0.00808 0.0935 
695 2 0.0291 0.0377 0.831 0.00808 0.0936 
696 2 0.0291 0.0379 0.831 0.00807 0.0937 
697 2 0.0291 0.038 0.831 0.00807 0.0938 
698 2 0.029 0.0382 0.831 0.00807 0.0939 
699 2 0.029 0.0384 0.831 0.00807 0.094 
700 2 0.029 0.0386 0.83 0.00807 0.0941 
701 2 0.029 0.0388 0.83 0.00807 0.0942 
702 2 0.029 0.039 0.83 0.00807 0.0943 
703 2 0.0289 0.0392 0.829 0.00807 0.0944 
704 2 0.0289 0.0394 0.829 0.00807 0.0945 
705 2 0.0289 0.0396 0.829 0.00808 0.0947 
706 2 0.0289 0.0399 0.828 0.00808 0.0948 
707 2 0.0292 0.0406 0.827 0.00814 0.0955 
708 2 0.0292 0.0408 0.826 0.00814 0.0955 
709 2 0.0294 0.0415 0.825 0.0082 0.0962 
710 2 0.0296 0.0422 0.823 0.00826 0.0968 
711 2 0.0299 0.043 0.821 0.00832 0.0974 
712 2 0.0302 0.0438 0.82 0.00838 0.098 
713 2 0.0304 0.0445 0.818 0.00843 0.0986 
714 2 0.0306 0.0453 0.816 0.00849 0.0992 
715 2 0.0309 0.0462 0.815 0.00855 0.0998 
716 2 0.0311 0.0471 0.813 0.00861 0.1 
717 2 0.0314 0.048 0.811 0.00868 0.101 
718 2 0.0316 0.049 0.809 0.00874 0.102 
719 2 0.0319 0.05 0.807 0.00881 0.103 
720 2 0.0322 0.0512 0.804 0.00889 0.103 
721 2 0.0325 0.0523 0.802 0.00897 0.104 
722 2 0.0328 0.0536 0.799 0.00904 0.105 
723 2 0.0331 0.0549 0.797 0.00913 0.106 
724 2 0.0335 0.0563 0.794 0.00921 0.107 
725 2 0.0338 0.0577 0.791 0.0093 0.108 
726 2 0.0342 0.0593 0.788 0.0094 0.109 
727 2 0.0345 0.0609 0.785 0.0095 0.11 
728 2 0.0349 0.0625 0.782 0.00959 0.111 
729 2 0.0352 0.0643 0.779 0.00969 0.112 
730 2 0.0356 0.066 0.775 0.00978 0.113 
731 2 0.036 0.0679 0.772 0.00988 0.114 
732 2 0.0363 0.0699 0.768 0.00998 0.116 
733 2 0.0367 0.072 0.765 0.0101 0.117 
734 2 0.0371 0.0741 0.761 0.0102 0.118 
735 2 0.0375 0.0763 0.757 0.0103 0.119 
736 2 0.0379 0.0787 0.753 0.0104 0.12 
737 2 0.0383 0.0811 0.748 0.0105 0.122 
738 2 0.0387 0.0837 0.744 0.0106 0.123 
739 2 0.0392 0.0864 0.739 0.0108 0.124 
740 2 0.0395 0.0892 0.735 0.0109 0.126 
741 2 0.0399 0.0922 0.73 0.011 0.127 
742 2 0.0403 0.0953 0.725 0.0111 0.128 
743 2 0.0407 0.0985 0.72 0.0112 0.13 
744 2 0.0411 0.102 0.714 0.0113 0.131 
745 2 0.0415 0.106 0.709 0.0115 0.132 
746 2 0.0419 0.109 0.703 0.0116 0.134 
747 2 0.0423 0.113 0.697 0.0117 0.135 
748 2 0.0427 0.118 0.691 0.0118 0.137 
749 2 0.0431 0.122 0.685 0.012 0.138 
750 2 0.0435 0.127 0.678 0.0121 0.14 
751 2 0.0439 0.132 0.671 0.0122 0.141 
752 2 0.0443 0.137 0.664 0.0124 0.142 
753 2 0.0447 0.142 0.657 0.0125 0.144 
754 2 0.0461 0.151 0.644 0.0128 0.146 
755 2 0.0465 0.157 0.636 0.0129 0.147 
756 2 0.0467 0.164 0.628 0.013 0.149 
757 2 0.0481 0.174 0.614 0.0133 0.151 
758 2 0.0482 0.181 0.606 0.0134 0.152 
759 2 0.0494 0.192 0.592 0.0137 0.153 
760 2 0.0494 0.199 0.583 0.0138 0.154 
761 2 0.0493 0.207 0.575 0.0138 0.155 
762 2 0.0503 0.219 0.561 0.014 0.156 
763 2 0.05 0.226 0.554 0.0141 0.156 
764 2 0.0497 0.232 0.548 0.014 0.156 
765 2 0.0503 0.241 0.538 0.0142 0.157 
766 2 0.0498 0.244 0.535 0.0142 0.157 
767 2 0.0503 0.25 0.528 0.0143 0.158 
768 2 0.0497 0.251 0.527 0.0142 0.158 
769 2 0.05 0.255 0.522 0.0143 0.159 
770 2 0.0493 0.254 0.523 0.0142 0.159 
771 2 0.0495 0.257 0.52 0.0142 0.159 
772 2 0.0487 0.255 0.523 0.0141 0.16 
773 2 0.0477 0.251 0.528 0.014 0.16 
774 2 0.0478 0.25 0.527 0.014 0.161 
775 2 0.0469 0.245 0.533 0.0139 0.161 
776 2 0.0468 0.242 0.535 0.0139 0.162 
777 2 0.0458 0.235 0.543 0.0137 0.162 
778 2 0.0457 0.232 0.546 0.0137 0.163 
779 2 0.0456 0.229 0.548 0.0136 0.164 
780 2 0.0445 0.221 0.557 0.0134 0.164 
781 2 0.0442 0.217 0.561 0.0134 0.165 
782 2 0.0438 0.212 0.566 0.0133 0.165 
783 2 0.0435 0.207 0.57 0.0133 0.166 
784 2 0.0432 0.203 0.574 0.0132 0.166 
785 2 0.0429 0.201 0.576 0.0132 0.167 
786 2 0.0426 0.199 0.578 0.0131 0.167 
787 2 0.0423 0.197 0.58 0.0131 0.168 
788 2 0.042 0.196 0.581 0.0131 0.168 
789 2 0.0418 0.195 0.582 0.013 0.169 
790 2 0.0415 0.195 0.581 0.013 0.169 
791 2 0.0413 0.196 0.58 0.013 0.17 
792 2 0.0411 0.198 0.577 0.013 0.171 
793 2 0.041 0.201 0.573 0.013 0.171 
794 2 0.0409 0.207 0.567 0.0131 0.172 
795 2 0.0408 0.213 0.56 0.0131 0.173 
796 2 0.0408 0.221 0.551 0.0132 0.173 
797 2 0.0407 0.23 0.542 0.0132 0.174 
798 2 0.0406 0.24 0.532 0.0133 0.174 
799 2 0.0405 0.251 0.521 0.0133 0.174 
800 2 0.0404 0.263 0.509 0.0134 0.174 
801 2 0.0402 0.275 0.497 0.0134 0.174 
802 2 0.0399 0.288 0.485 0.0134 0.174 
803 2 0.0397 0.301 0.472 0.0134 0.173 
804 2 0.0394 0.316 0.459 0.0134 0.172 
805 2 0.039 0.33 0.446 0.0134 0.171 
806 2 0.0386 0.345 0.433 0.0133 0.17 
807 2 0.0382 0.361 0.419 0.0133 0.168 
808 2 0.0377 0.378 0.405 0.0132 0.166 
809 1 0.0372 0.395 0.391 0.0131 0.164 
810 1 0.0367 0.413 0.376 0.013 0.162 
811 1 0.0361 0.432 0.361 0.0129 0.159 
812 1 0.0355 0.45 0.346 0.0128 0.156 
813 1 0.0349 0.469 0.331 0.0126 0.152 
814 1 0.0342 0.489 0.316 0.0125 0.149 
815 1 0.0336 0.508 0.301 0.0123 0.145 
816 1 0.0329 0.527 0.287 0.0121 0.141 
817 1 0.0321 0.546 0.273 0.0119 0.137 
818 1 0.0314 0.564 0.26 0.0117 0.133 
819 1 0.0307 0.582 0.247 0.0114 0.129 
820 1 0.03 0.6 0.235 0.0112 0.125 
821 1 0.0292 0.616 0.223 0.011 0.12 
822 1 0.0285 0.632 0.212 0.0108 0.116 
823 1 0.0278 0.648 0.202 0.0105 0.112 
824 1 0.0271 0.662 0.192 0.0103 0.108 
825 1 0.0264 0.676 0.183 0.0101 0.105 
826 1 0.0258 0.689 0.174 0.00986 0.101 
827 1 0.0251 0.702 0.166 0.00965 0.0976 
828 1 0.0245 0.714 0.158 0.00943 0.0943 
829 1 0.0239 0.725 0.151 0.00923 0.0911 
830 1 0.0233 0.735 0.145 0.00902 0.088 
831 1 0.0227 0.745 0.138 0.00882 0.085 
832 1 0.0222 0.755 0.132 0.00863 0.0822 
833 1 0.0216 0.764 0.127 0.00845 0.0795 
834 1 0.0211 0.772 0.122 0.00826 0.0769 
835 1 0.0206 0.78 0.117 0.00808 0.0744 
836 1 0.0201 0.788 0.112 0.00791 0.0719 
837 1 0.0196 0.796 0.108 0.00773 0.0696 
838 1 0.0191 0.803 0.103 0.00757 0.0674 
839 1 0.0187 0.809 0.0993 0.0074 0.0652 
840 1 0.0182 0.816 0.0956 0.00725 0.0632 
841 1 0.0178 0.822 0.092 0.00709 0.0612 
842 1 0.0174 0.827 0.0888 0.00695 0.0594 
843 1 0.017 0.833 0.0858 0.00681 0.0578 
844 1 0.0166 0.837 0.0831 0.00669 0.0562 
845 1 0.0163 0.842 0.0806 0.00657 0.0548 
846 1 0.016 0.846 0.0783 0.00646 0.0535 
847 1 0.0157 0.85 0.0761 0.00635 0.0522 
848 1 0.0154 0.853 0.074 0.00624 0.051 
849 1 0.0151 0.857 0.072 0.00614 0.0498 
850 1 0.0148 0.86 0.0701 0.00605 0.0487 
851 1 0.0146 0.864 0.0683 0.00595 0.0476 
852 1 0.0143 0.867 0.0666 0.00586 0.0466 
853 1 0.014 0.87 0.065 0.00577 0.0456 
854 1 0.0138 0.873 0.0634 0.00568 0.0446 
855 1 0.0135 0.875 0.0618 0.00559 0.0437 
856 1 0.0133 0.878 0.0602 0.0055 0.0427 
857 1 0.0131 0.881 0.059 0.00543 0.0419 
858 1 0.0129 0.882 0.058 0.00538 0.0413 
859 1 0.0128 0.884 0.0571 0.00532 0.0408 
860 1 0.0127 0.885 0.0563 0.00528 0.0403 
861 1 0.0125 0.887 0.0557 0.00524 0.0399 
862 1 0.0124 0.888 0.0551 0.00521 0.0395 
863 1 0.0123 0.889 0.0546 0.00518 0.0392 
864 1 0.0123 0.889 0.0541 0.00515 0.039 
865 1 0.0122 0.89 0.0537 0.00513 0.0387 
866 1 0.0121 0.891 0.0534 0.00511 0.0385 
867 1 0.0121 0.891 0.0531 0.0051 0.0383 
868 1 0.012 0.892 0.0528 0.00508 0.0382 
869 1 0.012 0.892 0.0526 0.00507 0.0381 
870 1 0.0119 0.893 0.0524 0.00506 0.038 
871 1 0.0119 0.893 0.0523 0.00505 0.0379 
872 1 0.0118 0.893 0.0522 0.00505 0.0378 
873 1 0.0118 0.893 0.0522 0.00505 0.0378 
874 1 0.0118 0.893 0.0523 0.00505 0.0379 
875 1 0.0118 0.893 0.0523 0.00505 0.0379 
876 1 0.0118 0.893 0.0524 0.00506 0.038 
877 1 0.0118 0.892 0.0526 0.00506 0.0381 
878 1 0.0118 0.892 0.0528 0.00507 0.0382 
879 1 0.0118 0.892 0.053 0.00509 0.0384 
880 1 0.0118 0.891 0.0533 0.0051 0.0386 
881 1 0.0118 0.891 0.0536 0.00512 0.0388 
882 1 0.0119 0.89 0.054 0.00515 0.039 
883 1 0.0119 0.889 0.0543 0.00517 0.0393 
884 1 0.012 0.889 0.0547 0.0052 0.0395 
885 1 0.012 0.888 0.0551 0.00523 0.0398 
886 1 0.0121 0.887 0.0555 0.00526 0.04 
887 1 0.0121 0.886 0.0559 0.00529 0.0403 
888 1 0.0122 0.886 0.0562 0.00532 0.0406 
889 1 0.0123 0.885 0.0566 0.00536 0.0409 
890 1 0.0124 0.884 0.057 0.00539 0.0411 
891 1 0.0124 0.883 0.0573 0.00543 0.0414 
892 1 0.0125 0.883 0.0576 0.00546 0.0416 
893 1 0.0126 0.882 0.0579 0.00549 0.0418 
894 1 0.0126 0.882 0.0581 0.00552 0.042 
895 1 0.0127 0.881 0.0582 0.00555 0.0421 
896 1 0.0127 0.881 0.0583 0.00557 0.0422 
897 1 0.0128 0.881 0.0583 0.00559 0.0422 
898 1 0.0128 0.881 0.0583 0.00562 0.0423 
899 1 0.0129 0.881 0.0583 0.00564 0.0423 
900 1 0.013 0.881 0.0583 0.00566 0.0424 
901 1 0.013 0.881 0.0583 0.00569 0.0424 
902 1 0.0131 0.881 0.0583 0.00571 0.0424 
903 1 0.0131 0.88 0.0583 0.00574 0.0425 
904 1 0.0132 0.88 0.0582 0.00577 0.0425 
905 1 0.0133 0.88 0.0582 0.00579 0.0425 
906 1 0.0133 0.88 0.0582 0.00582 0.0426 
907 1 0.0134 0.88 0.0581 0.00584 0.0426 
908 1 0.0135 0.88 0.0581 0.00587 0.0426 
909 1 0.0135 0.88 0.0581 0.0059 0.0426 
910 1 0.0136 0.88 0.058 0.00593 0.0426 
911 1 0.0137 0.88 0.0579 0.00596 0.0426 
912 1 0.0138 0.88 0.0578 0.00599 0.0426 
913 1 0.0139 0.88 0.0576 0.00602 0.0425 
914 1 0.014 0.88 0.0574 0.00606 0.0425 
915 1 0.0141 0.88 0.0573 0.0061 0.0425 
916 1 0.0143 0.88 0.0572 0.00614 0.0424 
917 1 0.0144 0.88 0.0571 0.00619 0.0424 
918 1 0.0146 0.88 0.057 0.00624 0.0424 
919 1 0.0147 0.88 0.0568 0.00628 0.0424 
920 1 0.0149 0.88 0.0567 0.00633 0.0423 
921 1 0.015 0.88 0.0564 0.00637 0.0422 
922 1 0.0152 0.88 0.0562 0.00641 0.0421 
923 1 0.0154 0.88 0.056 0.00647 0.0421 
924 1 0.0156 0.88 0.0557 0.00653 0.042 
925 1 0.0158 0.88 0.0554 0.00658 0.0418 
926 1 0.016 0.881 0.055 0.00663 0.0417 
927 1 0.0162 0.881 0.0548 0.0067 0.0416 
928 1 0.0165 0.881 0.0545 0.00676 0.0415 
929 1 0.0167 0.881 0.0542 0.00683 0.0414 
930 1 0.0169 0.881 0.0539 0.00688 0.0412 
931 1 0.017 0.882 0.0533 0.0069 0.0408 
932 1 0.017 0.883 0.0524 0.00688 0.0403 
933 1 0.0169 0.885 0.0515 0.00683 0.0397 
934 1 0.0167 0.887 0.0504 0.00677 0.039 
935 1 0.0166 0.889 0.0493 0.00671 0.0382 
936 1 0.0164 0.891 0.0483 0.00665 0.0376 
937 1 0.0163 0.893 0.0474 0.00659 0.0369 
938 1 0.0162 0.895 0.0465 0.00653 0.0363 
939 1 0.016 0.896 0.0456 0.00648 0.0357 
940 1 0.0159 0.898 0.0448 0.00643 0.0352 
941 1 0.0158 0.899 0.044 0.00638 0.0346 
942 1 0.0156 0.901 0.0432 0.00632 0.0341 
943 1 0.0154 0.902 0.0424 0.00625 0.0335 
944 1 0.0152 0.904 0.0415 0.00617 0.0329 
945 1 0.015 0.906 0.0407 0.0061 0.0323 
946 1 0.0148 0.908 0.0399 0.00602 0.0317 
947 1 0.0146 0.909 0.0391 0.00595 0.0312 
948 1 0.0144 0.911 0.0385 0.00588 0.0307 
949 1 0.0142 0.912 0.0379 0.00582 0.0303 
950 1 0.0141 0.913 0.0374 0.00577 0.03 
951 1 0.0139 0.914 0.037 0.00573 0.0297 
952 1 0.0138 0.915 0.0366 0.00568 0.0294 
953 1 0.0137 0.915 0.0363 0.00565 0.0291 
954 1 0.0135 0.916 0.036 0.00561 0.0289 
955 1 0.0134 0.917 0.0357 0.00558 0.0287 
956 1 0.0133 0.917 0.0355 0.00555 0.0286 
957 1 0.0132 0.918 0.0353 0.00552 0.0284 
958 1 0.0131 0.918 0.0351 0.0055 0.0283 
959 1 0.0131 0.918 0.035 0.00549 0.0283 
960 1 0.013 0.918 0.0349 0.00548 0.0282 
961 1 0.013 0.919 0.0348 0.00547 0.0281 
962 1 0.013 0.919 0.0348 0.00546 0.0281 
963 1 0.0129 0.919 0.0347 0.00546 0.0281 
964 1 0.0129 0.919 0.0347 0.00546 0.0281 
965 1 0.0129 0.919 0.0347 0.00547 0.0281 
966 1 0.0129 0.919 0.0347 0.00547 0.0281 
967 1 0.0129 0.919 0.0347 0.00549 0.0282 
968 1 0.0129 0.919 0.0347 0.0055 0.0282 
969 1 0.013 0.918 0.0348 0.00552 0.0282 
970 1 0.013 0.918 0.0348 0.00553 0.0283 
971 1 0.0131 0.918 0.0349 0.00555 0.0284 
972 1 0.0131 0.918 0.0349 0.00558 0.0284 
973 1 0.0131 0.918 0.0349 0.00559 0.0285 
974 1 0.0132 0.918 0.0349 0.00561 0.0285 
975 1 0.0132 0.918 0.0349 0.00562 0.0285 
976 1 0.0132 0.918 0.0348 0.00563 0.0284 
977 1 0.0132 0.918 0.0346 0.00563 0.0284 
978 1 0.0132 0.918 0.0345 0.00564 0.0283 
979 1 0.0132 0.919 0.0344 0.00564 0.0282 
