0 0 0.2 0.2 0.2 0.2 0.2 
1 4 0.194 0.201 0.203 0.199 0.203 
2 4 0.192 0.2 0.205 0.198 0.205 
3 4 0.192 0.2 0.205 0.198 0.205 
4 4 0.192 0.2 0.205 0.198 0.205 
5 4 0.192 0.2 0.205 0.198 0.206 
6 4 0.192 0.2 0.205 0.198 0.206 
7 4 0.192 0.2 0.205 0.198 0.206 
8 4 0.192 0.199 0.205 0.198 0.206 
9 4 0.191 0.199 0.205 0.197 0.206 
10 4 0.191 0.199 0.205 0.197 0.207 
11 4 0.191 0.199 0.205 0.197 0.207 
12 4 0.191 0.199 0.206 0.197 0.207 
13 4 0.191 0.199 0.206 0.197 0.207 
14 4 0.191 0.199 0.206 0.197 0.208 
15 4 0.191 0.199 0.206 0.197 0.208 
16 4 0.191 0.199 0.206 0.197 0.208 
17 4 0.19 0.199 0.206 0.197 0.209 
18 4 0.19 0.198 0.206 0.197 0.209 
19 4 0.19 0.198 0.206 0.196 0.209 
20 4 0.19 0.198 0.206 0.196 0.21 
21 4 0.19 0.198 0.206 0.196 0.21 
22 4 0.19 0.198 0.206 0.196 0.21 
23 4 0.189 0.198 0.206 0.196 0.211 
24 4 0.189 0.198 0.206 0.196 0.211 
25 4 0.189 0.197 0.206 0.195 0.212 
26 4 0.189 0.197 0.206 0.195 0.212 
27 4 0.189 0.197 0.206 0.195 0.213 
28 4 0.188 0.197 0.207 0.195 0.213 
29 4 0.188 0.197 0.207 0.195 0.214 
30 4 0.188 0.196 0.207 0.195 0.215 
31 4 0.188 0.196 0.207 0.194 0.215 
32 4 0.187 0.196 0.207 0.194 0.216 
33 4 0.187 0.195 0.207 0.194 0.217 
34 4 0.187 0.195 0.207 0.193 0.218 
35 4 0.187 0.194 0.206 0.193 0.22 
36 4 0.186 0.193 0.206 0.193 0.221 
37 4 0.186 0.192 0.206 0.193 0.223 
38 4 0.185 0.191 0.206 0.192 0.225 
39 4 0.185 0.189 0.206 0.192 0.228 
40 4 0.184 0.187 0.206 0.191 0.232 
41 4 0.184 0.183 0.205 0.19 0.237 
42 4 0.183 0.179 0.204 0.189 0.245 
43 4 0.181 0.174 0.202 0.187 0.256 
44 4 0.178 0.168 0.2 0.184 0.27 
45 4 0.175 0.162 0.196 0.181 0.287 
46 4 0.171 0.155 0.192 0.177 0.306 
47 4 0.166 0.148 0.187 0.172 0.326 
48 4 0.162 0.141 0.181 0.167 0.348 
49 4 0.156 0.134 0.175 0.162 0.372 
50 4 0.151 0.127 0.169 0.156 0.397 
51 4 0.145 0.12 0.162 0.15 0.423 
52 4 0.139 0.114 0.155 0.143 0.449 
53 4 0.132 0.107 0.148 0.136 0.476 
54 4 0.126 0.1 0.141 0.13 0.504 
55 4 0.119 0.094 0.133 0.123 0.531 
56 4 0.113 0.088 0.126 0.116 0.557 
57 4 0.106 0.0823 0.119 0.109 0.583 
58 4 0.1 0.0769 0.112 0.103 0.608 
59 4 0.0941 0.0719 0.105 0.097 0.632 
60 4 0.0886 0.0672 0.0989 0.0912 0.654 
61 4 0.0833 0.0628 0.0929 0.0857 0.675 
62 4 0.0783 0.0588 0.0874 0.0806 0.695 
63 4 0.0737 0.0551 0.0822 0.0758 0.713 
64 4 0.0694 0.0516 0.0773 0.0714 0.73 
65 4 0.0654 0.0485 0.0728 0.0672 0.746 
66 4 0.0617 0.0456 0.0686 0.0634 0.761 
67 4 0.0582 0.0429 0.0647 0.0598 0.774 
68 4 0.0549 0.0403 0.061 0.0564 0.787 
69 4 0.0517 0.0379 0.0574 0.0531 0.8 
70 4 0.0487 0.0357 0.054 0.05 0.812 
71 4 0.0462 0.0338 0.0513 0.0474 0.821 
72 4 0.0441 0.0322 0.0489 0.0453 0.829 
73 4 0.0422 0.0308 0.0468 0.0433 0.837 
74 4 0.0405 0.0295 0.0449 0.0415 0.844 
75 4 0.0389 0.0282 0.0431 0.0399 0.85 
76 4 0.0374 0.0271 0.0415 0.0384 0.856 
77 4 0.0361 0.0261 0.04 0.037 0.861 
78 4 0.0348 0.0251 0.0385 0.0357 0.866 
79 4 0.0336 0.0242 0.0372 0.0345 0.87 
80 4 0.0325 0.0234 0.036 0.0333 0.875 
81 4 0.0315 0.0226 0.0348 0.0322 0.879 
82 4 0.0305 0.0219 0.0338 0.0312 0.883 
83 4 0.0296 0.0212 0.0327 0.0303 0.886 
84 4 0.0287 0.0205 0.0317 0.0294 0.89 
85 4 0.0279 0.0199 0.0308 0.0285 0.893 
86 4 0.0272 0.0194 0.0301 0.0278 0.896 
87 4 0.0266 0.019 0.0295 0.0273 0.898 
88 4 0.0262 0.0186 0.029 0.0268 0.9 
89 4 0.0257 0.0182 0.0285 0.0263 0.901 
90 4 0.0253 0.0179 0.028 0.0259 0.903 
91 4 0.0249 0.0176 0.0276 0.0255 0.904 
92 4 0.0245 0.0173 0.0272 0.0251 0.906 
93 4 0.0241 0.017 0.0267 0.0247 0.908 
94 4 0.0237 0.0166 0.0263 0.0243 0.909 
95 4 0.0233 0.0163 0.0259 0.0239 0.911 
96 4 0.023 0.0161 0.0255 0.0235 0.912 
97 4 0.0227 0.0158 0.0252 0.0232 0.913 
98 4 0.0224 0.0156 0.0249 0.0229 0.914 
99 4 0.0221 0.0154 0.0246 0.0226 0.915 
100 4 0.0219 0.0152 0.0243 0.0224 0.916 
101 4 0.0216 0.015 0.024 0.0221 0.917 
102 4 0.0214 0.0148 0.0238 0.0219 0.918 
103 4 0.0212 0.0146 0.0236 0.0216 0.919 
104 4 0.0209 0.0144 0.0233 0.0214 0.92 
105 4 0.0207 0.0142 0.0231 0.0212 0.921 
106 4 0.0205 0.0141 0.0229 0.021 0.922 
107 4 0.0203 0.0139 0.0227 0.0208 0.922 
108 4 0.0201 0.0137 0.0224 0.0206 0.923 
109 4 0.0199 0.0136 0.0222 0.0203 0.924 
110 4 0.0197 0.0134 0.022 0.0201 0.925 
111 4 0.0194 0.0132 0.0217 0.0198 0.926 
112 4 0.0191 0.013 0.0214 0.0196 0.927 
113 4 0.0189 0.0128 0.0211 0.0193 0.928 
114 4 0.0186 0.0126 0.0208 0.019 0.929 
115 4 0.0184 0.0124 0.0206 0.0188 0.93 
116 4 0.0182 0.0123 0.0203 0.0186 0.931 
117 4 0.018 0.0121 0.0201 0.0184 0.931 
118 4 0.0178 0.012 0.0199 0.0182 0.932 
119 4 0.0176 0.0118 0.0197 0.018 0.933 
120 4 0.0174 0.0117 0.0195 0.0178 0.934 
121 4 0.0172 0.0115 0.0193 0.0176 0.934 
122 4 0.0171 0.0114 0.0192 0.0174 0.935 
123 4 0.0169 0.0113 0.019 0.0173 0.936 
124 4 0.0168 0.0112 0.0188 0.0171 0.936 
125 4 0.0166 0.0111 0.0187 0.017 0.937 
126 4 0.0165 0.011 0.0185 0.0168 0.937 
127 4 0.0163 0.0109 0.0184 0.0167 0.938 
128 4 0.0162 0.0108 0.0183 0.0166 0.938 
129 4 0.0161 0.0107 0.0181 0.0165 0.939 
130 4 0.016 0.0106 0.018 0.0163 0.939 
131 4 0.0159 0.0105 0.0179 0.0162 0.94 
132 4 0.0158 0.0104 0.0178 0.0161 0.94 
133 4 0.0156 0.0103 0.0177 0.016 0.94 
134 4 0.0155 0.0102 0.0176 0.0159 0.941 
135 4 0.0154 0.0101 0.0175 0.0158 0.941 
136 4 0.0153 0.0101 0.0174 0.0157 0.942 
137 4 0.0152 0.00998 0.0173 0.0156 0.942 
138 4 0.0152 0.00991 0.0172 0.0155 0.942 
139 4 0.0151 0.00983 0.0171 0.0154 0.943 
140 4 0.015 0.00976 0.017 0.0153 0.943 
141 4 0.0149 0.00969 0.0169 0.0152 0.943 
142 4 0.0148 0.00962 0.0168 0.0151 0.944 
143 4 0.0147 0.00956 0.0168 0.0151 0.944 
144 4 0.0146 0.00949 0.0167 0.015 0.944 
145 4 0.0146 0.00943 0.0166 0.0149 0.945 
146 4 0.0145 0.00936 0.0165 0.0148 0.945 
147 4 0.0144 0.0093 0.0165 0.0147 0.945 
148 4 0.0143 0.00924 0.0164 0.0147 0.945 
149 4 0.0143 0.00918 0.0163 0.0146 0.946 
150 4 0.0142 0.00913 0.0163 0.0145 0.946 
151 4 0.0141 0.00907 0.0162 0.0145 0.946 
152 4 0.0141 0.00901 0.0161 0.0144 0.946 
153 4 0.014 0.00896 0.0161 0.0143 0.947 
154 4 0.0139 0.00891 0.016 0.0143 0.947 
155 4 0.0139 0.00886 0.0159 0.0142 0.947 
156 4 0.0138 0.0088 0.0159 0.0141 0.947 
157 4 0.0138 0.00875 0.0158 0.0141 0.948 
158 4 0.0137 0.0087 0.0158 0.014 0.948 
159 4 0.0136 0.00866 0.0157 0.0139 0.948 
160 4 0.0136 0.00861 0.0157 0.0139 0.948 
161 4 0.0135 0.00856 0.0156 0.0138 0.948 
162 4 0.0135 0.00851 0.0156 0.0138 0.949 
163 4 0.0134 0.00847 0.0155 0.0137 0.949 
164 4 0.0134 0.00842 0.0155 0.0137 0.949 
165 4 0.0133 0.00838 0.0154 0.0136 0.949 
166 4 0.0133 0.00834 0.0154 0.0136 0.949 
167 4 0.0132 0.00829 0.0154 0.0135 0.95 
168 4 0.0132 0.00825 0.0153 0.0135 0.95 
169 4 0.0131 0.00821 0.0153 0.0134 0.95 
170 4 0.0131 0.00817 0.0152 0.0134 0.95 
171 4 0.013 0.00813 0.0152 0.0133 0.95 
172 4 0.013 0.00809 0.0151 0.0133 0.951 
173 4 0.0129 0.00805 0.0151 0.0132 0.951 
174 4 0.0129 0.00801 0.0151 0.0132 0.951 
175 4 0.0128 0.00798 0.015 0.0131 0.951 
176 4 0.0128 0.00794 0.015 0.0131 0.951 
177 4 0.0128 0.0079 0.015 0.013 0.951 
178 4 0.0127 0.00787 0.0149 0.013 0.951 
179 4 0.0127 0.00783 0.0149 0.013 0.952 
180 4 0.0126 0.0078 0.0149 0.0129 0.952 
181 4 0.0126 0.00776 0.0148 0.0129 0.952 
182 4 0.0125 0.00773 0.0148 0.0128 0.952 
183 4 0.0125 0.00769 0.0148 0.0128 0.952 
184 4 0.0125 0.00766 0.0147 0.0128 0.952 
185 4 0.0124 0.00763 0.0147 0.0127 0.953 
186 4 0.0124 0.00759 0.0147 0.0127 0.953 
187 4 0.0124 0.00756 0.0146 0.0126 0.953 
188 4 0.0123 0.00753 0.0146 0.0126 0.953 
189 4 0.0123 0.0075 0.0146 0.0126 0.953 
190 4 0.0122 0.00746 0.0146 0.0125 0.953 
191 4 0.0122 0.00743 0.0145 0.0125 0.953 
192 4 0.0122 0.0074 0.0145 0.0124 0.953 
193 4 0.0121 0.00737 0.0145 0.0124 0.954 
194 4 0.0121 0.00734 0.0144 0.0124 0.954 
195 4 0.0121 0.00731 0.0144 0.0123 0.954 
196 4 0.012 0.00728 0.0144 0.0123 0.954 
197 4 0.012 0.00725 0.0144 0.0123 0.954 
198 4 0.012 0.00722 0.0143 0.0122 0.954 
199 4 0.0119 0.0072 0.0143 0.0122 0.954 
200 4 0.0119 0.00717 0.0143 0.0122 0.954 
201 4 0.0119 0.00714 0.0143 0.0121 0.955 
202 4 0.0118 0.00711 0.0142 0.0121 0.955 
203 4 0.0118 0.00708 0.0142 0.0121 0.955 
204 4 0.0118 0.00706 0.0142 0.012 0.955 
205 4 0.0117 0.00703 0.0142 0.012 0.955 
206 4 0.0117 0.007 0.0141 0.012 0.955 
207 4 0.0117 0.00698 0.0141 0.0119 0.955 
208 4 0.0117 0.00695 0.0141 0.0119 0.955 
209 4 0.0116 0.00692 0.0141 0.0119 0.956 
210 4 0.0116 0.0069 0.014 0.0119 0.956 
211 4 0.0116 0.00687 0.014 0.0118 0.956 
212 4 0.0115 0.00685 0.014 0.0118 0.956 
213 4 0.0115 0.00682 0.014 0.0118 0.956 
214 4 0.0115 0.0068 0.0139 0.0117 0.956 
215 4 0.0114 0.00677 0.0139 0.0117 0.956 
216 4 0.0114 0.00675 0.0139 0.0117 0.956 
217 4 0.0114 0.00672 0.0139 0.0116 0.956 
218 4 0.0114 0.0067 0.0138 0.0116 0.956 
219 4 0.0113 0.00668 0.0138 0.0116 0.957 
220 4 0.0113 0.00665 0.0138 0.0116 0.957 
221 4 0.0113 0.00663 0.0138 0.0115 0.957 
222 4 0.0113 0.0066 0.0138 0.0115 0.957 
223 4 0.0112 0.00658 0.0137 0.0115 0.957 
224 4 0.0112 0.00656 0.0137 0.0115 0.957 
225 4 0.0112 0.00654 0.0137 0.0114 0.957 
226 4 0.0111 0.00651 0.0137 0.0114 0.957 
227 4 0.0111 0.00649 0.0137 0.0114 0.957 
228 4 0.0111 0.00647 0.0136 0.0113 0.957 
229 4 0.0111 0.00645 0.0136 0.0113 0.958 
230 4 0.011 0.00642 0.0136 0.0113 0.958 
231 4 0.011 0.0064 0.0136 0.0113 0.958 
232 4 0.011 0.00638 0.0136 0.0112 0.958 
233 4 0.011 0.00636 0.0135 0.0112 0.958 
234 4 0.0109 0.00634 0.0135 0.0112 0.958 
235 4 0.0109 0.00632 0.0135 0.0112 0.958 
236 4 0.0109 0.0063 0.0135 0.0111 0.958 
237 4 0.0109 0.00628 0.0135 0.0111 0.958 
238 4 0.0108 0.00625 0.0134 0.0111 0.958 
239 4 0.0108 0.00623 0.0134 0.0111 0.958 
240 4 0.0108 0.00621 0.0134 0.011 0.959 
241 4 0.0108 0.00619 0.0134 0.011 0.959 
242 4 0.0108 0.00617 0.0134 0.011 0.959 
243 4 0.0107 0.00615 0.0133 0.011 0.959 
244 4 0.0107 0.00613 0.0133 0.011 0.959 
245 4 0.0107 0.00611 0.0133 0.0109 0.959 
246 4 0.0107 0.00609 0.0133 0.0109 0.959 
247 4 0.0106 0.00608 0.0133 0.0109 0.959 
248 4 0.0106 0.00606 0.0132 0.0109 0.959 
249 4 0.0106 0.00604 0.0132 0.0108 0.959 
250 4 0.0106 0.00602 0.0132 0.0108 0.959 
251 4 0.0105 0.006 0.0132 0.0108 0.959 
252 4 0.0105 0.00598 0.0132 0.0108 0.96 
253 4 0.0105 0.00596 0.0132 0.0107 0.96 
254 4 0.0105 0.00594 0.0131 0.0107 0.96 
255 4 0.0105 0.00593 0.0131 0.0107 0.96 
256 4 0.0104 0.00591 0.0131 0.0107 0.96 
257 4 0.0104 0.00589 0.0131 0.0107 0.96 
258 4 0.0104 0.00587 0.0131 0.0106 0.96 
259 4 0.0104 0.00585 0.013 0.0106 0.96 
260 4 0.0104 0.00584 0.013 0.0106 0.96 
261 4 0.0103 0.00582 0.013 0.0106 0.96 
262 4 0.0103 0.0058 0.013 0.0106 0.96 
263 4 0.0103 0.00578 0.013 0.0105 0.96 
264 4 0.0103 0.00577 0.013 0.0105 0.96 
265 4 0.0103 0.00575 0.0129 0.0105 0.961 
266 4 0.0102 0.00573 0.0129 0.0105 0.961 
267 4 0.0102 0.00572 0.0129 0.0105 0.961 
268 4 0.0102 0.0057 0.0129 0.0104 0.961 
269 4 0.0102 0.00568 0.0129 0.0104 0.961 
270 4 0.0102 0.00567 0.0129 0.0104 0.961 
271 4 0.0101 0.00565 0.0128 0.0104 0.961 
272 4 0.0101 0.00563 0.0128 0.0104 0.961 
273 4 0.0101 0.00562 0.0128 0.0103 0.961 
274 4 0.0101 0.0056 0.0128 0.0103 0.961 
275 4 0.0101 0.00559 0.0128 0.0103 0.961 
276 4 0.01 0.00557 0.0128 0.0103 0.961 
277 4 0.01 0.00555 0.0128 0.0103 0.961 
278 4 0.01 0.00554 0.0127 0.0102 0.961 
279 4 0.00999 0.00552 0.0127 0.0102 0.962 
280 4 0.00997 0.00551 0.0127 0.0102 0.962 
281 4 0.00995 0.00549 0.0127 0.0102 0.962 
282 4 0.00994 0.00548 0.0127 0.0102 0.962 
283 4 0.00992 0.00546 0.0127 0.0101 0.962 
284 4 0.0099 0.00545 0.0127 0.0101 0.962 
285 4 0.00988 0.00543 0.0126 0.0101 0.962 
286 4 0.00986 0.00542 0.0126 0.0101 0.962 
287 4 0.00985 0.0054 0.0126 0.0101 0.962 
288 4 0.00983 0.00539 0.0126 0.0101 0.962 
289 4 0.00981 0.00537 0.0126 0.01 0.962 
290 4 0.0098 0.00536 0.0126 0.01 0.962 
291 4 0.00978 0.00534 0.0126 0.01 0.962 
292 4 0.00976 0.00533 0.0125 0.00999 0.962 
293 4 0.00975 0.00532 0.0125 0.00997 0.962 
294 4 0.00973 0.0053 0.0125 0.00996 0.962 
295 4 0.00971 0.00529 0.0125 0.00994 0.963 
296 4 0.0097 0.00527 0.0125 0.00992 0.963 
297 4 0.00968 0.00526 0.0125 0.00991 0.963 
298 4 0.00966 0.00525 0.0125 0.00989 0.963 
299 4 0.00965 0.00523 0.0124 0.00987 0.963 
300 4 0.00963 0.00522 0.0124 0.00986 0.963 
301 4 0.00961 0.00521 0.0124 0.00984 0.963 
302 4 0.0096 0.00519 0.0124 0.00983 0.963 
303 4 0.00958 0.00518 0.0124 0.00981 0.963 
304 4 0.00957 0.00517 0.0124 0.00979 0.963 
305 4 0.00955 0.00515 0.0124 0.00978 0.963 
306 4 0.00954 0.00514 0.0124 0.00976 0.963 
307 4 0.00952 0.00513 0.0123 0.00975 0.963 
308 4 0.00951 0.00511 0.0123 0.00973 0.963 
309 4 0.00949 0.0051 0.0123 0.00972 0.963 
310 4 0.00948 0.00509 0.0123 0.0097 0.963 
311 4 0.00946 0.00508 0.0123 0.00968 0.963 
312 4 0.00945 0.00506 0.0123 0.00967 0.964 
313 4 0.00943 0.00505 0.0123 0.00966 0.964 
314 4 0.00942 0.00504 0.0123 0.00964 0.964 
315 4 0.0094 0.00503 0.0123 0.00963 0.964 
316 4 0.00939 0.00501 0.0122 0.00961 0.964 
317 4 0.00937 0.005 0.0122 0.0096 0.964 
318 4 0.00936 0.00499 0.0122 0.00958 0.964 
319 4 0.00934 0.00498 0.0122 0.00957 0.964 
320 4 0.00933 0.00497 0.0122 0.00955 0.964 
321 4 0.00932 0.00495 0.0122 0.00954 0.964 
322 4 0.0093 0.00494 0.0122 0.00952 0.964 
323 4 0.00929 0.00493 0.0122 0.00951 0.964 
324 4 0.00927 0.00492 0.0122 0.0095 0.964 
325 4 0.00926 0.00491 0.0121 0.00948 0.964 
326 4 0.00925 0.0049 0.0121 0.00947 0.964 
327 4 0.00923 0.00488 0.0121 0.00945 0.964 
328 4 0.00922 0.00487 0.0121 0.00944 0.964 
329 4 0.00921 0.00486 0.0121 0.00943 0.964 
330 4 0.00919 0.00485 0.0121 0.00941 0.964 
331 4 0.00918 0.00484 0.0121 0.0094 0.964 
332 4 0.00917 0.00483 0.0121 0.00939 0.965 
333 4 0.00915 0.00482 0.0121 0.00937 0.965 
334 4 0.00914 0.00481 0.0121 0.00936 0.965 
335 4 0.00913 0.00479 0.012 0.00935 0.965 
336 4 0.00911 0.00478 0.012 0.00933 0.965 
337 4 0.0091 0.00477 0.012 0.00932 0.965 
338 4 0.00909 0.00476 0.012 0.00931 0.965 
339 4 0.00908 0.00475 0.012 0.0093 0.965 
340 4 0.00906 0.00474 0.012 0.00928 0.965 
341 4 0.00905 0.00473 0.012 0.00927 0.965 
342 4 0.00904 0.00472 0.012 0.00926 0.965 
343 4 0.00903 0.00471 0.012 0.00924 0.965 
344 4 0.00902 0.0047 0.012 0.00923 0.965 
345 4 0.009 0.00469 0.012 0.00922 0.965 
346 4 0.00899 0.00468 0.0119 0.00921 0.965 
347 4 0.00898 0.00467 0.0119 0.0092 0.965 
348 4 0.00897 0.00466 0.0119 0.00918 0.965 
349 4 0.00896 0.00465 0.0119 0.00917 0.965 
350 4 0.00894 0.00464 0.0119 0.00916 0.965 
351 4 0.00893 0.00463 0.0119 0.00915 0.965 
352 4 0.00892 0.00462 0.0119 0.00914 0.965 
353 4 0.00891 0.00461 0.0119 0.00912 0.965 
354 4 0.0089 0.0046 0.0119 0.00911 0.966 
355 4 0.00889 0.00459 0.0119 0.0091 0.966 
356 4 0.00887 0.00458 0.0119 0.00909 0.966 
357 4 0.00886 0.00457 0.0119 0.00908 0.966 
358 4 0.00885 0.00456 0.0119 0.00907 0.966 
359 4 0.00884 0.00455 0.0119 0.00906 0.966 
360 4 0.00883 0.00454 0.0118 0.00905 0.966 
361 4 0.00882 0.00453 0.0118 0.00903 0.966 
362 4 0.00881 0.00452 0.0118 0.00902 0.966 
363 4 0.0088 0.00451 0.0118 0.00901 0.966 
364 4 0.00879 0.0045 0.0118 0.009 0.966 
365 4 0.00878 0.0045 0.0118 0.00899 0.966 
366 4 0.00877 0.00449 0.0118 0.00898 0.966 
367 4 0.00876 0.00448 0.0118 0.00897 0.966 
368 4 0.00875 0.00447 0.0118 0.00896 0.966 
369 4 0.00874 0.00446 0.0118 0.00895 0.966 
370 4 0.00873 0.00445 0.0118 0.00894 0.966 
371 4 0.00871 0.00444 0.0118 0.00893 0.966 
372 4 0.00871 0.00443 0.0118 0.00892 0.966 
373 4 0.0087 0.00443 0.0118 0.00891 0.966 
374 4 0.00869 0.00442 0.0118 0.0089 0.966 
375 4 0.00868 0.00441 0.0118 0.00889 0.966 
376 4 0.00867 0.0044 0.0118 0.00888 0.966 
377 4 0.00866 0.00439 0.0118 0.00887 0.966 
378 4 0.00865 0.00438 0.0117 0.00886 0.966 
379 4 0.00864 0.00437 0.0117 0.00885 0.966 
380 4 0.00869 0.00439 0.0118 0.0089 0.966 
381 4 0.00874 0.00441 0.0119 0.00895 0.966 
382 4 0.00879 0.00443 0.012 0.009 0.966 
383 4 0.00883 0.00444 0.0121 0.00905 0.966 
384 4 0.00888 0.00446 0.0121 0.0091 0.965 
385 4 0.00892 0.00448 0.0122 0.00915 0.965 
386 4 0.00897 0.00449 0.0123 0.00919 0.965 
387 4 0.00901 0.0045 0.0124 0.00924 0.965 
388 4 0.00905 0.00452 0.0124 0.00928 0.965 
389 4 0.0091 0.00453 0.0125 0.00932 0.965 
390 4 0.00914 0.00455 0.0126 0.00937 0.964 
391 4 0.00918 0.00456 0.0127 0.00941 0.964 
392 4 0.00923 0.00458 0.0127 0.00946 0.964 
393 4 0.00927 0.00459 0.0128 0.00951 0.964 
394 4 0.00932 0.00461 0.0129 0.00955 0.964 
395 4 0.00936 0.00462 0.013 0.0096 0.963 
396 4 0.00941 0.00464 0.0131 0.00965 0.963 
397 4 0.00945 0.00465 0.0131 0.00969 0.963 
398 4 0.0095 0.00467 0.0132 0.00974 0.963 
399 4 0.00955 0.00468 0.0133 0.00979 0.963 
400 4 0.0096 0.0047 0.0134 0.00984 0.962 
401 4 0.00964 0.00471 0.0135 0.00989 0.962 
402 4 0.00969 0.00473 0.0136 0.00994 0.962 
403 4 0.00974 0.00475 0.0137 0.00999 0.962 
404 4 0.00979 0.00476 0.0137 0.01 0.962 
405 4 0.00984 0.00478 0.0138 0.0101 0.961 
406 4 0.00989 0.0048 0.0139 0.0102 0.961 
407 4 0.00995 0.00481 0.014 0.0102 0.961 
408 4 0.01 0.00483 0.0141 0.0103 0.961 
409 4 0.0101 0.00485 0.0142 0.0103 0.961 
410 4 0.0101 0.00487 0.0143 0.0104 0.96 
411 4 0.0102 0.00488 0.0144 0.0104 0.96 
412 4 0.0102 0.0049 0.0145 0.0105 0.96 
413 4 0.0103 0.00492 0.0146 0.0105 0.96 
414 4 0.0105 0.00501 0.015 0.0108 0.959 
415 4 0.0106 0.00503 0.0151 0.0108 0.958 
416 4 0.0106 0.00505 0.0152 0.0109 0.958 
417 4 0.0109 0.00514 0.0156 0.0111 0.957 
418 4 0.0109 0.00515 0.0156 0.0112 0.957 
419 4 0.0111 0.00524 0.016 0.0114 0.956 
420 4 0.0112 0.00525 0.0161 0.0115 0.956 
421 4 0.0114 0.00535 0.0165 0.0117 0.955 
422 4 0.0115 0.00535 0.0165 0.0118 0.955 
423 4 0.0115 0.00536 0.0166 0.0118 0.955 
424 4 0.0117 0.00545 0.017 0.0121 0.954 
425 4 0.0117 0.00545 0.017 0.0121 0.954 
426 4 0.012 0.00554 0.0174 0.0123 0.953 
427 4 0.012 0.00554 0.0175 0.0123 0.953 
428 4 0.0122 0.00563 0.0178 0.0126 0.952 
429 4 0.0122 0.00561 0.0178 0.0126 0.952 
430 4 0.0125 0.0057 0.0182 0.0128 0.951 
431 4 0.0124 0.00569 0.0182 0.0128 0.951 
432 4 0.0127 0.00578 0.0186 0.013 0.95 
433 4 0.0126 0.00576 0.0186 0.013 0.95 
434 4 0.0129 0.00584 0.019 0.0132 0.949 
435 4 0.0128 0.00582 0.0189 0.0132 0.949 
436 4 0.0131 0.00591 0.0193 0.0134 0.948 
437 4 0.013 0.00588 0.0192 0.0134 0.948 
438 4 0.0133 0.00596 0.0196 0.0136 0.948 
439 4 0.0135 0.00604 0.02 0.0139 0.947 
440 4 0.0137 0.00612 0.0204 0.0141 0.946 
441 4 0.0139 0.00619 0.0207 0.0143 0.945 
442 4 0.0141 0.00626 0.021 0.0145 0.944 
443 4 0.0143 0.00633 0.0214 0.0147 0.943 
444 4 0.0145 0.0064 0.0217 0.0149 0.942 
445 4 0.0147 0.00648 0.0221 0.0152 0.942 
446 4 0.0149 0.00655 0.0225 0.0154 0.941 
447 4 0.0151 0.00661 0.0228 0.0156 0.94 
448 4 0.0153 0.00669 0.0232 0.0158 0.939 
449 4 0.0156 0.00676 0.0236 0.016 0.938 
450 4 0.0158 0.00683 0.024 0.0163 0.937 
451 4 0.016 0.0069 0.0244 0.0165 0.936 
452 4 0.0162 0.00697 0.0248 0.0167 0.935 
453 4 0.0164 0.00705 0.0252 0.0169 0.934 
454 4 0.0167 0.00713 0.0256 0.0172 0.933 
455 4 0.0169 0.00721 0.0261 0.0174 0.932 
456 4 0.0171 0.00728 0.0265 0.0177 0.931 
457 4 0.0174 0.00736 0.027 0.0179 0.93 
458 4 0.0177 0.00745 0.0275 0.0182 0.929 
459 4 0.0179 0.00753 0.028 0.0185 0.928 
460 4 0.0182 0.00762 0.0286 0.0188 0.927 
461 4 0.0185 0.00772 0.0292 0.0191 0.926 
462 4 0.0188 0.00783 0.0298 0.0194 0.924 
463 4 0.0192 0.00796 0.0306 0.0198 0.922 
464 4 0.0197 0.0081 0.0314 0.0203 0.921 
465 4 0.0201 0.00822 0.0322 0.0207 0.919 
466 4 0.0205 0.00837 0.0331 0.0212 0.917 
467 4 0.0209 0.0085 0.0339 0.0216 0.915 
468 4 0.0214 0.00865 0.0348 0.0221 0.913 
469 4 0.0219 0.0088 0.0358 0.0226 0.911 
470 4 0.0223 0.00894 0.0367 0.0231 0.909 
471 4 0.0228 0.0091 0.0377 0.0236 0.907 
472 4 0.0234 0.00927 0.0388 0.0242 0.904 
473 4 0.0239 0.00943 0.0399 0.0247 0.902 
474 4 0.0245 0.00962 0.0411 0.0253 0.899 
475 4 0.0251 0.00979 0.0423 0.026 0.897 
476 4 0.0257 0.00999 0.0437 0.0266 0.894 
477 4 0.0264 0.0102 0.045 0.0273 0.891 
478 4 0.0271 0.0104 0.0464 0.028 0.888 
479 4 0.0278 0.0106 0.048 0.0288 0.885 
480 4 0.0285 0.0108 0.0496 0.0296 0.881 
481 4 0.0294 0.0111 0.0513 0.0304 0.878 
482 4 0.0302 0.0113 0.0531 0.0312 0.874 
483 4 0.0311 0.0116 0.055 0.0322 0.87 
484 4 0.0319 0.0118 0.057 0.0331 0.866 
485 4 0.0329 0.0121 0.0592 0.0341 0.862 
486 4 0.0339 0.0124 0.0615 0.0351 0.857 
487 4 0.0349 0.0126 0.0639 0.0362 0.852 
488 4 0.036 0.0129 0.0664 0.0374 0.847 
489 4 0.0372 0.0133 0.0693 0.0386 0.842 
490 4 0.0384 0.0136 0.0722 0.0399 0.836 
491 4 0.0397 0.014 0.0754 0.0413 0.83 
492 4 0.0412 0.0143 0.0789 0.0428 0.823 
493 4 0.0426 0.0147 0.0825 0.0443 0.816 
494 4 0.0443 0.0151 0.0865 0.046 0.808 
495 4 0.0459 0.0156 0.0907 0.0477 0.8 
496 4 0.0476 0.016 0.095 0.0495 0.792 
497 4 0.0493 0.0164 0.0996 0.0514 0.783 
498 4 0.0511 0.0169 0.104 0.0532 0.775 
499 4 0.053 0.0173 0.109 0.0552 0.765 
500 4 0.0548 0.0177 0.114 0.0571 0.756 
501 4 0.0568 0.0182 0.119 0.0592 0.747 
502 4 0.0588 0.0186 0.124 0.0613 0.737 
503 4 0.0608 0.0191 0.13 0.0635 0.727 
504 4 0.0628 0.0195 0.135 0.0656 0.717 
505 4 0.065 0.02 0.14 0.0679 0.707 
506 4 0.0671 0.0204 0.146 0.0701 0.697 
507 4 0.0695 0.0208 0.151 0.0727 0.685 
508 4 0.0718 0.0213 0.157 0.0751 0.675 
509 4 0.0744 0.0217 0.163 0.0778 0.663 
510 4 0.0768 0.0222 0.169 0.0805 0.652 
511 4 0.0792 0.0226 0.174 0.083 0.641 
512 4 0.0819 0.0231 0.18 0.0859 0.629 
513 4 0.0845 0.0235 0.185 0.0886 0.618 
514 4 0.0874 0.0239 0.191 0.0917 0.606 
515 4 0.09 0.0243 0.197 0.0946 0.594 
516 4 0.093 0.0247 0.202 0.0978 0.582 
517 4 0.0959 0.0252 0.208 0.101 0.57 
518 4 0.099 0.0256 0.213 0.104 0.558 
519 4 0.102 0.0259 0.218 0.107 0.547 
520 4 0.105 0.0263 0.222 0.111 0.536 
521 4 0.108 0.0266 0.226 0.114 0.526 
522 4 0.111 0.027 0.23 0.117 0.514 
523 4 0.114 0.0273 0.233 0.121 0.504 
524 4 0.117 0.0275 0.235 0.124 0.496 
525 4 0.121 0.0279 0.237 0.128 0.486 
526 4 0.124 0.0281 0.237 0.132 0.478 
527 4 0.128 0.0284 0.237 0.136 0.471 
528 4 0.132 0.0287 0.236 0.14 0.464 
529 4 0.135 0.0289 0.235 0.144 0.457 
530 4 0.139 0.0292 0.232 0.149 0.45 
531 4 0.143 0.0294 0.23 0.153 0.444 
532 4 0.148 0.0296 0.227 0.158 0.437 
533 4 0.152 0.0298 0.224 0.163 0.431 
534 4 0.157 0.03 0.22 0.168 0.425 
535 4 0.162 0.0302 0.217 0.174 0.418 
536 4 0.167 0.0304 0.213 0.179 0.411 
537 4 0.172 0.0306 0.209 0.185 0.404 
538 4 0.176 0.0307 0.205 0.191 0.397 
539 4 0.182 0.0309 0.201 0.197 0.389 
540 4 0.188 0.031 0.197 0.204 0.381 
541 4 0.194 0.0311 0.192 0.211 0.372 
542 4 0.199 0.0312 0.188 0.218 0.364 
543 4 0.205 0.0313 0.184 0.225 0.355 
544 4 0.211 0.0314 0.179 0.232 0.347 
545 4 0.217 0.0314 0.174 0.239 0.338 
546 4 0.223 0.0314 0.169 0.246 0.329 
547 4 0.23 0.0314 0.165 0.254 0.32 
548 4 0.236 0.0313 0.16 0.262 0.31 
549 4 0.243 0.0312 0.155 0.27 0.301 
550 4 0.25 0.0311 0.15 0.279 0.291 
551 3 0.256 0.031 0.145 0.287 0.281 
552 3 0.262 0.0309 0.141 0.294 0.273 
553 3 0.267 0.0307 0.136 0.302 0.264 
554 3 0.273 0.0305 0.132 0.309 0.256 
555 3 0.278 0.0303 0.128 0.317 0.247 
556 3 0.284 0.03 0.123 0.324 0.239 
557 3 0.29 0.0298 0.119 0.332 0.229 
558 3 0.296 0.0295 0.115 0.34 0.22 
559 3 0.301 0.0292 0.111 0.348 0.211 
560 3 0.306 0.0289 0.107 0.354 0.204 
561 3 0.31 0.0286 0.104 0.36 0.198 
562 3 0.313 0.0283 0.101 0.365 0.192 
563 3 0.316 0.028 0.0978 0.37 0.188 
564 3 0.32 0.0277 0.095 0.375 0.183 
565 3 0.323 0.0274 0.0922 0.38 0.178 
566 3 0.326 0.0271 0.0895 0.384 0.173 
567 3 0.329 0.0268 0.087 0.389 0.169 
568 3 0.332 0.0265 0.0845 0.393 0.164 
569 3 0.335 0.0262 0.082 0.397 0.159 
570 3 0.338 0.0258 0.0795 0.402 0.155 
571 3 0.341 0.0255 0.0773 0.406 0.151 
572 3 0.342 0.0252 0.0751 0.411 0.147 
573 3 0.342 0.0248 0.073 0.417 0.143 
574 3 0.339 0.0245 0.071 0.426 0.139 
575 3 0.334 0.0242 0.069 0.437 0.135 
576 3 0.328 0.0238 0.0671 0.449 0.132 
577 3 0.32 0.0235 0.0651 0.463 0.128 
578 3 0.312 0.0231 0.0632 0.477 0.125 
579 3 0.303 0.0227 0.0613 0.492 0.121 
580 3 0.293 0.0223 0.0595 0.508 0.118 
581 3 0.283 0.0219 0.0576 0.524 0.114 
582 3 0.273 0.0214 0.0557 0.54 0.11 
583 3 0.262 0.021 0.054 0.555 0.107 
584 3 0.252 0.0206 0.0527 0.569 0.105 
585 3 0.244 0.0203 0.0516 0.581 0.104 
586 3 0.236 0.02 0.0508 0.59 0.104 
587 3 0.23 0.0199 0.0505 0.595 0.105 
588 3 0.224 0.0197 0.0502 0.6 0.106 
589 3 0.22 0.0196 0.0499 0.604 0.107 
590 3 0.216 0.0195 0.0498 0.607 0.108 
591 3 0.212 0.0194 0.0496 0.609 0.11 
592 3 0.209 0.0194 0.0495 0.611 0.111 
593 3 0.206 0.0193 0.0493 0.613 0.112 
594 3 0.203 0.0192 0.0492 0.614 0.114 
595 3 0.2 0.0192 0.0491 0.616 0.116 
596 3 0.198 0.0191 0.049 0.617 0.117 
597 3 0.196 0.019 0.0488 0.618 0.119 
598 3 0.193 0.019 0.0487 0.619 0.121 
599 3 0.191 0.0189 0.0485 0.619 0.122 
600 3 0.189 0.0189 0.0484 0.62 0.124 
601 3 0.186 0.0188 0.0483 0.62 0.126 
602 3 0.184 0.0188 0.0481 0.621 0.128 
603 3 0.182 0.0187 0.048 0.621 0.13 
604 3 0.18 0.0187 0.0479 0.621 0.132 
605 3 0.178 0.0186 0.0478 0.621 0.135 
606 3 0.176 0.0186 0.0477 0.62 0.137 
607 3 0.175 0.0185 0.0476 0.619 0.14 
608 3 0.173 0.0185 0.0475 0.619 0.142 
609 3 0.171 0.0185 0.0474 0.619 0.145 
610 3 0.167 0.0183 0.047 0.621 0.147 
611 3 0.163 0.0182 0.0467 0.623 0.149 
612 3 0.159 0.018 0.0464 0.626 0.151 
613 3 0.155 0.0179 0.0461 0.628 0.153 
614 3 0.152 0.0178 0.0457 0.63 0.155 
615 3 0.148 0.0176 0.0454 0.632 0.157 
616 3 0.145 0.0175 0.0451 0.634 0.159 
617 3 0.142 0.0174 0.0448 0.635 0.161 
618 3 0.139 0.0172 0.0444 0.637 0.163 
619 3 0.136 0.0171 0.0441 0.639 0.165 
620 3 0.133 0.0169 0.0437 0.64 0.166 
621 3 0.13 0.0168 0.0434 0.642 0.168 
622 3 0.127 0.0167 0.043 0.644 0.17 
623 3 0.124 0.0165 0.0426 0.645 0.171 
624 3 0.122 0.0164 0.0422 0.647 0.173 
625 3 0.119 0.0162 0.0419 0.649 0.174 
626 3 0.117 0.0161 0.0414 0.651 0.175 
627 3 0.114 0.0159 0.041 0.653 0.176 
628 3 0.112 0.0158 0.0406 0.655 0.177 
629 3 0.109 0.0156 0.0401 0.658 0.177 
630 3 0.107 0.0154 0.0396 0.661 0.178 
631 3 0.104 0.0152 0.039 0.665 0.177 
632 3 0.101 0.0149 0.0383 0.671 0.175 
633 3 0.0964 0.0146 0.0372 0.682 0.17 
634 3 0.0907 0.014 0.0356 0.699 0.161 
635 3 0.0847 0.0134 0.0339 0.717 0.151 
636 3 0.0791 0.0128 0.0322 0.735 0.141 
637 3 0.074 0.0122 0.0306 0.751 0.132 
638 3 0.0693 0.0116 0.0291 0.766 0.124 
639 3 0.065 0.0111 0.0277 0.78 0.116 
640 3 0.0611 0.0106 0.0263 0.793 0.109 
641 3 0.0576 0.0102 0.0251 0.805 0.102 
642 3 0.0541 0.00973 0.0239 0.816 0.0962 
643 3 0.051 0.00931 0.0228 0.826 0.0906 
644 3 0.0481 0.00893 0.0218 0.836 0.0855 
645 3 0.0456 0.00857 0.0209 0.844 0.0809 
646 3 0.0432 0.00824 0.02 0.852 0.0766 
647 3 0.041 0.00792 0.0192 0.859 0.0727 
648 3 0.039 0.00763 0.0184 0.866 0.0691 
649 3 0.0372 0.00736 0.0177 0.872 0.0658 
650 3 0.0356 0.00711 0.0171 0.877 0.0629 
651 3 0.0343 0.00693 0.0166 0.881 0.0608 
652 3 0.0335 0.0068 0.0162 0.884 0.0595 
653 3 0.0327 0.00668 0.016 0.886 0.0584 
654 3 0.032 0.00658 0.0157 0.888 0.0574 
655 3 0.0313 0.00648 0.0154 0.89 0.0564 
656 3 0.0307 0.00638 0.0152 0.892 0.0555 
657 3 0.0301 0.00629 0.015 0.894 0.0547 
658 3 0.0295 0.0062 0.0147 0.896 0.0538 
659 3 0.029 0.00612 0.0145 0.897 0.053 
660 3 0.0285 0.00604 0.0143 0.899 0.0523 
661 3 0.0279 0.00596 0.0141 0.9 0.0515 
662 3 0.0275 0.00588 0.0139 0.902 0.0508 
663 3 0.027 0.00581 0.0137 0.903 0.0501 
664 3 0.0266 0.00573 0.0136 0.905 0.0494 
665 3 0.0261 0.00566 0.0134 0.906 0.0487 
666 3 0.0257 0.00559 0.0132 0.907 0.0481 
667 3 0.0253 0.00553 0.013 0.909 0.0475 
668 3 0.0249 0.00546 0.0129 0.91 0.0468 
669 3 0.0245 0.00539 0.0127 0.911 0.0462 
670 3 0.0241 0.00533 0.0125 0.912 0.0456 
671 3 0.0237 0.00527 0.0124 0.914 0.045 
672 3 0.0233 0.0052 0.0122 0.915 0.0444 
673 3 0.023 0.00514 0.0121 0.916 0.0438 
674 3 0.0226 0.00508 0.0119 0.917 0.0432 
675 3 0.0223 0.00502 0.0117 0.918 0.0426 
676 3 0.0219 0.00496 0.0116 0.92 0.042 
677 3 0.0216 0.00489 0.0114 0.921 0.0413 
678 3 0.0212 0.00483 0.0113 0.922 0.0406 
679 3 0.0208 0.00476 0.0111 0.923 0.0399 
680 3 0.0204 0.00468 0.0109 0.925 0.0391 
681 3 0.02 0.00461 0.0107 0.926 0.0383 
682 3 0.0196 0.00455 0.0106 0.928 0.0376 
683 3 0.0193 0.00448 0.0104 0.929 0.037 
684 3 0.019 0.00442 0.0102 0.93 0.0364 
685 3 0.0187 0.00436 0.0101 0.931 0.0358 
686 3 0.0184 0.00431 0.00996 0.932 0.0352 
687 3 0.0181 0.00425 0.00982 0.933 0.0346 
688 3 0.0178 0.0042 0.00969 0.934 0.0341 
689 3 0.0175 0.00415 0.00956 0.935 0.0336 
690 3 0.0173 0.0041 0.00943 0.936 0.0331 
691 3 0.017 0.00405 0.00931 0.937 0.0326 
692 3 0.0168 0.004 0.00919 0.938 0.0321 
693 3 0.0165 0.00396 0.00908 0.939 0.0316 
694 3 0.0163 0.00391 0.00896 0.94 0.0312 
695 3 0.0161 0.00387 0.00885 0.941 0.0307 
696 3 0.0158 0.00382 0.00874 0.941 0.0303 
697 3 0.0156 0.00378 0.00863 0.942 0.0299 
698 3 0.0154 0.00374 0.00853 0.943 0.0294 
699 3 0.0152 0.0037 0.00843 0.944 0.029 
700 3 0.015 0.00366 0.00832 0.944 0.0286 
701 3 0.0148 0.00361 0.00822 0.945 0.0282 
702 3 0.0146 0.00358 0.00812 0.946 0.0278 
703 3 0.0144 0.00354 0.00803 0.947 0.0274 
704 3 0.0142 0.0035 0.00793 0.947 0.027 
705 3 0.014 0.00346 0.00784 0.948 0.0267 
706 3 0.0138 0.00342 0.00775 0.949 0.0263 
707 3 0.0136 0.00338 0.00763 0.95 0.0258 
708 3 0.0134 0.00334 0.00754 0.95 0.0255 
709 3 0.0132 0.0033 0.00743 0.951 0.025 
710 3 0.013 0.00325 0.00732 0.952 0.0245 
711 3 0.0128 0.00321 0.00721 0.953 0.024 
712 3 0.0126 0.00317 0.0071 0.954 0.0236 
713 3 0.0124 0.00313 0.007 0.954 0.0232 
714 3 0.0122 0.00309 0.0069 0.955 0.0228 
715 3 0.012 0.00305 0.0068 0.956 0.0224 
716 3 0.0119 0.00301 0.00671 0.956 0.022 
717 3 0.0117 0.00297 0.00662 0.957 0.0216 
718 3 0.0115 0.00294 0.00653 0.958 0.0212 
719 3 0.0114 0.0029 0.00644 0.958 0.0209 
720 3 0.0112 0.00287 0.00635 0.959 0.0205 
721 3 0.011 0.00283 0.00626 0.96 0.0202 
722 3 0.0109 0.0028 0.00618 0.96 0.0198 
723 3 0.0107 0.00276 0.00609 0.961 0.0195 
724 3 0.0105 0.00272 0.006 0.962 0.0191 
725 3 0.0104 0.00269 0.00592 0.962 0.0188 
726 3 0.0102 0.00266 0.00584 0.963 0.0185 
727 3 0.0101 0.00262 0.00576 0.963 0.0182 
728 3 0.00994 0.00259 0.00568 0.964 0.0179 
729 3 0.0098 0.00256 0.00561 0.964 0.0176 
730 3 0.00967 0.00254 0.00554 0.965 0.0173 
731 3 0.00955 0.00251 0.00547 0.965 0.0171 
732 3 0.00943 0.00248 0.00541 0.966 0.0168 
733 3 0.00931 0.00245 0.00534 0.966 0.0166 
734 3 0.00919 0.00243 0.00528 0.967 0.0163 
735 3 0.00908 0.0024 0.00522 0.967 0.0161 
736 3 0.00897 0.00238 0.00516 0.968 0.0159 
737 3 0.00886 0.00236 0.00511 0.968 0.0157 
738 3 0.00876 0.00233 0.00505 0.968 0.0155 
739 3 0.00866 0.00231 0.005 0.969 0.0152 
740 3 0.00856 0.00229 0.00494 0.969 0.015 
741 3 0.00846 0.00227 0.00489 0.97 0.0148 
742 3 0.00837 0.00224 0.00484 0.97 0.0147 
743 3 0.00827 0.00222 0.00479 0.97 0.0145 
744 3 0.00818 0.0022 0.00474 0.971 0.0143 
745 3 0.00809 0.00218 0.00469 0.971 0.0141 
746 3 0.00801 0.00216 0.00464 0.971 0.0139 
747 3 0.00792 0.00214 0.0046 0.972 0.0138 
748 3 0.00784 0.00212 0.00455 0.972 0.0136 
749 3 0.00776 0.00211 0.00451 0.972 0.0135 
750 3 0.00768 0.00209 0.00447 0.972 0.0133 
751 3 0.0076 0.00207 0.00442 0.973 0.0131 
752 3 0.00753 0.00205 0.00438 0.973 0.013 
753 3 0.00745 0.00204 0.00434 0.973 0.0129 
754 3 0.00741 0.00202 0.00431 0.974 0.0127 
755 3 0.00733 0.00201 0.00427 0.974 0.0126 
756 3 0.00726 0.00199 0.00423 0.974 0.0124 
757 3 0.00721 0.00198 0.0042 0.974 0.0123 
758 3 0.00714 0.00196 0.00416 0.975 0.0122 
759 3 0.00709 0.00195 0.00413 0.975 0.0121 
760 3 0.00702 0.00193 0.00409 0.975 0.0119 
761 3 0.00695 0.00192 0.00405 0.975 0.0118 
762 3 0.0069 0.00191 0.00402 0.975 0.0117 
763 3 0.00683 0.00189 0.00399 0.976 0.0116 
764 3 0.00676 0.00187 0.00395 0.976 0.0114 
765 3 0.00672 0.00186 0.00392 0.976 0.0113 
766 3 0.00665 0.00185 0.00389 0.976 0.0112 
767 3 0.0066 0.00184 0.00386 0.977 0.0111 
768 3 0.00654 0.00182 0.00382 0.977 0.011 
769 3 0.00649 0.00181 0.00379 0.977 0.0109 
770 3 0.00642 0.00179 0.00376 0.977 0.0108 
771 3 0.00637 0.00178 0.00373 0.977 0.0107 
772 3 0.00631 0.00177 0.0037 0.978 0.0106 
773 3 0.00624 0.00175 0.00366 0.978 0.0104 
774 3 0.0062 0.00174 0.00364 0.978 0.0103 
775 3 0.00613 0.00173 0.0036 0.978 0.0102 
776 3 0.00609 0.00172 0.00358 0.978 0.0101 
777 3 0.00602 0.0017 0.00354 0.979 0.01 
778 3 0.00598 0.00169 0.00352 0.979 0.00996 
779 3 0.00595 0.00168 0.0035 0.979 0.00989 
780 3 0.0059 0.00167 0.00348 0.979 0.00981 
781 3 0.00587 0.00167 0.00346 0.979 0.00975 
782 3 0.00584 0.00166 0.00344 0.979 0.0097 
783 3 0.00582 0.00165 0.00343 0.979 0.00965 
784 3 0.00579 0.00165 0.00341 0.98 0.0096 
785 3 0.00576 0.00164 0.0034 0.98 0.00955 
786 3 0.00574 0.00163 0.00338 0.98 0.0095 
787 3 0.00571 0.00163 0.00337 0.98 0.00946 
788 3 0.00569 0.00162 0.00336 0.98 0.00941 
789 3 0.00567 0.00162 0.00334 0.98 0.00937 
790 3 0.00565 0.00161 0.00333 0.98 0.00933 
791 3 0.00563 0.00161 0.00332 0.98 0.00929 
792 3 0.0056 0.0016 0.00331 0.98 0.00925 
793 3 0.00558 0.0016 0.0033 0.98 0.00921 
794 3 0.00556 0.00159 0.00328 0.98 0.00917 
795 3 0.00554 0.00159 0.00327 0.98 0.00914 
796 3 0.00553 0.00159 0.00326 0.981 0.0091 
797 3 0.00551 0.00158 0.00325 0.981 0.00907 
798 3 0.00549 0.00158 0.00324 0.981 0.00904 
799 3 0.00547 0.00157 0.00323 0.981 0.009 
800 3 0.00545 0.00157 0.00322 0.981 0.00897 
801 3 0.00544 0.00156 0.00321 0.981 0.00894 
802 3 0.00542 0.00156 0.0032 0.981 0.00891 
803 3 0.0054 0.00156 0.00319 0.981 0.00888 
804 3 0.00538 0.00155 0.00319 0.981 0.00886 
805 3 0.00537 0.00155 0.00318 0.981 0.00883 
806 3 0.00535 0.00155 0.00317 0.981 0.0088 
807 3 0.00534 0.00154 0.00316 0.981 0.00877 
808 3 0.00532 0.00154 0.00315 0.981 0.00875 
809 3 0.00531 0.00154 0.00314 0.981 0.00873 
810 3 0.0053 0.00153 0.00314 0.981 0.0087 
811 3 0.00529 0.00153 0.00313 0.981 0.00868 
812 3 0.00527 0.00153 0.00312 0.981 0.00866 
813 3 0.00526 0.00153 0.00312 0.981 0.00864 
814 3 0.00525 0.00152 0.00311 0.981 0.00862 
815 3 0.00525 0.00152 0.00311 0.982 0.0086 
816 3 0.00524 0.00152 0.0031 0.982 0.00858 
817 3 0.00523 0.00152 0.0031 0.982 0.00857 
818 3 0.00522 0.00152 0.00309 0.982 0.00855 
819 3 0.00522 0.00151 0.00308 0.982 0.00853 
820 3 0.00521 0.00151 0.00308 0.982 0.00851 
821 3 0.00521 0.00151 0.00307 0.982 0.00849 
822 3 0.0052 0.00151 0.00307 0.982 0.00848 
823 3 0.0052 0.00151 0.00307 0.982 0.00846 
824 3 0.00519 0.00151 0.00306 0.982 0.00844 
825 3 0.00519 0.0015 0.00306 0.982 0.00842 
826 3 0.00519 0.0015 0.00305 0.982 0.00841 
827 3 0.00518 0.0015 0.00305 0.982 0.00839 
828 3 0.00518 0.0015 0.00304 0.982 0.00837 
829 3 0.00518 0.0015 0.00304 0.982 0.00835 
830 3 0.00517 0.0015 0.00303 0.982 0.00834 
831 3 0.00517 0.0015 0.00303 0.982 0.00832 
832 3 0.00517 0.0015 0.00303 0.982 0.0083 
833 3 0.00517 0.0015 0.00302 0.982 0.00829 
834 3 0.00517 0.00149 0.00302 0.982 0.00827 
835 3 0.00516 0.00149 0.00301 0.982 0.00826 
836 3 0.00516 0.00149 0.00301 0.982 0.00824 
837 3 0.00516 0.00149 0.00301 0.982 0.00822 
838 3 0.00516 0.00149 0.003 0.982 0.00821 
839 3 0.00516 0.00149 0.003 0.982 0.00819 
840 3 0.00516 0.00149 0.003 0.982 0.00818 
841 3 0.00516 0.00149 0.00299 0.982 0.00816 
842 3 0.00516 0.00149 0.00299 0.982 0.00815 
843 3 0.00515 0.00149 0.00299 0.982 0.00814 
844 3 0.00515 0.00149 0.00298 0.982 0.00812 
845 3 0.00515 0.00148 0.00298 0.982 0.00811 
846 3 0.00515 0.00148 0.00297 0.982 0.00809 
847 3 0.00515 0.00148 0.00297 0.982 0.00808 
848 3 0.00515 0.00148 0.00297 0.982 0.00807 
849 3 0.00515 0.00148 0.00297 0.982 0.00806 
850 3 0.00515 0.00148 0.00296 0.982 0.00804 
851 3 0.00514 0.00148 0.00296 0.982 0.00803 
852 3 0.00514 0.00148 0.00296 0.982 0.00802 
853 3 0.00514 0.00148 0.00295 0.982 0.00801 
854 3 0.00514 0.00148 0.00295 0.982 0.008 
855 3 0.00514 0.00148 0.00295 0.982 0.00799 
856 3 0.00514 0.00148 0.00295 0.982 0.00798 
857 3 0.00514 0.00148 0.00294 0.982 0.00797 
858 3 0.00514 0.00148 0.00294 0.982 0.00796 
859 3 0.00514 0.00148 0.00294 0.982 0.00795 
860 3 0.00514 0.00147 0.00294 0.982 0.00794 
861 3 0.00514 0.00147 0.00294 0.983 0.00794 
862 3 0.00515 0.00147 0.00294 0.983 0.00793 
863 3 0.00515 0.00147 0.00293 0.983 0.00792 
864 3 0.00515 0.00147 0.00293 0.983 0.00792 
865 3 0.00515 0.00147 0.00293 0.983 0.00791 
866 3 0.00515 0.00147 0.00293 0.983 0.00791 
867 3 0.00515 0.00147 0.00293 0.983 0.0079 
868 3 0.00515 0.00147 0.00293 0.983 0.0079 
869 3 0.00516 0.00147 0.00293 0.983 0.00789 
870 3 0.00516 0.00147 0.00293 0.983 0.00789 
871 3 0.00516 0.00147 0.00293 0.983 0.00789 
872 3 0.00516 0.00147 0.00293 0.983 0.00788 
873 3 0.00516 0.00147 0.00293 0.983 0.00788 
874 3 0.00517 0.00147 0.00293 0.983 0.00788 
875 3 0.00517 0.00147 0.00293 0.983 0.00788 
876 3 0.00517 0.00147 0.00293 0.983 0.00788 
877 3 0.00517 0.00147 0.00293 0.983 0.00788 
878 3 0.00517 0.00147 0.00293 0.983 0.00788 
879 3 0.00518 0.00147 0.00293 0.983 0.00788 
880 3 0.00518 0.00147 0.00293 0.983 0.00788 
881 3 0.00519 0.00147 0.00293 0.983 0.00789 
882 3 0.0052 0.00148 0.00293 0.982 0.0079 
883 3 0.00521 0.00148 0.00294 0.982 0.00791 
884 3 0.00522 0.00148 0.00294 0.982 0.00792 
885 3 0.00524 0.00148 0.00295 0.982 0.00793 
886 3 0.00525 0.00148 0.00295 0.982 0.00795 
887 3 0.00527 0.00149 0.00296 0.982 0.00796 
888 3 0.00529 0.00149 0.00297 0.982 0.00798 
889 3 0.00531 0.00149 0.00298 0.982 0.008 
890 3 0.00533 0.0015 0.00299 0.982 0.00802 
891 3 0.00536 0.0015 0.003 0.982 0.00804 
892 3 0.00538 0.00151 0.00301 0.982 0.00807 
893 3 0.00541 0.00151 0.00302 0.982 0.00809 
894 3 0.00544 0.00152 0.00303 0.982 0.00811 
895 3 0.00547 0.00152 0.00304 0.982 0.00814 
896 3 0.0055 0.00153 0.00305 0.982 0.00816 
897 3 0.00553 0.00153 0.00307 0.982 0.00819 
898 3 0.00556 0.00154 0.00308 0.982 0.00821 
899 3 0.00559 0.00154 0.00309 0.982 0.00824 
900 3 0.00563 0.00155 0.0031 0.981 0.00826 
901 3 0.00566 0.00156 0.00312 0.981 0.00829 
902 3 0.00569 0.00156 0.00313 0.981 0.00832 
903 3 0.00573 0.00157 0.00315 0.981 0.00834 
904 3 0.00577 0.00157 0.00316 0.981 0.00837 
905 3 0.00581 0.00158 0.00318 0.981 0.0084 
906 3 0.00584 0.00159 0.00319 0.981 0.00843 
907 3 0.00588 0.00159 0.00321 0.981 0.00845 
908 3 0.00592 0.0016 0.00322 0.981 0.00848 
909 3 0.00596 0.00161 0.00324 0.981 0.00851 
910 3 0.00601 0.00161 0.00326 0.981 0.00855 
911 3 0.00605 0.00162 0.00328 0.98 0.00858 
912 3 0.00611 0.00163 0.0033 0.98 0.00862 
913 3 0.00616 0.00164 0.00332 0.98 0.00866 
914 3 0.00623 0.00165 0.00335 0.98 0.00871 
915 3 0.0063 0.00166 0.00338 0.98 0.00876 
916 3 0.00637 0.00168 0.00341 0.98 0.00881 
917 3 0.00645 0.00169 0.00345 0.98 0.00887 
918 3 0.00653 0.0017 0.00348 0.979 0.00893 
919 3 0.00661 0.00172 0.00352 0.979 0.00899 
920 3 0.0067 0.00173 0.00355 0.979 0.00906 
921 3 0.00678 0.00175 0.00359 0.979 0.00912 
922 3 0.00687 0.00176 0.00363 0.979 0.00918 
923 3 0.00698 0.00178 0.00368 0.978 0.00926 
924 3 0.0071 0.0018 0.00373 0.978 0.00934 
925 3 0.00721 0.00182 0.00378 0.978 0.00942 
926 3 0.00734 0.00184 0.00384 0.977 0.00951 
927 3 0.00747 0.00187 0.00389 0.977 0.0096 
928 3 0.00761 0.00189 0.00396 0.977 0.00969 
929 3 0.00775 0.00192 0.00402 0.977 0.00978 
930 3 0.00788 0.00194 0.00407 0.976 0.00987 
931 3 0.00799 0.00195 0.00412 0.976 0.00993 
932 3 0.00806 0.00197 0.00416 0.976 0.00997 
933 3 0.00812 0.00198 0.00418 0.976 0.00999 
934 3 0.00816 0.00198 0.0042 0.976 0.00999 
935 3 0.00819 0.00199 0.00422 0.976 0.00999 
936 3 0.00823 0.00199 0.00423 0.976 0.01 
937 3 0.00827 0.002 0.00425 0.975 0.01 
938 3 0.00831 0.002 0.00427 0.975 0.01 
939 3 0.00834 0.00201 0.00428 0.975 0.01 
940 3 0.00838 0.00201 0.0043 0.975 0.01 
941 3 0.00841 0.00201 0.00431 0.975 0.01 
942 3 0.00844 0.00202 0.00432 0.975 0.01 
943 3 0.00845 0.00202 0.00433 0.975 0.00999 
944 3 0.00845 0.00202 0.00433 0.975 0.00996 
945 3 0.00844 0.00202 0.00433 0.975 0.00994 
946 3 0.00843 0.00201 0.00433 0.975 0.00991 
947 3 0.00842 0.00201 0.00432 0.975 0.00987 
948 3 0.0084 0.002 0.00432 0.975 0.00984 
949 3 0.00838 0.002 0.00431 0.975 0.00981 
950 3 0.00837 0.002 0.0043 0.976 0.00978 
951 3 0.00835 0.00199 0.0043 0.976 0.00975 
952 3 0.00833 0.00199 0.00429 0.976 0.00973 
953 3 0.00832 0.00198 0.00428 0.976 0.0097 
954 3 0.0083 0.00198 0.00428 0.976 0.00968 
955 3 0.00828 0.00198 0.00427 0.976 0.00966 
956 3 0.00826 0.00197 0.00426 0.976 0.00964 
957 3 0.00825 0.00197 0.00426 0.976 0.00962 
958 3 0.00824 0.00197 0.00425 0.976 0.00961 
959 3 0.00823 0.00197 0.00425 0.976 0.00961 
960 3 0.00823 0.00197 0.00425 0.976 0.0096 
961 3 0.00824 0.00197 0.00425 0.976 0.0096 
962 3 0.00825 0.00197 0.00425 0.976 0.0096 
963 3 0.00826 0.00197 0.00426 0.976 0.00961 
964 3 0.00827 0.00197 0.00426 0.976 0.00962 
965 3 0.0083 0.00197 0.00427 0.976 0.00963 
