0 0 0.2 0.2 0.2 0.2 0.2 
1 4 0.176 0.206 0.206 0.204 0.208 
2 4 0.175 0.206 0.206 0.204 0.209 
3 4 0.175 0.206 0.206 0.204 0.209 
4 4 0.175 0.206 0.207 0.203 0.209 
5 4 0.175 0.206 0.207 0.203 0.209 
6 4 0.175 0.206 0.207 0.203 0.209 
7 4 0.175 0.206 0.207 0.203 0.209 
8 4 0.175 0.206 0.207 0.203 0.209 
9 4 0.175 0.206 0.207 0.203 0.209 
10 4 0.174 0.206 0.207 0.203 0.209 
11 4 0.174 0.206 0.207 0.203 0.21 
12 4 0.174 0.206 0.207 0.203 0.21 
13 4 0.174 0.206 0.207 0.203 0.21 
14 4 0.174 0.206 0.208 0.203 0.21 
15 4 0.174 0.206 0.208 0.203 0.21 
16 4 0.174 0.206 0.208 0.203 0.21 
17 4 0.174 0.206 0.208 0.202 0.21 
18 4 0.174 0.205 0.208 0.202 0.21 
19 4 0.174 0.205 0.208 0.202 0.211 
20 4 0.174 0.205 0.208 0.202 0.211 
21 4 0.174 0.205 0.208 0.202 0.211 
22 4 0.173 0.205 0.208 0.202 0.211 
23 4 0.173 0.205 0.209 0.202 0.211 
24 4 0.173 0.205 0.209 0.202 0.211 
25 4 0.173 0.205 0.209 0.202 0.212 
26 4 0.173 0.205 0.209 0.201 0.212 
27 4 0.173 0.205 0.209 0.201 0.212 
28 4 0.173 0.205 0.209 0.201 0.212 
29 4 0.173 0.205 0.209 0.201 0.212 
30 4 0.173 0.204 0.21 0.201 0.212 
31 4 0.172 0.204 0.21 0.201 0.213 
32 4 0.172 0.204 0.21 0.201 0.213 
33 4 0.172 0.204 0.21 0.201 0.213 
34 4 0.172 0.204 0.21 0.2 0.213 
35 4 0.172 0.204 0.21 0.2 0.214 
36 4 0.172 0.204 0.21 0.2 0.214 
37 4 0.172 0.204 0.211 0.2 0.214 
38 4 0.172 0.203 0.211 0.2 0.214 
39 4 0.171 0.203 0.211 0.2 0.215 
40 4 0.171 0.203 0.211 0.199 0.215 
41 4 0.171 0.203 0.211 0.199 0.216 
42 4 0.171 0.203 0.211 0.199 0.216 
43 4 0.171 0.203 0.212 0.199 0.216 
44 4 0.171 0.202 0.212 0.198 0.217 
45 4 0.17 0.202 0.212 0.198 0.217 
46 4 0.17 0.202 0.212 0.198 0.218 
47 4 0.17 0.202 0.212 0.198 0.219 
48 4 0.17 0.201 0.212 0.197 0.22 
49 4 0.169 0.201 0.212 0.197 0.22 
50 4 0.169 0.201 0.212 0.197 0.221 
51 4 0.169 0.2 0.212 0.196 0.223 
52 4 0.168 0.2 0.212 0.196 0.224 
53 4 0.168 0.199 0.212 0.195 0.226 
54 4 0.167 0.198 0.212 0.194 0.228 
55 4 0.167 0.197 0.212 0.194 0.231 
56 4 0.166 0.196 0.211 0.193 0.233 
57 4 0.166 0.195 0.211 0.192 0.236 
58 4 0.165 0.194 0.211 0.191 0.238 
59 4 0.165 0.193 0.211 0.191 0.241 
60 4 0.164 0.192 0.211 0.19 0.243 
61 4 0.164 0.19 0.211 0.19 0.245 
62 4 0.164 0.187 0.212 0.189 0.248 
63 4 0.163 0.184 0.213 0.189 0.25 
64 4 0.163 0.181 0.214 0.189 0.253 
65 4 0.163 0.177 0.215 0.189 0.256 
66 4 0.163 0.173 0.216 0.189 0.259 
67 4 0.163 0.168 0.218 0.189 0.262 
68 4 0.163 0.164 0.219 0.189 0.265 
69 4 0.163 0.159 0.221 0.189 0.268 
70 4 0.163 0.155 0.222 0.189 0.27 
71 4 0.163 0.151 0.224 0.189 0.273 
72 4 0.163 0.147 0.226 0.189 0.276 
73 4 0.162 0.142 0.229 0.188 0.279 
74 4 0.162 0.138 0.231 0.188 0.281 
75 4 0.161 0.134 0.234 0.187 0.284 
76 4 0.16 0.13 0.238 0.186 0.286 
77 4 0.159 0.126 0.242 0.185 0.288 
78 4 0.158 0.123 0.247 0.183 0.29 
79 4 0.156 0.119 0.254 0.181 0.29 
80 4 0.154 0.115 0.264 0.178 0.29 
81 4 0.151 0.11 0.276 0.174 0.289 
82 2 0.147 0.106 0.291 0.169 0.288 
83 2 0.142 0.101 0.307 0.163 0.286 
84 2 0.137 0.0967 0.322 0.157 0.287 
85 2 0.132 0.0922 0.335 0.151 0.29 
86 2 0.127 0.0879 0.346 0.144 0.295 
87 2 0.122 0.0837 0.356 0.138 0.301 
88 2 0.117 0.0797 0.364 0.132 0.308 
89 2 0.112 0.0759 0.371 0.126 0.316 
90 2 0.107 0.0723 0.375 0.12 0.325 
91 2 0.102 0.069 0.378 0.114 0.336 
92 2 0.098 0.0658 0.381 0.109 0.346 
93 2 0.0939 0.0628 0.383 0.104 0.356 
94 2 0.09 0.0601 0.385 0.0998 0.365 
95 2 0.0864 0.0575 0.387 0.0955 0.374 
96 2 0.083 0.0551 0.388 0.0915 0.382 
97 4 0.0797 0.0529 0.39 0.0878 0.39 
98 4 0.0767 0.0508 0.391 0.0843 0.398 
99 4 0.0738 0.0488 0.392 0.081 0.405 
100 4 0.0712 0.0469 0.393 0.0779 0.411 
101 4 0.0686 0.0452 0.393 0.075 0.418 
102 4 0.0662 0.0435 0.394 0.0722 0.424 
103 4 0.0639 0.042 0.395 0.0697 0.43 
104 4 0.0618 0.0405 0.395 0.0672 0.435 
105 4 0.0597 0.0391 0.396 0.0649 0.44 
106 4 0.0578 0.0378 0.397 0.0627 0.445 
107 4 0.056 0.0366 0.398 0.0607 0.449 
108 4 0.0542 0.0355 0.4 0.0587 0.452 
109 4 0.0526 0.0343 0.402 0.0568 0.454 
110 4 0.051 0.0333 0.406 0.055 0.454 
111 4 0.0495 0.0323 0.412 0.0533 0.453 
112 4 0.048 0.0313 0.422 0.0517 0.447 
113 2 0.0465 0.0303 0.438 0.05 0.436 
114 2 0.0449 0.0294 0.458 0.0482 0.419 
115 2 0.0433 0.0284 0.481 0.0465 0.401 
116 2 0.0417 0.0273 0.504 0.0447 0.382 
117 2 0.0401 0.0263 0.529 0.043 0.362 
118 2 0.0385 0.0253 0.553 0.0412 0.342 
119 2 0.0369 0.0243 0.578 0.0395 0.321 
120 2 0.0353 0.0232 0.604 0.0377 0.3 
121 2 0.0337 0.0222 0.63 0.0359 0.278 
122 2 0.032 0.0211 0.658 0.0341 0.255 
123 2 0.0303 0.02 0.685 0.0323 0.233 
124 2 0.0287 0.0189 0.71 0.0305 0.212 
125 2 0.0271 0.0179 0.733 0.0288 0.193 
126 2 0.0256 0.017 0.754 0.0272 0.176 
127 2 0.0242 0.0161 0.773 0.0257 0.161 
128 2 0.0229 0.0152 0.79 0.0243 0.148 
129 2 0.0217 0.0144 0.805 0.0231 0.136 
130 2 0.0206 0.0137 0.819 0.0219 0.125 
131 2 0.0196 0.013 0.831 0.0208 0.116 
132 2 0.0187 0.0124 0.841 0.0198 0.108 
133 2 0.0178 0.0118 0.851 0.0188 0.1 
134 2 0.017 0.0113 0.86 0.018 0.0938 
135 2 0.0163 0.0108 0.868 0.0172 0.0879 
136 2 0.0156 0.0104 0.875 0.0165 0.0826 
137 2 0.0149 0.00998 0.881 0.0158 0.0778 
138 2 0.0144 0.00959 0.887 0.0152 0.0735 
139 2 0.0138 0.00924 0.893 0.0146 0.0695 
140 2 0.0133 0.0089 0.898 0.0141 0.066 
141 2 0.0128 0.00859 0.902 0.0136 0.0627 
142 2 0.0124 0.00831 0.906 0.0131 0.0598 
143 2 0.012 0.00807 0.91 0.0127 0.0574 
144 2 0.0118 0.00789 0.912 0.0124 0.0557 
145 2 0.0115 0.00772 0.914 0.0122 0.0542 
146 2 0.0113 0.00756 0.917 0.0119 0.0527 
147 2 0.0111 0.0074 0.919 0.0117 0.0513 
148 2 0.0108 0.00726 0.92 0.0114 0.0501 
149 2 0.0107 0.00713 0.922 0.0112 0.0489 
150 2 0.0105 0.00701 0.924 0.011 0.0479 
151 2 0.0103 0.00689 0.925 0.0108 0.0469 
152 2 0.0101 0.00678 0.926 0.0107 0.046 
153 2 0.00998 0.00668 0.928 0.0105 0.0451 
154 2 0.00983 0.00657 0.929 0.0104 0.0443 
155 2 0.00969 0.00648 0.93 0.0102 0.0435 
156 2 0.00955 0.00638 0.931 0.0101 0.0427 
157 2 0.00942 0.00629 0.932 0.00991 0.042 
158 2 0.00929 0.0062 0.933 0.00977 0.0413 
159 2 0.00916 0.00612 0.934 0.00964 0.0406 
160 2 0.00904 0.00604 0.935 0.00951 0.04 
161 2 0.00892 0.00596 0.936 0.00939 0.0393 
162 2 0.00881 0.00588 0.937 0.00927 0.0387 
163 2 0.0087 0.00581 0.938 0.00915 0.0381 
164 2 0.00861 0.00574 0.939 0.00905 0.0376 
165 2 0.00853 0.00569 0.94 0.00897 0.0373 
166 2 0.00847 0.00564 0.94 0.0089 0.037 
167 2 0.00841 0.0056 0.94 0.00885 0.0368 
168 2 0.00837 0.00557 0.941 0.0088 0.0366 
169 2 0.00833 0.00554 0.941 0.00875 0.0364 
170 2 0.00829 0.00551 0.941 0.00871 0.0363 
171 2 0.00826 0.00548 0.941 0.00868 0.0362 
172 2 0.00823 0.00546 0.942 0.00864 0.0361 
173 2 0.0082 0.00543 0.942 0.00861 0.0361 
174 2 0.00817 0.00541 0.942 0.00859 0.036 
175 2 0.00815 0.00539 0.942 0.00856 0.036 
176 2 0.00813 0.00537 0.942 0.00854 0.036 
177 2 0.0081 0.00536 0.942 0.00851 0.0359 
178 2 0.00808 0.00534 0.942 0.00849 0.0359 
179 2 0.00807 0.00532 0.942 0.00847 0.0359 
180 2 0.00805 0.00531 0.942 0.00845 0.0359 
181 2 0.00803 0.00529 0.942 0.00844 0.0359 
182 2 0.00801 0.00527 0.942 0.00842 0.0359 
183 2 0.008 0.00526 0.942 0.0084 0.0359 
184 2 0.00798 0.00525 0.942 0.00838 0.0359 
185 2 0.00797 0.00523 0.943 0.00837 0.0359 
186 2 0.00795 0.00522 0.943 0.00835 0.0359 
187 2 0.00794 0.0052 0.943 0.00834 0.0359 
188 2 0.00793 0.00519 0.943 0.00832 0.0359 
189 2 0.00791 0.00518 0.943 0.00831 0.0359 
190 2 0.0079 0.00516 0.943 0.0083 0.036 
191 2 0.00789 0.00515 0.943 0.00828 0.036 
192 2 0.00787 0.00514 0.943 0.00827 0.036 
193 2 0.00786 0.00513 0.943 0.00825 0.036 
194 2 0.00785 0.00511 0.943 0.00824 0.036 
195 2 0.00784 0.0051 0.943 0.00823 0.036 
196 2 0.00783 0.00509 0.943 0.00821 0.036 
197 2 0.00781 0.00508 0.943 0.0082 0.036 
198 2 0.0078 0.00507 0.943 0.00819 0.0361 
199 2 0.00779 0.00505 0.943 0.00818 0.0361 
200 2 0.00778 0.00504 0.943 0.00816 0.0361 
201 2 0.00777 0.00503 0.943 0.00815 0.0361 
202 2 0.00776 0.00502 0.943 0.00814 0.0361 
203 2 0.00775 0.00501 0.943 0.00813 0.0361 
204 2 0.00773 0.005 0.943 0.00812 0.0361 
205 2 0.00772 0.00498 0.943 0.0081 0.0361 
206 2 0.00771 0.00497 0.943 0.00809 0.0361 
207 2 0.0077 0.00496 0.943 0.00808 0.0361 
208 2 0.00769 0.00495 0.943 0.00807 0.0361 
209 2 0.00768 0.00494 0.943 0.00806 0.0361 
210 2 0.00767 0.00493 0.943 0.00805 0.0361 
211 2 0.00766 0.00492 0.943 0.00803 0.0361 
212 2 0.00765 0.00491 0.943 0.00802 0.0361 
213 2 0.00764 0.00489 0.943 0.00801 0.0362 
214 2 0.00763 0.00488 0.943 0.008 0.0362 
215 2 0.00762 0.00487 0.943 0.00799 0.0362 
216 2 0.00761 0.00486 0.943 0.00798 0.0362 
217 2 0.0076 0.00485 0.943 0.00797 0.0362 
218 2 0.00759 0.00484 0.943 0.00796 0.0362 
219 2 0.00758 0.00483 0.943 0.00795 0.0362 
220 2 0.00757 0.00482 0.943 0.00794 0.0362 
221 2 0.00756 0.00481 0.944 0.00793 0.0362 
222 2 0.00755 0.0048 0.944 0.00792 0.0362 
223 2 0.00754 0.00479 0.944 0.00791 0.0362 
224 2 0.00753 0.00478 0.944 0.0079 0.0362 
225 2 0.00752 0.00477 0.944 0.00789 0.0362 
226 2 0.00751 0.00476 0.944 0.00788 0.0362 
227 2 0.00751 0.00475 0.944 0.00787 0.0363 
228 2 0.0075 0.00474 0.944 0.00786 0.0363 
229 2 0.00749 0.00473 0.944 0.00785 0.0363 
230 2 0.00748 0.00473 0.944 0.00784 0.0363 
231 2 0.00748 0.00472 0.944 0.00784 0.0363 
232 2 0.00747 0.00471 0.944 0.00783 0.0364 
233 2 0.00746 0.0047 0.944 0.00782 0.0364 
234 2 0.00746 0.00469 0.944 0.00781 0.0364 
235 2 0.00745 0.00468 0.944 0.00781 0.0364 
236 2 0.00744 0.00468 0.944 0.0078 0.0365 
237 2 0.00744 0.00467 0.944 0.00779 0.0365 
238 2 0.00743 0.00466 0.944 0.00779 0.0366 
239 2 0.00743 0.00465 0.944 0.00778 0.0366 
240 2 0.00742 0.00465 0.944 0.00778 0.0366 
241 2 0.00742 0.00464 0.943 0.00777 0.0367 
242 2 0.00742 0.00463 0.943 0.00777 0.0367 
243 2 0.00741 0.00463 0.943 0.00777 0.0368 
244 2 0.00741 0.00462 0.943 0.00776 0.0369 
245 2 0.00741 0.00462 0.943 0.00776 0.0369 
246 2 0.0074 0.00461 0.943 0.00776 0.037 
247 2 0.0074 0.00461 0.943 0.00776 0.0371 
248 2 0.0074 0.0046 0.943 0.00775 0.0371 
249 2 0.0074 0.0046 0.943 0.00775 0.0372 
250 2 0.0074 0.00459 0.943 0.00775 0.0373 
251 2 0.0074 0.00459 0.943 0.00775 0.0374 
252 2 0.0074 0.00459 0.943 0.00775 0.0375 
253 2 0.0074 0.00458 0.943 0.00776 0.0376 
254 2 0.00741 0.00458 0.943 0.00776 0.0377 
255 2 0.00741 0.00458 0.942 0.00776 0.0379 
256 2 0.00741 0.00458 0.942 0.00776 0.038 
257 2 0.00742 0.00458 0.942 0.00777 0.0381 
258 2 0.00742 0.00457 0.942 0.00777 0.0383 
259 2 0.00743 0.00457 0.942 0.00778 0.0384 
260 2 0.00743 0.00457 0.942 0.00778 0.0386 
261 2 0.00744 0.00457 0.941 0.00779 0.0387 
262 2 0.00745 0.00457 0.941 0.0078 0.0389 
263 2 0.00745 0.00457 0.941 0.0078 0.0391 
264 2 0.00746 0.00458 0.941 0.00781 0.0393 
265 2 0.00747 0.00458 0.941 0.00782 0.0394 
266 2 0.00748 0.00458 0.94 0.00783 0.0396 
267 2 0.00749 0.00458 0.94 0.00784 0.0399 
268 2 0.0075 0.00459 0.94 0.00785 0.0401 
269 2 0.00752 0.00459 0.94 0.00787 0.0403 
270 2 0.00753 0.00459 0.939 0.00788 0.0406 
271 2 0.00754 0.0046 0.939 0.00789 0.0408 
272 2 0.00756 0.0046 0.939 0.00791 0.0411 
273 2 0.00757 0.00461 0.939 0.00792 0.0413 
274 2 0.00759 0.00461 0.938 0.00794 0.0416 
275 2 0.0076 0.00462 0.938 0.00796 0.0419 
276 2 0.00762 0.00463 0.938 0.00798 0.0422 
277 2 0.00764 0.00463 0.937 0.00799 0.0425 
278 2 0.00766 0.00464 0.937 0.00801 0.0429 
279 2 0.00768 0.00465 0.936 0.00804 0.0432 
280 2 0.0077 0.00466 0.936 0.00806 0.0436 
281 2 0.00772 0.00467 0.936 0.00808 0.0439 
282 2 0.00774 0.00468 0.935 0.0081 0.0443 
283 2 0.00777 0.00469 0.935 0.00813 0.0447 
284 2 0.00779 0.0047 0.934 0.00815 0.0451 
285 2 0.00782 0.00471 0.934 0.00818 0.0455 
286 2 0.00784 0.00472 0.933 0.0082 0.0459 
287 2 0.00787 0.00473 0.933 0.00823 0.0464 
288 2 0.0079 0.00474 0.932 0.00826 0.0468 
289 2 0.00792 0.00475 0.932 0.00829 0.0473 
290 2 0.00795 0.00477 0.931 0.00832 0.0478 
291 2 0.00798 0.00478 0.931 0.00835 0.0483 
292 2 0.00801 0.00479 0.93 0.00838 0.0488 
293 2 0.00804 0.00481 0.929 0.00841 0.0493 
294 2 0.00808 0.00482 0.929 0.00845 0.0499 
295 2 0.00811 0.00484 0.928 0.00848 0.0505 
296 2 0.00814 0.00486 0.927 0.00852 0.051 
297 2 0.00818 0.00487 0.927 0.00855 0.0516 
298 2 0.00821 0.00489 0.926 0.00859 0.0522 
299 2 0.00825 0.00491 0.925 0.00863 0.0529 
300 2 0.00829 0.00492 0.925 0.00866 0.0535 
301 2 0.00833 0.00494 0.924 0.0087 0.0542 
302 2 0.00836 0.00496 0.923 0.00874 0.0549 
303 2 0.0084 0.00498 0.922 0.00879 0.0556 
304 2 0.00844 0.005 0.921 0.00883 0.0563 
305 2 0.00849 0.00502 0.921 0.00887 0.0571 
306 2 0.00853 0.00504 0.92 0.00891 0.0578 
307 2 0.00857 0.00506 0.919 0.00896 0.0586 
308 2 0.00862 0.00508 0.918 0.009 0.0594 
309 2 0.00866 0.0051 0.917 0.00905 0.0602 
310 2 0.00871 0.00512 0.916 0.0091 0.0611 
311 2 0.00875 0.00515 0.915 0.00915 0.062 
312 2 0.0088 0.00517 0.914 0.0092 0.0629 
313 2 0.00885 0.00519 0.913 0.00925 0.0638 
314 2 0.0089 0.00522 0.912 0.0093 0.0648 
315 2 0.00895 0.00524 0.911 0.00935 0.0657 
316 2 0.009 0.00526 0.91 0.0094 0.0667 
317 2 0.00905 0.00529 0.908 0.00946 0.0678 
318 2 0.0091 0.00531 0.907 0.00951 0.0688 
319 2 0.00916 0.00534 0.906 0.00957 0.0699 
320 2 0.00921 0.00537 0.905 0.00962 0.0711 
321 2 0.00927 0.00539 0.903 0.00968 0.0722 
322 2 0.00932 0.00542 0.902 0.00974 0.0734 
323 2 0.00938 0.00545 0.901 0.0098 0.0746 
324 2 0.00944 0.00548 0.899 0.00986 0.0759 
325 2 0.0095 0.00551 0.898 0.00992 0.0772 
326 2 0.00956 0.00554 0.896 0.00998 0.0785 
327 2 0.00962 0.00557 0.895 0.01 0.0798 
328 2 0.00968 0.0056 0.893 0.0101 0.0812 
329 2 0.00975 0.00563 0.892 0.0102 0.0827 
330 2 0.00981 0.00566 0.89 0.0102 0.0842 
331 2 0.00988 0.00569 0.888 0.0103 0.0857 
332 2 0.00994 0.00572 0.887 0.0104 0.0872 
333 2 0.01 0.00575 0.885 0.0104 0.0889 
334 2 0.0101 0.00579 0.883 0.0105 0.0905 
335 2 0.0101 0.00582 0.881 0.0106 0.0922 
336 2 0.0102 0.00585 0.879 0.0107 0.094 
337 2 0.0103 0.00589 0.877 0.0107 0.0958 
338 2 0.0104 0.00592 0.875 0.0108 0.0976 
339 2 0.0104 0.00596 0.873 0.0109 0.0995 
340 2 0.0105 0.00599 0.871 0.011 0.101 
341 2 0.0106 0.00603 0.869 0.011 0.104 
342 2 0.0107 0.00606 0.867 0.0111 0.106 
343 2 0.0107 0.0061 0.864 0.0112 0.108 
344 2 0.0108 0.00614 0.862 0.0113 0.11 
345 2 0.0109 0.00617 0.859 0.0114 0.112 
346 2 0.011 0.00621 0.857 0.0114 0.115 
347 2 0.011 0.00625 0.854 0.0115 0.117 
348 2 0.0111 0.00629 0.852 0.0116 0.119 
349 2 0.0112 0.00633 0.849 0.0117 0.122 
350 2 0.0113 0.00637 0.846 0.0118 0.125 
351 2 0.0114 0.00641 0.843 0.0119 0.127 
352 2 0.0115 0.00645 0.84 0.0119 0.13 
353 2 0.0115 0.00649 0.837 0.012 0.133 
354 2 0.0116 0.00653 0.834 0.0121 0.136 
355 2 0.0117 0.00657 0.831 0.0122 0.139 
356 2 0.0118 0.00661 0.827 0.0123 0.142 
357 2 0.0119 0.00665 0.824 0.0124 0.145 
358 2 0.012 0.00669 0.82 0.0125 0.149 
359 2 0.0121 0.00673 0.817 0.0126 0.152 
360 2 0.0122 0.00677 0.813 0.0127 0.156 
361 2 0.0123 0.00681 0.809 0.0128 0.159 
362 2 0.0123 0.00686 0.805 0.0129 0.163 
363 2 0.0124 0.0069 0.801 0.0129 0.167 
364 2 0.0125 0.00694 0.797 0.013 0.171 
365 2 0.0126 0.00698 0.793 0.0131 0.175 
366 2 0.0127 0.00702 0.788 0.0132 0.179 
367 2 0.0128 0.00706 0.784 0.0133 0.183 
368 2 0.0129 0.0071 0.779 0.0134 0.187 
369 2 0.013 0.00714 0.775 0.0135 0.192 
370 2 0.0131 0.00718 0.77 0.0136 0.196 
371 2 0.0131 0.00722 0.765 0.0137 0.201 
372 2 0.0132 0.00726 0.76 0.0138 0.206 
373 2 0.0133 0.0073 0.754 0.0139 0.211 
374 2 0.0134 0.00733 0.749 0.014 0.216 
375 2 0.0135 0.00737 0.744 0.014 0.221 
376 2 0.0136 0.0074 0.738 0.0141 0.227 
377 2 0.0137 0.00744 0.733 0.0142 0.232 
378 2 0.0137 0.00747 0.727 0.0143 0.238 
379 2 0.0138 0.00751 0.721 0.0144 0.243 
380 2 0.014 0.00758 0.713 0.0146 0.251 
381 2 0.0142 0.00766 0.704 0.0148 0.26 
382 2 0.0144 0.00774 0.695 0.0149 0.268 
383 2 0.0145 0.00781 0.686 0.0151 0.277 
384 2 0.0147 0.00788 0.677 0.0153 0.285 
385 2 0.0149 0.00794 0.668 0.0154 0.294 
386 2 0.015 0.008 0.659 0.0156 0.302 
387 2 0.0151 0.00805 0.651 0.0157 0.31 
388 2 0.0153 0.0081 0.642 0.0159 0.318 
389 2 0.0154 0.00815 0.634 0.016 0.327 
390 2 0.0155 0.00819 0.625 0.0161 0.335 
391 2 0.0156 0.00823 0.616 0.0163 0.344 
392 2 0.0157 0.00827 0.607 0.0164 0.352 
393 2 0.0158 0.0083 0.598 0.0165 0.361 
394 2 0.0159 0.00833 0.589 0.0166 0.37 
395 2 0.016 0.00836 0.58 0.0167 0.379 
396 2 0.0161 0.00839 0.57 0.0168 0.388 
397 2 0.0162 0.00841 0.561 0.0169 0.398 
398 2 0.0163 0.00843 0.551 0.0169 0.407 
399 2 0.0164 0.00845 0.542 0.017 0.416 
400 2 0.0164 0.00846 0.532 0.0171 0.426 
401 2 0.0165 0.00847 0.523 0.0171 0.435 
402 2 0.0166 0.00847 0.513 0.0172 0.445 
403 2 0.0166 0.00848 0.504 0.0172 0.454 
404 2 0.0166 0.00847 0.494 0.0173 0.463 
405 2 0.0167 0.00847 0.485 0.0173 0.472 
406 4 0.0167 0.00846 0.476 0.0174 0.481 
407 4 0.0167 0.00845 0.467 0.0174 0.49 
408 4 0.0168 0.00844 0.458 0.0174 0.499 
409 4 0.0168 0.00843 0.45 0.0174 0.508 
410 4 0.0168 0.00841 0.441 0.0174 0.516 
411 4 0.0168 0.00839 0.433 0.0174 0.524 
412 4 0.0168 0.00837 0.425 0.0174 0.532 
413 4 0.0168 0.00835 0.417 0.0174 0.54 
414 4 0.017 0.00839 0.408 0.0176 0.549 
415 4 0.0169 0.00835 0.398 0.0176 0.559 
416 4 0.0169 0.00832 0.391 0.0176 0.566 
417 4 0.0171 0.00836 0.384 0.0178 0.573 
418 4 0.017 0.00831 0.375 0.0177 0.582 
419 4 0.0172 0.00835 0.368 0.0179 0.589 
420 4 0.0171 0.00829 0.36 0.0178 0.597 
421 4 0.0173 0.00833 0.354 0.018 0.602 
422 4 0.0172 0.00827 0.347 0.0179 0.61 
423 4 0.0171 0.00822 0.342 0.0178 0.615 
424 4 0.0173 0.00826 0.338 0.018 0.619 
425 4 0.0172 0.0082 0.331 0.0179 0.626 
426 4 0.0173 0.00823 0.327 0.018 0.629 
427 4 0.0172 0.00816 0.321 0.0179 0.635 
428 4 0.0174 0.00819 0.318 0.0181 0.638 
429 4 0.0173 0.00812 0.313 0.0179 0.644 
430 4 0.0174 0.00815 0.31 0.0181 0.646 
431 4 0.0173 0.00809 0.305 0.0179 0.651 
432 4 0.0174 0.00812 0.304 0.0181 0.653 
433 4 0.0173 0.00805 0.299 0.0179 0.658 
434 4 0.0174 0.00808 0.298 0.0181 0.658 
435 4 0.0173 0.00801 0.294 0.0179 0.663 
436 4 0.0174 0.00805 0.293 0.0181 0.663 
437 4 0.0173 0.00798 0.29 0.018 0.667 
438 4 0.0175 0.00802 0.289 0.0181 0.667 
439 4 0.0176 0.00803 0.287 0.0182 0.669 
440 4 0.0176 0.00804 0.284 0.0183 0.672 
441 4 0.0177 0.00804 0.28 0.0184 0.675 
442 4 0.0178 0.00804 0.277 0.0185 0.679 
443 4 0.0178 0.00804 0.274 0.0185 0.682 
444 4 0.0179 0.00803 0.27 0.0186 0.685 
445 4 0.0179 0.00803 0.267 0.0186 0.688 
446 4 0.018 0.00802 0.264 0.0187 0.691 
447 4 0.018 0.00801 0.261 0.0187 0.694 
448 4 0.0181 0.00801 0.259 0.0188 0.696 
449 4 0.0181 0.00801 0.256 0.0188 0.699 
450 4 0.0182 0.008 0.254 0.0189 0.701 
451 4 0.0182 0.008 0.252 0.019 0.703 
452 4 0.0183 0.00799 0.25 0.019 0.705 
453 4 0.0184 0.00799 0.248 0.0191 0.707 
454 4 0.0184 0.00799 0.246 0.0191 0.708 
455 4 0.0185 0.00799 0.244 0.0192 0.71 
456 4 0.0185 0.00799 0.243 0.0193 0.711 
457 4 0.0186 0.00799 0.241 0.0193 0.713 
458 4 0.0187 0.00799 0.24 0.0194 0.714 
459 4 0.0187 0.00799 0.239 0.0195 0.715 
460 4 0.0188 0.00799 0.237 0.0195 0.717 
461 4 0.0189 0.008 0.236 0.0196 0.718 
462 4 0.019 0.008 0.235 0.0197 0.719 
463 4 0.0191 0.00802 0.233 0.0198 0.72 
464 4 0.0192 0.00804 0.232 0.02 0.721 
465 4 0.0193 0.00804 0.23 0.0201 0.723 
466 4 0.0194 0.00806 0.228 0.0202 0.724 
467 4 0.0195 0.00806 0.227 0.0203 0.726 
468 4 0.0196 0.00808 0.225 0.0204 0.727 
469 4 0.0197 0.00808 0.223 0.0205 0.728 
470 4 0.0198 0.00809 0.222 0.0206 0.73 
471 4 0.0199 0.0081 0.221 0.0207 0.731 
472 4 0.0201 0.00812 0.219 0.0209 0.732 
473 4 0.0202 0.00813 0.218 0.021 0.733 
474 4 0.0203 0.00815 0.217 0.0211 0.733 
475 4 0.0204 0.00817 0.216 0.0212 0.734 
476 4 0.0206 0.00819 0.215 0.0214 0.735 
477 4 0.0207 0.0082 0.214 0.0215 0.736 
478 4 0.0208 0.00822 0.213 0.0217 0.736 
479 4 0.021 0.00825 0.212 0.0218 0.737 
480 4 0.0211 0.00827 0.211 0.022 0.737 
481 4 0.0213 0.0083 0.211 0.0221 0.738 
482 4 0.0214 0.00832 0.21 0.0223 0.738 
483 4 0.0216 0.00834 0.209 0.0225 0.738 
484 4 0.0218 0.00837 0.209 0.0226 0.739 
485 4 0.0219 0.00839 0.208 0.0228 0.739 
486 4 0.0221 0.00842 0.208 0.023 0.739 
487 4 0.0223 0.00845 0.207 0.0232 0.739 
488 4 0.0225 0.00848 0.207 0.0234 0.739 
489 4 0.0227 0.00852 0.207 0.0236 0.739 
490 4 0.0228 0.00855 0.206 0.0238 0.739 
491 4 0.0231 0.00859 0.206 0.024 0.738 
492 4 0.0233 0.00862 0.206 0.0242 0.738 
493 4 0.0235 0.00866 0.206 0.0244 0.738 
494 4 0.0237 0.0087 0.205 0.0247 0.737 
495 4 0.024 0.00874 0.205 0.0249 0.737 
496 4 0.0242 0.00878 0.205 0.0252 0.737 
497 4 0.0244 0.00882 0.205 0.0254 0.737 
498 4 0.0246 0.00886 0.204 0.0257 0.736 
499 4 0.0249 0.0089 0.204 0.0259 0.736 
500 4 0.0251 0.00893 0.204 0.0261 0.736 
501 4 0.0253 0.00897 0.204 0.0264 0.735 
502 4 0.0256 0.00902 0.204 0.0266 0.735 
503 4 0.0258 0.00905 0.204 0.0269 0.734 
504 4 0.026 0.00909 0.204 0.0271 0.734 
505 4 0.0263 0.00914 0.204 0.0274 0.733 
506 4 0.0265 0.00918 0.204 0.0277 0.733 
507 4 0.0268 0.00923 0.204 0.028 0.732 
508 4 0.0271 0.00927 0.204 0.0282 0.732 
509 4 0.0274 0.00932 0.204 0.0286 0.731 
510 4 0.0277 0.00937 0.204 0.0289 0.73 
511 4 0.0279 0.00941 0.204 0.0291 0.73 
512 4 0.0282 0.00946 0.204 0.0295 0.729 
513 4 0.0285 0.00951 0.204 0.0298 0.728 
514 4 0.0289 0.00957 0.204 0.0301 0.727 
515 4 0.0292 0.00961 0.204 0.0304 0.727 
516 4 0.0295 0.00967 0.204 0.0308 0.726 
517 4 0.0298 0.00973 0.205 0.0311 0.725 
518 4 0.0302 0.00979 0.205 0.0315 0.724 
519 4 0.0305 0.00984 0.205 0.0318 0.723 
520 4 0.0308 0.00989 0.205 0.0322 0.722 
521 4 0.0312 0.00994 0.205 0.0325 0.721 
522 4 0.0316 0.01 0.206 0.0329 0.72 
523 4 0.0319 0.0101 0.206 0.0333 0.719 
524 4 0.0322 0.0101 0.206 0.0337 0.718 
525 4 0.0326 0.0102 0.206 0.0341 0.717 
526 4 0.033 0.0102 0.207 0.0345 0.716 
527 4 0.0334 0.0103 0.207 0.0348 0.715 
528 4 0.0338 0.0104 0.207 0.0353 0.714 
529 4 0.0342 0.0104 0.207 0.0357 0.712 
530 4 0.0346 0.0105 0.208 0.0361 0.711 
531 4 0.035 0.0105 0.208 0.0365 0.71 
532 4 0.0354 0.0106 0.208 0.037 0.709 
533 4 0.0359 0.0107 0.208 0.0374 0.708 
534 4 0.0363 0.0107 0.209 0.0379 0.706 
535 4 0.0368 0.0108 0.209 0.0384 0.705 
536 4 0.0372 0.0109 0.209 0.0389 0.703 
537 4 0.0377 0.011 0.21 0.0394 0.702 
538 4 0.0382 0.011 0.21 0.0399 0.701 
539 4 0.0387 0.0111 0.211 0.0405 0.699 
540 4 0.0393 0.0112 0.211 0.0411 0.697 
541 4 0.0399 0.0113 0.212 0.0417 0.695 
542 4 0.0405 0.0114 0.212 0.0423 0.693 
543 4 0.0411 0.0115 0.213 0.0429 0.692 
544 4 0.0417 0.0116 0.213 0.0436 0.69 
545 4 0.0424 0.0116 0.214 0.0442 0.688 
546 4 0.043 0.0117 0.214 0.0449 0.686 
547 4 0.0438 0.0118 0.215 0.0457 0.684 
548 4 0.0445 0.0119 0.215 0.0465 0.682 
549 4 0.0453 0.0121 0.216 0.0473 0.679 
550 4 0.0461 0.0122 0.216 0.0481 0.677 
551 4 0.0469 0.0123 0.217 0.049 0.675 
552 4 0.0477 0.0124 0.217 0.0497 0.673 
553 4 0.0484 0.0125 0.218 0.0505 0.671 
554 4 0.0493 0.0126 0.218 0.0514 0.669 
555 4 0.0501 0.0127 0.218 0.0523 0.667 
556 4 0.051 0.0128 0.219 0.0532 0.664 
557 4 0.0521 0.013 0.219 0.0544 0.661 
558 4 0.0533 0.0131 0.22 0.0557 0.658 
559 4 0.0543 0.0133 0.22 0.0567 0.655 
560 4 0.0553 0.0134 0.221 0.0578 0.653 
561 4 0.0562 0.0135 0.221 0.0588 0.651 
562 4 0.057 0.0136 0.221 0.0595 0.649 
563 4 0.0577 0.0137 0.222 0.0603 0.647 
564 4 0.0585 0.0138 0.222 0.0612 0.644 
565 4 0.0594 0.0139 0.223 0.0622 0.641 
566 4 0.0605 0.014 0.224 0.0633 0.638 
567 4 0.0614 0.0141 0.225 0.0642 0.636 
568 4 0.0624 0.0142 0.226 0.0653 0.633 
569 4 0.0635 0.0143 0.226 0.0665 0.629 
570 4 0.0648 0.0145 0.227 0.0678 0.626 
571 4 0.0659 0.0146 0.228 0.069 0.622 
572 4 0.0671 0.0147 0.229 0.0703 0.619 
573 4 0.0684 0.0149 0.23 0.0718 0.615 
574 4 0.0699 0.015 0.231 0.0733 0.611 
575 4 0.0714 0.0152 0.231 0.075 0.607 
576 4 0.073 0.0153 0.232 0.0767 0.603 
577 4 0.0748 0.0155 0.233 0.0786 0.598 
578 4 0.0767 0.0157 0.234 0.0808 0.593 
579 4 0.0785 0.0158 0.234 0.0827 0.589 
580 4 0.0804 0.016 0.235 0.0849 0.584 
581 4 0.0825 0.0162 0.236 0.0872 0.579 
582 4 0.0848 0.0164 0.236 0.0897 0.573 
583 4 0.0865 0.0165 0.236 0.0916 0.569 
584 4 0.0873 0.0165 0.237 0.0926 0.567 
585 4 0.0882 0.0166 0.237 0.0936 0.564 
586 4 0.0884 0.0165 0.238 0.0937 0.563 
587 4 0.0877 0.0164 0.239 0.093 0.564 
588 4 0.0876 0.0163 0.24 0.0929 0.563 
589 4 0.0876 0.0163 0.241 0.0929 0.562 
590 4 0.0876 0.0162 0.243 0.093 0.561 
591 4 0.0876 0.0162 0.244 0.0931 0.559 
592 4 0.0877 0.0161 0.245 0.0934 0.558 
593 4 0.0878 0.0161 0.247 0.0937 0.556 
594 4 0.088 0.0161 0.248 0.0941 0.554 
595 4 0.088 0.016 0.249 0.0945 0.552 
596 4 0.0881 0.016 0.25 0.0949 0.551 
597 4 0.0882 0.016 0.251 0.0954 0.549 
598 4 0.0882 0.0159 0.252 0.0959 0.548 
599 4 0.0883 0.0159 0.254 0.0964 0.546 
600 4 0.0883 0.0159 0.255 0.0969 0.544 
601 4 0.0883 0.0158 0.256 0.0974 0.543 
602 4 0.0882 0.0158 0.257 0.0979 0.542 
603 4 0.0882 0.0157 0.257 0.0984 0.54 
604 4 0.0881 0.0157 0.258 0.0989 0.539 
605 4 0.0878 0.0157 0.259 0.0993 0.538 
606 4 0.0876 0.0156 0.26 0.0997 0.537 
607 4 0.0874 0.0156 0.261 0.1 0.536 
608 4 0.0872 0.0155 0.262 0.101 0.535 
609 4 0.087 0.0155 0.263 0.101 0.534 
610 4 0.0866 0.0154 0.263 0.101 0.534 
611 4 0.0862 0.0153 0.264 0.1 0.534 
612 4 0.0857 0.0152 0.265 0.1 0.534 
613 4 0.0853 0.0151 0.265 0.0997 0.535 
614 4 0.085 0.015 0.266 0.0994 0.535 
615 4 0.0846 0.0149 0.266 0.0991 0.535 
616 4 0.0842 0.0148 0.267 0.0988 0.535 
617 4 0.0839 0.0147 0.268 0.0986 0.535 
618 4 0.0835 0.0147 0.268 0.0984 0.535 
619 4 0.0832 0.0146 0.269 0.0982 0.535 
620 4 0.0829 0.0145 0.269 0.0981 0.535 
621 4 0.0827 0.0145 0.27 0.098 0.535 
622 4 0.0825 0.0144 0.27 0.098 0.535 
623 4 0.0822 0.0143 0.271 0.098 0.535 
624 4 0.082 0.0143 0.271 0.098 0.534 
625 4 0.0818 0.0142 0.272 0.0981 0.534 
626 4 0.0817 0.0141 0.272 0.0982 0.534 
627 4 0.0815 0.0141 0.273 0.0983 0.533 
628 4 0.0814 0.014 0.273 0.0985 0.533 
629 4 0.0812 0.014 0.274 0.0986 0.532 
630 4 0.0811 0.0139 0.274 0.0988 0.532 
631 4 0.081 0.0139 0.275 0.0991 0.531 
632 4 0.0809 0.0138 0.275 0.0993 0.531 
633 4 0.0808 0.0138 0.276 0.0996 0.53 
634 4 0.0807 0.0137 0.276 0.0999 0.53 
635 4 0.0807 0.0137 0.276 0.1 0.529 
636 4 0.0806 0.0137 0.277 0.101 0.528 
637 4 0.0806 0.0136 0.277 0.101 0.527 
638 4 0.0806 0.0136 0.278 0.102 0.527 
639 4 0.0806 0.0136 0.278 0.102 0.526 
640 4 0.0807 0.0135 0.278 0.103 0.525 
641 4 0.0808 0.0135 0.279 0.104 0.524 
642 4 0.0808 0.0135 0.279 0.104 0.523 
643 4 0.0807 0.0134 0.279 0.104 0.523 
644 4 0.0808 0.0134 0.279 0.104 0.522 
645 4 0.0808 0.0133 0.28 0.105 0.522 
646 4 0.0808 0.0133 0.28 0.105 0.521 
647 4 0.0809 0.0132 0.28 0.106 0.52 
648 4 0.081 0.0132 0.28 0.106 0.519 
649 4 0.0811 0.0132 0.281 0.107 0.518 
650 4 0.0812 0.0132 0.281 0.108 0.517 
651 4 0.0813 0.0131 0.281 0.109 0.516 
652 4 0.0814 0.0131 0.281 0.109 0.515 
653 4 0.0815 0.0131 0.281 0.11 0.514 
654 4 0.0817 0.013 0.282 0.111 0.513 
655 4 0.0818 0.013 0.282 0.112 0.511 
656 4 0.082 0.013 0.282 0.113 0.51 
657 4 0.0822 0.013 0.282 0.114 0.509 
658 4 0.0825 0.013 0.282 0.115 0.508 
659 4 0.0827 0.0129 0.282 0.116 0.506 
660 4 0.083 0.0129 0.282 0.117 0.505 
661 4 0.0833 0.0129 0.282 0.118 0.504 
662 4 0.0835 0.0129 0.282 0.119 0.503 
663 4 0.0838 0.0129 0.282 0.12 0.501 
664 4 0.0841 0.0129 0.282 0.121 0.5 
665 4 0.0844 0.0128 0.282 0.122 0.499 
666 4 0.0848 0.0128 0.282 0.124 0.497 
667 4 0.0851 0.0128 0.281 0.125 0.496 
668 4 0.0854 0.0128 0.281 0.126 0.495 
669 4 0.0857 0.0128 0.281 0.127 0.493 
670 4 0.0861 0.0128 0.281 0.128 0.492 
671 4 0.0864 0.0128 0.281 0.13 0.491 
672 4 0.0868 0.0127 0.28 0.131 0.489 
673 4 0.0872 0.0127 0.28 0.132 0.488 
674 4 0.0876 0.0127 0.28 0.134 0.486 
675 4 0.088 0.0127 0.279 0.135 0.485 
676 4 0.0885 0.0127 0.279 0.137 0.483 
677 4 0.089 0.0127 0.278 0.139 0.481 
678 4 0.0896 0.0127 0.278 0.14 0.479 
679 4 0.0901 0.0127 0.277 0.142 0.478 
680 4 0.0906 0.0127 0.277 0.144 0.476 
681 4 0.0912 0.0127 0.276 0.146 0.474 
682 4 0.0918 0.0127 0.275 0.149 0.472 
683 4 0.0924 0.0127 0.274 0.151 0.469 
684 4 0.0931 0.0127 0.273 0.154 0.467 
685 4 0.0936 0.0127 0.273 0.157 0.465 
686 4 0.0943 0.0127 0.272 0.16 0.462 
687 4 0.095 0.0128 0.27 0.163 0.459 
688 4 0.0957 0.0128 0.269 0.167 0.456 
689 4 0.0963 0.0128 0.268 0.171 0.452 
690 4 0.097 0.0128 0.267 0.175 0.449 
691 4 0.0976 0.0128 0.265 0.179 0.445 
692 4 0.0984 0.0128 0.263 0.184 0.441 
693 4 0.0991 0.0128 0.262 0.189 0.437 
694 4 0.0998 0.0128 0.26 0.194 0.433 
695 4 0.101 0.0129 0.258 0.199 0.429 
696 4 0.101 0.0129 0.257 0.204 0.425 
697 4 0.102 0.0129 0.255 0.21 0.421 
698 4 0.103 0.0129 0.253 0.215 0.416 
699 4 0.103 0.0129 0.251 0.221 0.412 
700 4 0.104 0.0129 0.249 0.227 0.407 
701 4 0.105 0.0129 0.247 0.233 0.402 
702 4 0.106 0.0129 0.245 0.239 0.397 
703 4 0.106 0.0129 0.243 0.246 0.392 
704 4 0.107 0.0129 0.24 0.253 0.387 
705 4 0.108 0.0128 0.238 0.259 0.382 
706 4 0.108 0.0128 0.235 0.267 0.377 
707 4 0.11 0.0129 0.231 0.281 0.365 
708 4 0.111 0.0128 0.228 0.288 0.36 
709 4 0.112 0.0128 0.223 0.304 0.348 
710 4 0.114 0.0128 0.218 0.32 0.336 
711 3 0.115 0.0127 0.212 0.337 0.323 
712 3 0.116 0.0127 0.206 0.355 0.311 
713 3 0.116 0.0126 0.2 0.373 0.299 
714 3 0.117 0.0125 0.194 0.39 0.287 
715 3 0.117 0.0124 0.188 0.409 0.275 
716 3 0.117 0.0122 0.181 0.427 0.263 
717 3 0.116 0.012 0.175 0.445 0.251 
718 3 0.116 0.0119 0.169 0.464 0.24 
719 3 0.115 0.0117 0.162 0.482 0.229 
720 3 0.114 0.0115 0.156 0.5 0.219 
721 3 0.113 0.0112 0.15 0.518 0.208 
722 3 0.111 0.011 0.144 0.536 0.198 
723 3 0.11 0.0108 0.138 0.553 0.189 
724 3 0.108 0.0105 0.132 0.569 0.18 
725 3 0.107 0.0103 0.127 0.585 0.171 
726 3 0.105 0.0101 0.121 0.601 0.163 
727 3 0.103 0.00982 0.116 0.616 0.155 
728 3 0.101 0.00958 0.111 0.631 0.148 
729 3 0.0987 0.00934 0.107 0.644 0.141 
730 3 0.0967 0.00911 0.103 0.657 0.134 
731 3 0.0947 0.00889 0.0985 0.67 0.128 
732 3 0.0927 0.00866 0.0946 0.681 0.123 
733 3 0.0907 0.00845 0.0908 0.693 0.117 
734 3 0.0887 0.00823 0.0872 0.704 0.112 
735 3 0.0867 0.00802 0.0838 0.714 0.107 
736 3 0.0847 0.00782 0.0806 0.724 0.103 
737 3 0.0827 0.00762 0.0775 0.734 0.0984 
738 3 0.0807 0.00742 0.0745 0.743 0.0942 
739 3 0.0787 0.00723 0.0716 0.752 0.0902 
740 3 0.0767 0.00704 0.0688 0.761 0.0864 
741 3 0.0745 0.00685 0.0661 0.77 0.0827 
742 3 0.0721 0.00664 0.0632 0.779 0.0788 
743 3 0.069 0.00639 0.0599 0.79 0.0744 
744 3 0.065 0.00609 0.0561 0.803 0.0693 
745 3 0.0611 0.00579 0.0524 0.816 0.0644 
746 3 0.0575 0.00551 0.049 0.828 0.06 
747 3 0.0541 0.00525 0.0459 0.839 0.056 
748 3 0.0511 0.00501 0.0432 0.848 0.0525 
749 3 0.0484 0.0048 0.0407 0.857 0.0493 
750 3 0.0459 0.0046 0.0385 0.865 0.0464 
751 3 0.0436 0.00441 0.0364 0.872 0.0438 
752 3 0.0415 0.00424 0.0346 0.878 0.0415 
753 3 0.0396 0.00408 0.0329 0.884 0.0393 
754 3 0.0376 0.0039 0.0309 0.891 0.0369 
755 3 0.036 0.00377 0.0296 0.895 0.0352 
756 3 0.0345 0.00364 0.0283 0.9 0.0336 
757 3 0.0329 0.0035 0.0269 0.905 0.0318 
758 3 0.0317 0.0034 0.0259 0.908 0.0306 
759 3 0.0304 0.00328 0.0246 0.913 0.029 
760 3 0.0294 0.00319 0.0238 0.916 0.028 
761 3 0.0284 0.0031 0.023 0.919 0.027 
762 3 0.0273 0.00301 0.022 0.922 0.0258 
763 3 0.0265 0.00293 0.0214 0.924 0.025 
764 3 0.0257 0.00286 0.0207 0.926 0.0243 
765 3 0.0249 0.00278 0.02 0.929 0.0233 
766 3 0.0242 0.00272 0.0194 0.931 0.0227 
767 3 0.0234 0.00265 0.0187 0.933 0.0219 
768 3 0.0228 0.0026 0.0183 0.935 0.0213 
769 3 0.0221 0.00253 0.0177 0.937 0.0206 
770 3 0.0216 0.00249 0.0173 0.939 0.0201 
771 3 0.021 0.00243 0.0168 0.94 0.0195 
772 3 0.0206 0.00239 0.0164 0.942 0.0191 
773 3 0.0202 0.00235 0.0161 0.943 0.0187 
774 3 0.0197 0.00231 0.0157 0.944 0.0182 
775 3 0.0193 0.00227 0.0154 0.945 0.0179 
776 3 0.0189 0.00223 0.0151 0.946 0.0174 
777 3 0.0185 0.0022 0.0148 0.947 0.0171 
778 3 0.0181 0.00216 0.0145 0.949 0.0167 
779 3 0.0178 0.00212 0.0141 0.95 0.0163 
780 3 0.0175 0.0021 0.0139 0.95 0.0161 
781 3 0.0171 0.00206 0.0137 0.951 0.0157 
782 3 0.0168 0.00203 0.0134 0.952 0.0154 
783 3 0.0165 0.002 0.0131 0.953 0.0151 
784 3 0.0161 0.00196 0.0128 0.954 0.0147 
785 3 0.0159 0.00193 0.0126 0.955 0.0145 
786 3 0.0156 0.00191 0.0123 0.956 0.0142 
787 3 0.0153 0.00188 0.0121 0.957 0.0139 
788 3 0.0151 0.00185 0.0119 0.957 0.0137 
789 3 0.0148 0.00183 0.0117 0.958 0.0134 
790 3 0.0146 0.00181 0.0115 0.959 0.0132 
791 3 0.0144 0.00178 0.0113 0.96 0.013 
792 3 0.0141 0.00176 0.0112 0.96 0.0128 
793 3 0.0139 0.00174 0.011 0.961 0.0126 
794 3 0.0137 0.00172 0.0108 0.961 0.0123 
795 3 0.0135 0.00169 0.0106 0.962 0.0121 
796 3 0.0132 0.00167 0.0104 0.963 0.0119 
797 3 0.013 0.00164 0.0102 0.963 0.0117 
798 3 0.0128 0.00162 0.0101 0.964 0.0115 
799 3 0.0126 0.0016 0.00992 0.965 0.0113 
800 3 0.0125 0.00159 0.0098 0.965 0.0112 
801 3 0.0123 0.00157 0.00968 0.965 0.011 
802 3 0.0122 0.00156 0.00957 0.966 0.0109 
803 3 0.0121 0.00155 0.00947 0.966 0.0108 
804 3 0.012 0.00153 0.00938 0.966 0.0107 
805 3 0.0118 0.00152 0.00928 0.967 0.0106 
806 3 0.0117 0.00151 0.0092 0.967 0.0105 
807 3 0.0117 0.0015 0.00912 0.967 0.0104 
808 3 0.0116 0.00149 0.00907 0.968 0.0103 
809 3 0.0116 0.00149 0.00904 0.968 0.0103 
810 3 0.0115 0.00149 0.009 0.968 0.0102 
811 3 0.0115 0.00148 0.00898 0.968 0.0102 
812 3 0.0115 0.00148 0.00895 0.968 0.0102 
813 3 0.0115 0.00148 0.00894 0.968 0.0102 
814 3 0.0115 0.00148 0.00892 0.968 0.0101 
815 3 0.0116 0.00148 0.00891 0.968 0.0101 
816 3 0.0116 0.00148 0.0089 0.968 0.0101 
817 3 0.0116 0.00148 0.00889 0.968 0.0101 
818 3 0.0116 0.00148 0.00888 0.968 0.0101 
819 3 0.0116 0.00148 0.00887 0.968 0.0101 
820 3 0.0117 0.00148 0.00887 0.968 0.0101 
821 3 0.0117 0.00148 0.00886 0.968 0.0101 
822 3 0.0118 0.00148 0.00886 0.968 0.0101 
823 3 0.0118 0.00148 0.00886 0.968 0.0101 
824 3 0.0119 0.00148 0.00886 0.968 0.0101 
825 3 0.0119 0.00148 0.00886 0.968 0.0101 
826 3 0.012 0.00149 0.00887 0.968 0.0101 
827 3 0.012 0.00149 0.00887 0.968 0.0101 
828 3 0.0121 0.00149 0.00887 0.967 0.0101 
829 3 0.0122 0.00149 0.00888 0.967 0.0101 
830 3 0.0122 0.0015 0.00889 0.967 0.0101 
831 3 0.0123 0.0015 0.00889 0.967 0.0101 
832 3 0.0124 0.0015 0.00891 0.967 0.0101 
833 3 0.0125 0.00151 0.00892 0.967 0.0101 
834 3 0.0125 0.00151 0.00893 0.967 0.0101 
835 3 0.0126 0.00151 0.00894 0.967 0.0102 
836 3 0.0127 0.00152 0.00896 0.967 0.0102 
837 3 0.0128 0.00152 0.00897 0.967 0.0102 
838 3 0.0129 0.00153 0.00899 0.966 0.0102 
839 3 0.013 0.00153 0.009 0.966 0.0102 
840 3 0.0131 0.00154 0.00902 0.966 0.0102 
841 3 0.0131 0.00154 0.00904 0.966 0.0103 
842 3 0.0132 0.00154 0.00905 0.966 0.0103 
843 3 0.0133 0.00155 0.00907 0.966 0.0103 
844 3 0.0134 0.00155 0.00909 0.966 0.0103 
845 3 0.0135 0.00156 0.00911 0.965 0.0104 
846 3 0.0136 0.00156 0.00914 0.965 0.0104 
847 3 0.0137 0.00157 0.00916 0.965 0.0104 
848 3 0.0138 0.00157 0.00918 0.965 0.0104 
849 3 0.0139 0.00158 0.0092 0.965 0.0105 
850 3 0.014 0.00158 0.00923 0.965 0.0105 
851 3 0.0141 0.00159 0.00925 0.965 0.0105 
852 3 0.0142 0.00159 0.00928 0.964 0.0105 
853 3 0.0143 0.0016 0.00931 0.964 0.0106 
854 3 0.0144 0.00161 0.00934 0.964 0.0106 
855 3 0.0146 0.00161 0.00937 0.964 0.0106 
856 3 0.0147 0.00162 0.0094 0.964 0.0107 
857 3 0.0148 0.00162 0.00943 0.963 0.0107 
858 3 0.0149 0.00163 0.00946 0.963 0.0108 
859 3 0.015 0.00163 0.00949 0.963 0.0108 
860 3 0.0151 0.00164 0.00953 0.963 0.0108 
861 3 0.0153 0.00165 0.00956 0.963 0.0109 
862 3 0.0154 0.00165 0.0096 0.962 0.0109 
863 3 0.0155 0.00166 0.00963 0.962 0.011 
864 3 0.0156 0.00167 0.00967 0.962 0.011 
865 3 0.0157 0.00167 0.00971 0.962 0.011 
866 3 0.0159 0.00168 0.00975 0.962 0.0111 
867 3 0.016 0.00169 0.00979 0.961 0.0111 
868 3 0.0161 0.0017 0.00984 0.961 0.0112 
869 3 0.0163 0.0017 0.00988 0.961 0.0112 
870 3 0.0164 0.00171 0.00992 0.961 0.0113 
871 3 0.0165 0.00172 0.00996 0.96 0.0113 
872 3 0.0166 0.00172 0.01 0.96 0.0114 
873 3 0.0167 0.00173 0.0101 0.96 0.0114 
874 3 0.0169 0.00174 0.0101 0.96 0.0115 
875 3 0.017 0.00174 0.0101 0.96 0.0116 
876 3 0.0171 0.00175 0.0102 0.959 0.0116 
877 3 0.0172 0.00176 0.0102 0.959 0.0117 
878 3 0.0173 0.00176 0.0103 0.959 0.0117 
879 3 0.0174 0.00177 0.0103 0.959 0.0118 
880 3 0.0175 0.00178 0.0104 0.958 0.0119 
881 3 0.0177 0.00179 0.0105 0.958 0.0119 
882 3 0.0178 0.0018 0.0105 0.958 0.012 
883 3 0.018 0.00181 0.0106 0.958 0.0121 
884 3 0.0182 0.00182 0.0107 0.957 0.0122 
885 3 0.0183 0.00183 0.0107 0.957 0.0123 
886 3 0.0185 0.00184 0.0108 0.956 0.0124 
887 3 0.0188 0.00185 0.0109 0.956 0.0125 
888 3 0.019 0.00187 0.011 0.956 0.0126 
889 3 0.0192 0.00188 0.0111 0.955 0.0127 
890 3 0.0195 0.0019 0.0112 0.955 0.0128 
891 3 0.0197 0.00191 0.0113 0.954 0.0129 
892 3 0.02 0.00193 0.0114 0.954 0.013 
893 3 0.0203 0.00194 0.0115 0.953 0.0132 
894 3 0.0206 0.00196 0.0116 0.953 0.0133 
895 3 0.0209 0.00197 0.0117 0.952 0.0134 
896 3 0.0212 0.00199 0.0118 0.952 0.0135 
897 3 0.0214 0.00201 0.0119 0.951 0.0136 
898 3 0.0217 0.00202 0.012 0.951 0.0137 
899 3 0.022 0.00204 0.0121 0.95 0.0138 
900 3 0.0224 0.00205 0.0122 0.949 0.014 
901 3 0.0227 0.00207 0.0122 0.949 0.0141 
902 3 0.023 0.00208 0.0123 0.948 0.0142 
903 3 0.0234 0.0021 0.0124 0.948 0.0143 
904 3 0.0237 0.00212 0.0125 0.947 0.0144 
905 3 0.0241 0.00214 0.0126 0.947 0.0145 
906 3 0.0244 0.00215 0.0127 0.946 0.0146 
907 3 0.0248 0.00217 0.0128 0.945 0.0148 
908 3 0.0252 0.00219 0.0129 0.945 0.0149 
909 3 0.0256 0.00221 0.013 0.944 0.015 
910 3 0.026 0.00223 0.0132 0.943 0.0151 
911 3 0.0266 0.00225 0.0133 0.943 0.0153 
912 3 0.0272 0.00228 0.0134 0.942 0.0155 
913 3 0.0279 0.00231 0.0136 0.941 0.0156 
914 3 0.0288 0.00234 0.0138 0.939 0.0159 
915 3 0.0297 0.00238 0.014 0.938 0.0161 
916 3 0.0308 0.00242 0.0142 0.936 0.0163 
917 3 0.032 0.00247 0.0144 0.934 0.0166 
918 3 0.0333 0.00252 0.0147 0.933 0.0169 
919 3 0.0347 0.00257 0.015 0.931 0.0172 
920 3 0.0363 0.00263 0.0152 0.928 0.0176 
921 3 0.0379 0.00268 0.0155 0.926 0.0179 
922 3 0.0399 0.00275 0.0159 0.923 0.0183 
923 3 0.0425 0.00283 0.0163 0.92 0.0188 
924 3 0.0457 0.00293 0.0168 0.915 0.0193 
925 3 0.0494 0.00303 0.0173 0.91 0.0199 
926 3 0.0538 0.00315 0.0179 0.905 0.0206 
927 3 0.0592 0.00329 0.0186 0.897 0.0214 
928 3 0.0658 0.00345 0.0194 0.889 0.0223 
929 3 0.0734 0.00362 0.0202 0.879 0.0232 
930 3 0.0821 0.0038 0.0211 0.869 0.0242 
931 3 0.0917 0.00397 0.0219 0.857 0.0252 
932 3 0.101 0.00413 0.0227 0.846 0.026 
933 3 0.111 0.00428 0.0233 0.834 0.0267 
934 3 0.121 0.00441 0.0239 0.823 0.0274 
935 3 0.132 0.00455 0.0245 0.81 0.0281 
936 3 0.146 0.0047 0.0252 0.796 0.0288 
937 3 0.16 0.00485 0.0258 0.779 0.0295 
938 3 0.178 0.00501 0.0265 0.76 0.0303 
939 3 0.197 0.00517 0.0272 0.739 0.031 
940 3 0.219 0.00533 0.0278 0.716 0.0317 
941 3 0.242 0.00547 0.0283 0.692 0.0322 
942 3 0.267 0.00559 0.0287 0.666 0.0327 
943 3 0.292 0.00568 0.029 0.641 0.033 
944 3 0.317 0.00575 0.0292 0.615 0.0331 
945 3 0.342 0.00579 0.0292 0.589 0.0331 
946 3 0.366 0.00582 0.0292 0.566 0.033 
947 3 0.387 0.00582 0.029 0.546 0.0328 
948 3 0.405 0.0058 0.0288 0.528 0.0325 
949 3 0.422 0.00578 0.0285 0.511 0.0322 
950 3 0.436 0.00575 0.0283 0.498 0.0319 
951 3 0.449 0.00572 0.028 0.486 0.0315 
952 3 0.458 0.00569 0.0277 0.477 0.0312 
953 3 0.466 0.00565 0.0275 0.47 0.0309 
954 0 0.473 0.00562 0.0273 0.463 0.0307 
955 0 0.477 0.00559 0.0271 0.46 0.0305 
956 0 0.481 0.00557 0.0269 0.457 0.0303 
957 0 0.488 0.00554 0.0268 0.45 0.0301 
958 0 0.498 0.00551 0.0266 0.44 0.0298 
959 0 0.511 0.00548 0.0264 0.428 0.0296 
960 0 0.525 0.00544 0.0261 0.414 0.0293 
961 0 0.541 0.00539 0.0259 0.398 0.029 
962 0 0.56 0.00534 0.0255 0.381 0.0286 
963 0 0.579 0.00527 0.0251 0.362 0.0282 
964 0 0.601 0.00518 0.0247 0.341 0.0276 
965 0 0.624 0.00509 0.0241 0.32 0.027 
966 0 0.647 0.00497 0.0235 0.298 0.0263 
967 0 0.67 0.00484 0.0228 0.276 0.0255 
968 0 0.694 0.0047 0.0221 0.255 0.0247 
969 0 0.717 0.00455 0.0213 0.234 0.0237 
970 0 0.739 0.00439 0.0204 0.213 0.0228 
971 0 0.76 0.00421 0.0195 0.194 0.0218 
972 0 0.781 0.00404 0.0186 0.176 0.0207 
973 0 0.794 0.00391 0.0179 0.164 0.02 
974 0 0.811 0.00374 0.0171 0.149 0.019 
975 0 0.826 0.00358 0.0163 0.136 0.0181 
976 0 0.839 0.00343 0.0155 0.125 0.0173 
977 0 0.851 0.00329 0.0148 0.115 0.0165 
978 0 0.861 0.00316 0.0142 0.106 0.0157 
979 0 0.87 0.00304 0.0136 0.0985 0.0151 
980 0 0.877 0.00294 0.0131 0.0921 0.0145 
981 0 0.884 0.00284 0.0126 0.0866 0.014 
982 0 0.89 0.00276 0.0122 0.0817 0.0135 
983 0 0.895 0.00268 0.0118 0.0774 0.0131 
984 0 0.9 0.0026 0.0114 0.0736 0.0127 
985 0 0.904 0.00254 0.0111 0.0703 0.0123 
986 0 0.906 0.0025 0.0109 0.0681 0.0121 
987 0 0.908 0.00247 0.0108 0.0669 0.0119 
988 0 0.909 0.00244 0.0106 0.0656 0.0118 
