0	0.2		0.2		0.2		0.2		0.2		0
1	0.19974		0.19966		0.20052		0.2002		0.19988		2
2	0.19947		0.1993		0.20109		0.20039		0.19975		2
3	0.19917		0.19892		0.2017		0.2006		0.19961		2
4	0.19885		0.19852		0.20235		0.20084		0.19944		2
5	0.19851		0.19808		0.20305		0.20111		0.19925		2
6	0.19813		0.19761		0.20381		0.20142		0.19904		2
7	0.19772		0.19709		0.20464		0.20176		0.19879		2
8	0.19725		0.19652		0.20558		0.20215		0.1985		2
9	0.19673		0.19588		0.20667		0.20257		0.19814		2
10	0.19612		0.19516		0.20799		0.20301		0.19772		2
11	0.19541		0.19433		0.20966		0.20343		0.19718		2
12	0.19457		0.19336		0.21178		0.20377		0.19652		2
13	0.19362		0.19228		0.2143		0.20405		0.19576		2
14	0.19262		0.19114		0.21699		0.2043		0.19495		2
15	0.19161		0.18998		0.21974		0.20455		0.19412		2
16	0.19058		0.18879		0.22255		0.2048		0.19329		2
17	0.18953		0.18757		0.22542		0.20503		0.19245		2
18	0.18847		0.18633		0.22834		0.20527		0.19159		2
19	0.18739		0.18505		0.23133		0.20549		0.19073		2
20	0.1863		0.18374		0.23441		0.2057		0.18985		2
21	0.18518		0.18239		0.23758		0.20588		0.18897		2
22	0.18405		0.18099		0.24087		0.20602		0.18807		2
23	0.1829		0.17954		0.24428		0.20611		0.18717		2
24	0.18174		0.17804		0.24782		0.20614		0.18626		2
25	0.18058		0.17648		0.25147		0.2061		0.18537		2
26	0.17944		0.17486		0.25519		0.20598		0.18453		2
27	0.17836		0.1732		0.25889		0.20578		0.18376		2
28	0.17738		0.17149		0.2625		0.20551		0.18313		2
29	0.17654		0.1697		0.26593		0.20511		0.18271		2
30	0.17594		0.16782		0.26907		0.20457		0.18261		2
31	0.17565		0.16581		0.27176		0.20383		0.18294		2
32	0.1757		0.16371		0.27401		0.20291		0.18368		2
33	0.17591		0.16156		0.27599		0.20196		0.18458		2
34	0.17613		0.15943		0.27785		0.20107		0.18553		2
35	0.1763		0.15731		0.27959		0.2003		0.1865		2
36	0.17641		0.15519		0.28118		0.1997		0.18752		2
37	0.17643		0.15307		0.28254		0.19938		0.18858		2
38	0.17632		0.15092		0.28359		0.19948		0.18968		2
39	0.17605		0.14872		0.28419		0.20021		0.19084		2
40	0.17559		0.14647		0.28428		0.20156		0.1921		2
41	0.17499		0.1442		0.28397		0.20319		0.19365		2
42	0.17428		0.14192		0.28331		0.2049		0.19558		2
43	0.17344		0.13964		0.28233		0.20678		0.1978		2
44	0.1725		0.13736		0.28106		0.20899		0.20009		2
45	0.17145		0.13509		0.27947		0.21165		0.20234		2
46	0.17031		0.13283		0.27763		0.2147		0.20454		2
47	0.16912		0.13059		0.27563		0.2179		0.20675		2
48	0.16789		0.1284		0.27354		0.22114		0.20902		2
49	0.16664		0.12625		0.27137		0.22439		0.21136		2
50	0.16535		0.12414		0.2691		0.22763		0.21377		2
51	0.16404		0.12206		0.26675		0.23088		0.21629		2
52	0.16269		0.12002		0.2643		0.23411		0.21889		2
53	0.16131		0.11801		0.26178		0.23733		0.22157		2
54	0.15992		0.11603		0.2592		0.24055		0.2243		2
55	0.15851		0.1141		0.25656		0.24377		0.22706		2
56	0.15709		0.1122		0.25389		0.24699		0.22983		2
57	0.15566		0.11034		0.25119		0.25023		0.23259		2
58	0.15422		0.10851		0.24845		0.25346		0.23535		3
59	0.15278		0.10671		0.24569		0.2567		0.23811		3
60	0.15134		0.10496		0.24291		0.25994		0.24085		3
61	0.1499		0.10323		0.24011		0.26318		0.24359		3
62	0.14845		0.10154		0.23729		0.26641		0.24631		3
63	0.14701		0.099874		0.23445		0.26964		0.24902		3
64	0.14558		0.098243		0.23161		0.27286		0.25171		3
65	0.14416		0.096642		0.22875		0.27606		0.25438		3
66	0.14275		0.095072		0.22589		0.27925		0.25703		3
67	0.14136		0.093532		0.22303		0.28243		0.25965		3
68	0.13999		0.09202		0.22016		0.28558		0.26225		3
69	0.13865		0.090537		0.2173		0.2887		0.26481		3
70	0.13735		0.089083		0.21444		0.29179		0.26734		3
71	0.1361		0.087658		0.21158		0.29484		0.26982		3
72	0.13491		0.086262		0.20873		0.29784		0.27226		3
73	0.13379		0.084893		0.20589		0.30079		0.27464		3
74	0.13276		0.083554		0.20306		0.30367		0.27695		3
75	0.13185		0.082244		0.20023		0.30648		0.2792		3
76	0.13104		0.080964		0.19743		0.3092		0.28137		3
77	0.13034		0.079714		0.19464		0.31184		0.28347		3
78	0.12969		0.07849		0.19188		0.31442		0.28551		3
79	0.12907		0.077293		0.18916		0.31696		0.28752		3
80	0.12846		0.076121		0.18647		0.31947		0.28948		3
81	0.12784		0.074973		0.18382		0.32195		0.29142		3
82	0.12721		0.073849		0.18121		0.3244		0.29333		3
83	0.12656		0.072747		0.17864		0.32684		0.29522		3
84	0.12591		0.071668		0.1761		0.32924		0.29708		3
85	0.12525		0.070611		0.17361		0.33163		0.29891		3
86	0.12458		0.069575		0.17115		0.33399		0.30071		3
87	0.1239		0.068561		0.16873		0.33632		0.30248		3
88	0.12321		0.067566		0.16635		0.33863		0.30423		3
89	0.12252		0.066592		0.16401		0.34092		0.30595		3
90	0.12182		0.065637		0.16171		0.34318		0.30765		3
91	0.12112		0.064702		0.15945		0.34542		0.30932		3
92	0.12041		0.063786		0.15722		0.34763		0.31096		3
93	0.11969		0.062887		0.15503		0.34982		0.31257		3
94	0.11897		0.062007		0.15288		0.35198		0.31416		3
95	0.11834		0.061288		0.15079		0.35397		0.31562		3
96	0.11767		0.060562		0.1487		0.35597		0.31709		3
97	0.11702		0.059848		0.14667		0.35794		0.31852		3
98	0.11636		0.059145		0.14468		0.35988		0.31993		3
99	0.11571		0.058453		0.14273		0.3618		0.32131		3
100	0.11505		0.057773		0.14081		0.3637		0.32266		3
101	0.11439		0.057104		0.13893		0.36557		0.324		3
102	0.11373		0.056445		0.13709		0.36742		0.32531		3
103	0.11307		0.055797		0.13528		0.36926		0.3266		3
104	0.11242		0.055151		0.13349		0.37107		0.32787		3
105	0.11176		0.054501		0.13174		0.37288		0.32912		3
106	0.11129		0.054055		0.13012		0.37434		0.3302		3
107	0.11071		0.053545		0.1284		0.37598		0.33135		3
108	0.1102		0.053038		0.12677		0.37754		0.33246		3
109	0.10971		0.05253		0.12518		0.37905		0.33352		3
110	0.10919		0.052037		0.12374		0.3805		0.33453		3
111	0.10869		0.051598		0.12252		0.38179		0.33541		3
112	0.10825		0.051149		0.12129		0.38305		0.33626		3
113	0.1078		0.050692		0.12006		0.38434		0.33711		3
114	0.10735		0.050242		0.11886		0.38559		0.33795		3
115	0.10693		0.049802		0.11769		0.3868		0.33877		3
116	0.10651		0.049372		0.11654		0.388		0.33958		3
117	0.10612		0.048965		0.11542		0.38915		0.34035		3
118	0.10574		0.048596		0.11431		0.39026		0.34108		3
119	0.10538		0.048236		0.11322		0.39136		0.34181		3
120	0.10503		0.047891		0.11214		0.39242		0.34252		3
121	0.10471		0.047548		0.11109		0.39344		0.3432		3
122	0.10441		0.047217		0.11006		0.39444		0.34387		3
123	0.10412		0.046892		0.10904		0.39542		0.34452		3
124	0.10384		0.046571		0.10804		0.39639		0.34516		3
125	0.10355		0.046253		0.10705		0.39734		0.3458		3
126	0.10326		0.045939		0.10608		0.39829		0.34643		3
127	0.10298		0.04563		0.10512		0.39922		0.34705		3
128	0.10269		0.045326		0.10418		0.40013		0.34766		3
129	0.10242		0.045023		0.10325		0.40104		0.34827		3
130	0.10215		0.044728		0.10234		0.40192		0.34886		3
131	0.10187		0.044442		0.10144		0.4028		0.34944		3
132	0.10159		0.044147		0.10055		0.40368		0.35003		3
133	0.10129		0.043853		0.099675		0.40456		0.35062		3
134	0.10099		0.043557		0.098807		0.40544		0.35121		3
135	0.10068		0.043264		0.097951		0.40632		0.35179		3
136	0.10037		0.042976		0.097108		0.40719		0.35236		3
137	0.10005		0.042689		0.096274		0.40806		0.35293		3
138	0.099704		0.042397		0.095447		0.40895		0.35351		3
139	0.09934		0.042108		0.094627		0.40984		0.35408		3
140	0.098957		0.041823		0.093814		0.41075		0.35466		3
141	0.098556		0.041534		0.093007		0.41166		0.35524		3
142	0.098148		0.041251		0.092209		0.41258		0.35581		3
143	0.097734		0.040975		0.09142		0.41349		0.35639		3
144	0.097321		0.040688		0.090649		0.41438		0.35696		3
145	0.096896		0.040398		0.089883		0.41529		0.35753		3
146	0.096468		0.040108		0.089123		0.41621		0.35809		3
147	0.096039		0.039822		0.088374		0.41712		0.35865		3
148	0.095609		0.039536		0.087634		0.41803		0.35919		3
149	0.095107		0.03919		0.086857		0.41906		0.35978		3
150	0.094486		0.038792		0.085917		0.42032		0.36049		3
151	0.093904		0.038402		0.085009		0.42151		0.36117		3
152	0.09335		0.038018		0.08413		0.42268		0.36182		3
153	0.09281		0.037638		0.08326		0.42384		0.36246		3
154	0.092276		0.037261		0.082399		0.42498		0.36308		3
155	0.091748		0.036887		0.081545		0.42612		0.3637		3
156	0.091178		0.036512		0.080701		0.42729		0.36431		3
157	0.090603		0.03614		0.07986		0.42847		0.36493		3
158	0.090011		0.035745		0.079012		0.42968		0.36555		3
159	0.089424		0.035358		0.07818		0.43084		0.3662		3
160	0.088845		0.03498		0.077367		0.43199		0.36682		3
161	0.088272		0.034609		0.07657		0.43313		0.36742		3
162	0.087704		0.034246		0.075789		0.43425		0.36801		3
163	0.087093		0.033881		0.075003		0.43542		0.36861		3
164	0.086484		0.033523		0.07423		0.43657		0.36919		3
165	0.085883		0.033173		0.073472		0.43771		0.36976		3
166	0.085286		0.032829		0.072728		0.43883		0.37032		3
167	0.084696		0.032493		0.071999		0.43994		0.37087		3
168	0.084113		0.032164		0.071283		0.44103		0.37141		3
169	0.083537		0.031844		0.070582		0.4421		0.37194		3
170	0.082968		0.03153		0.069894		0.44316		0.37245		3
171	0.082406		0.031221		0.069217		0.44421		0.37295		3
172	0.081849		0.030918		0.068552		0.44524		0.37344		3
173	0.081298		0.030621		0.067899		0.44626		0.37392		3
174	0.080752		0.030331		0.067257		0.44727		0.37439		3
175	0.080214		0.030046		0.066626		0.44827		0.37485		3
176	0.079681		0.029766		0.066006		0.44925		0.3753		3
177	0.079155		0.029493		0.065396		0.45022		0.37574		3
178	0.078633		0.029225		0.064796		0.45118		0.37617		3
179	0.078118		0.028962		0.064205		0.45212		0.37659		3
180	0.077652		0.028738		0.063641		0.453		0.37697		3
181	0.077175		0.028513		0.063073		0.45382		0.37742		3
182	0.076705		0.028291		0.062515		0.45468		0.37781		3
183	0.076244		0.028072		0.061969		0.45554		0.37818		3
184	0.07579		0.027858		0.061434		0.45638		0.37854		3
185	0.075343		0.027647		0.060907		0.45721		0.3789		3
186	0.0749		0.02744		0.06039		0.45803		0.37924		3
187	0.074463		0.027234		0.059881		0.45883		0.37959		3
188	0.074031		0.027032		0.05938		0.45964		0.37992		3
189	0.073603		0.026833		0.058886		0.46043		0.38025		3
190	0.073179		0.026634		0.0584		0.46121		0.38057		3
191	0.072824		0.026484		0.057942		0.46186		0.38089		3
192	0.072404		0.026312		0.057438		0.46264		0.3812		3
193	0.072154		0.026149		0.057079		0.46288		0.38174		3
194	0.071812		0.025961		0.056654		0.4634		0.38217		3
195	0.071371		0.025747		0.056159		0.46429		0.38243		3
196	0.071186		0.025616		0.055814		0.46473		0.38266		3
197	0.070891		0.025476		0.055462		0.46507		0.3831		3
198	0.070594		0.025343		0.055133		0.46553		0.3834		3
199	0.070354		0.02521		0.054822		0.46597		0.38364		3
200	0.07009		0.025068		0.054493		0.4665		0.38385		3
201	0.069826		0.024926		0.054164		0.467		0.38408		3
202	0.069563		0.024781		0.053837		0.4675		0.38431		3
203	0.069303		0.024635		0.053511		0.46801		0.38454		3
204	0.069058		0.024494		0.053195		0.46849		0.38477		3
205	0.068834		0.024363		0.052892		0.46895		0.38496		3
206	0.068621		0.02424		0.052596		0.46939		0.38516		3
207	0.068416		0.024124		0.052304		0.46981		0.38534		3
208	0.068214		0.024014		0.052013		0.47024		0.38552		3
209	0.068018		0.023909		0.051724		0.47066		0.38569		3
210	0.06783		0.023807		0.051437		0.47107		0.38586		3
211	0.067657		0.023706		0.051161		0.47145		0.38603		3
212	0.067492		0.023605		0.050888		0.47183		0.38618		3
213	0.067331		0.023503		0.050618		0.47222		0.38633		3
214	0.067169		0.023399		0.050349		0.47261		0.38647		3
215	0.067008		0.023293		0.05008		0.473		0.38662		3
216	0.066844		0.023185		0.049809		0.47341		0.38676		3
217	0.066679		0.023074		0.049537		0.47382		0.38689		3
218	0.066509		0.022959		0.04926		0.47424		0.38703		3
219	0.066327		0.022837		0.048975		0.4747		0.38716		3
220	0.066129		0.022706		0.048679		0.47519		0.3873		3
221	0.065924		0.022563		0.048346		0.47571		0.38746		3
222	0.065755		0.022436		0.048066		0.4761		0.38765		3
223	0.065593		0.02232		0.047826		0.47651		0.38775		3
224	0.065446		0.022218		0.047633		0.47682		0.38788		3
225	0.065298		0.022123		0.047469		0.47719		0.38792		3
226	0.065156		0.02203		0.047313		0.47752		0.38798		3
227	0.06502		0.021938		0.047159		0.47785		0.38803		3
228	0.06489		0.021848		0.047008		0.47817		0.38809		3
229	0.064772		0.021777		0.046934		0.47837		0.38814		3
230	0.064607		0.021709		0.046879		0.47872		0.38809		3
231	0.064441		0.021641		0.046828		0.479		0.38809		3
232	0.064294		0.021574		0.046778		0.47925		0.38811		3
233	0.064095		0.021511		0.046753		0.47959		0.38805		3
234	0.063897		0.021444		0.04671		0.47998		0.38797		3
235	0.06377		0.021376		0.046648		0.48024		0.38797		3
236	0.063651		0.021307		0.046578		0.48049		0.38798		3
237	0.063548		0.021239		0.046503		0.48068		0.38803		3
238	0.063467		0.021169		0.046419		0.48082		0.38812		3
239	0.063366		0.021089		0.046298		0.48107		0.38818		3
240	0.063187		0.020987		0.046104		0.48173		0.38799		3
241	0.062841		0.020848		0.045781		0.48317		0.38736		3
242	0.062498		0.020718		0.045452		0.48369		0.38765		3
243	0.062166		0.020596		0.045122		0.48425		0.38786		3
244	0.061839		0.020481		0.044786		0.48487		0.38802		3
245	0.061532		0.02037		0.044457		0.48547		0.38817		3
246	0.061258		0.02026		0.044148		0.48603		0.38831		3
247	0.061001		0.02015		0.043851		0.48658		0.38842		3
248	0.060749		0.020042		0.043559		0.48711		0.38853		3
249	0.060502		0.019936		0.043272		0.48765		0.38864		3
250	0.060256		0.019831		0.042989		0.48819		0.38873		3
251	0.060055		0.019732		0.042726		0.48867		0.38881		3
252	0.05984		0.019633		0.04246		0.4892		0.38886		3
253	0.059619		0.019533		0.042194		0.48976		0.3889		3
254	0.05939		0.019432		0.041927		0.49033		0.38893		3
255	0.059153		0.019331		0.041661		0.49089		0.38896		3
256	0.058912		0.019228		0.041396		0.49145		0.38902		3
257	0.058664		0.019125		0.041132		0.49199		0.38908		3
258	0.058416		0.019023		0.040869		0.49253		0.38916		3
259	0.058161		0.01892		0.040608		0.49307		0.38924		3
260	0.057906		0.018818		0.040348		0.4936		0.38933		3
261	0.057647		0.018716		0.040091		0.49412		0.38942		3
262	0.057389		0.018615		0.039836		0.49464		0.38952		3
263	0.057105		0.01851		0.039577		0.49519		0.38962		3
264	0.056816		0.018405		0.039319		0.49576		0.3897		3
265	0.056528		0.0183		0.039063		0.49631		0.3898		3
266	0.056243		0.018197		0.038812		0.49685		0.3899		3
267	0.055957		0.018094		0.038562		0.49739		0.39		3
268	0.055674		0.017992		0.038316		0.49793		0.39009		3
269	0.055393		0.017891		0.038073		0.49845		0.39019		3
270	0.055114		0.017792		0.037834		0.49898		0.39028		3
271	0.054837		0.017694		0.037597		0.49949		0.39038		3
272	0.054562		0.017597		0.037364		0.5		0.39047		3
273	0.05429		0.0175		0.037133		0.50051		0.39057		3
274	0.054019		0.017405		0.036906		0.50101		0.39066		3
275	0.053751		0.01731		0.036681		0.50151		0.39075		3
276	0.053485		0.017216		0.03646		0.50199		0.39085		3
277	0.053222		0.017123		0.036241		0.50248		0.39094		3
278	0.05296		0.017031		0.036024		0.50296		0.39102		3
279	0.0527		0.016939		0.03581		0.50344		0.39111		3
280	0.052443		0.016849		0.035599		0.50391		0.3912		3
281	0.052188		0.01676		0.03539		0.50438		0.39128		3
282	0.051935		0.016672		0.035184		0.50484		0.39137		3
283	0.051684		0.016584		0.03498		0.5053		0.39145		3
284	0.051436		0.016498		0.034779		0.50575		0.39153		3
285	0.051189		0.016412		0.03458		0.5062		0.39162		3
286	0.050946		0.016327		0.034383		0.50665		0.3917		3
287	0.050703		0.016242		0.034188		0.50709		0.39178		3
288	0.050461		0.016157		0.033994		0.50753		0.39186		3
289	0.05022		0.016071		0.033801		0.50796		0.39194		3
290	0.04998		0.015985		0.033609		0.50839		0.39204		3
291	0.049779		0.015911		0.033436		0.50874		0.39213		3
292	0.049585		0.015833		0.03327		0.5087		0.39261		3
293	0.049403		0.015762		0.033106		0.50875		0.39298		3
294	0.049207		0.015689		0.032937		0.50882		0.39334		3
295	0.049004		0.015614		0.032763		0.50917		0.39345		3
296	0.048802		0.015539		0.032591		0.50952		0.39355		3
297	0.0486		0.015463		0.032419		0.50986		0.39366		3
298	0.048401		0.015388		0.032249		0.5102		0.39376		3
299	0.048202		0.015313		0.03208		0.51054		0.39386		3
300	0.048004		0.015238		0.031912		0.51088		0.39396		3
301	0.047865		0.015186		0.031772		0.51108		0.3941		3
302	0.047688		0.015125		0.031611		0.5112		0.39438		3
303	0.047529		0.015066		0.031457		0.51129		0.39465		3
304	0.047383		0.015007		0.03131		0.5114		0.3949		3
305	0.047237		0.014954		0.031184		0.51156		0.39506		3
306	0.047109		0.014901		0.031062		0.51172		0.39521		3
307	0.046975		0.014846		0.030938		0.51187		0.39538		3
308	0.046841		0.014792		0.030813		0.512		0.39555		3
309	0.046709		0.014738		0.030689		0.51214		0.39572		3
310	0.046579		0.014684		0.030567		0.51228		0.39589		3
311	0.046451		0.014631		0.030445		0.51243		0.39605		3
312	0.046333		0.014583		0.030329		0.51256		0.3962		3
313	0.046214		0.014536		0.03021		0.51271		0.39633		3
314	0.046098		0.01449		0.030092		0.51283		0.39649		3
315	0.045988		0.014445		0.029976		0.51294		0.39665		3
316	0.045881		0.014401		0.029861		0.51304		0.39682		3
317	0.045779		0.014357		0.029747		0.51313		0.39699		3
318	0.045679		0.014314		0.029632		0.51323		0.39715		3
319	0.045578		0.014271		0.029519		0.51332		0.39731		3
320	0.045477		0.014228		0.029406		0.5134		0.39748		3
321	0.045375		0.014186		0.029293		0.51349		0.39766		3
322	0.045273		0.014143		0.029181		0.51356		0.39784		3
323	0.045172		0.0141		0.02907		0.51363		0.39803		3
324	0.04507		0.014058		0.028958		0.51369		0.39822		3
325	0.044971		0.014017		0.028848		0.51373		0.39843		3
326	0.044869		0.013976		0.028738		0.51373		0.39869		3
327	0.044768		0.013934		0.028631		0.51368		0.39899		3
328	0.044667		0.013893		0.028524		0.51362		0.39929		3
329	0.044567		0.013853		0.028418		0.51355		0.39961		3
330	0.044467		0.013813		0.028314		0.51347		0.39993		3
331	0.044371		0.013773		0.028212		0.51338		0.40026		3
332	0.044271		0.013732		0.02811		0.51331		0.40058		3
333	0.044166		0.013692		0.028009		0.51326		0.40087		3
334	0.044057		0.01365		0.027907		0.51324		0.40114		3
335	0.043945		0.013608		0.027805		0.51327		0.40138		3
336	0.04383		0.013566		0.027703		0.51334		0.40156		3
337	0.043711		0.013524		0.027601		0.51345		0.40171		3
338	0.043592		0.013481		0.027499		0.51362		0.40181		3
339	0.043469		0.013438		0.027397		0.51383		0.40186		3
340	0.043344		0.013395		0.027296		0.51405		0.40192		3
341	0.043217		0.013351		0.027194		0.51427		0.40197		3
342	0.043089		0.013308		0.027093		0.51449		0.40202		3
343	0.042961		0.013265		0.026992		0.51473		0.40205		3
344	0.04283		0.013221		0.026891		0.51498		0.40208		3
345	0.042698		0.013177		0.02679		0.51523		0.4021		3
346	0.042566		0.013133		0.02669		0.5155		0.40211		3
347	0.042433		0.013089		0.026591		0.51575		0.40214		3
348	0.042301		0.013046		0.026492		0.51599		0.40217		3
349	0.042161		0.013002		0.026393		0.51624		0.40221		3
350	0.042019		0.012957		0.026293		0.51649		0.40224		3
351	0.041876		0.012913		0.026194		0.51674		0.40228		3
352	0.041734		0.012869		0.026095		0.51697		0.40233		3
353	0.041592		0.012825		0.025997		0.51719		0.4024		3
354	0.04145		0.01278		0.0259		0.51741		0.40246		3
355	0.041309		0.012737		0.025803		0.51763		0.40252		3
356	0.041168		0.012693		0.025707		0.51783		0.4026		3
357	0.041028		0.01265		0.025612		0.51803		0.40268		3
358	0.040889		0.012607		0.025517		0.51822		0.40277		3
359	0.04075		0.012565		0.025423		0.51841		0.40285		3
360	0.040612		0.012522		0.025329		0.5186		0.40293		3
361	0.040468		0.012479		0.025235		0.51881		0.40301		3
362	0.040324		0.012436		0.025141		0.51901		0.40309		3
363	0.040181		0.012393		0.025048		0.5192		0.40318		3
364	0.04004		0.012351		0.024955		0.51938		0.40327		3
365	0.039899		0.012309		0.024864		0.51957		0.40336		3
366	0.039759		0.012267		0.024773		0.51975		0.40345		3
367	0.03962		0.012225		0.024682		0.51993		0.40354		3
368	0.039482		0.012184		0.024593		0.52011		0.40363		3
369	0.039345		0.012143		0.024503		0.52028		0.40373		3
370	0.039208		0.012102		0.024415		0.52045		0.40382		3
371	0.039073		0.012061		0.024327		0.52062		0.40392		3
372	0.038939		0.012021		0.02424		0.52079		0.40401		3
373	0.038805		0.011981		0.024153		0.52096		0.4041		3
374	0.038672		0.011942		0.024067		0.52112		0.4042		3
375	0.03854		0.011902		0.023982		0.52128		0.40429		3
376	0.038409		0.011863		0.023897		0.52145		0.40438		3
377	0.038279		0.011824		0.023813		0.52161		0.40447		3
378	0.03815		0.011786		0.02373		0.52177		0.40456		3
379	0.038021		0.011747		0.023647		0.52192		0.40466		3
380	0.037893		0.011709		0.023564		0.52207		0.40476		3
381	0.037766		0.011671		0.023482		0.52222		0.40486		3
382	0.03764		0.011633		0.023401		0.52237		0.40496		3
383	0.037514		0.011595		0.02332		0.52252		0.40505		3
384	0.037389		0.011558		0.023239		0.52266		0.40515		3
385	0.037266		0.011521		0.02316		0.5228		0.40525		3
386	0.037143		0.011484		0.02308		0.52294		0.40535		3
387	0.03702		0.011447		0.023002		0.52309		0.40545		3
388	0.036898		0.011411		0.022923		0.52323		0.40554		3
389	0.036777		0.011375		0.022845		0.52336		0.40564		3
390	0.036657		0.011339		0.022768		0.5235		0.40574		3
391	0.036538		0.011303		0.022691		0.52364		0.40583		3
392	0.036419		0.011267		0.022615		0.52377		0.40593		3
393	0.036301		0.011232		0.022539		0.52391		0.40602		3
394	0.036183		0.011197		0.022464		0.52404		0.40612		3
395	0.036067		0.011162		0.022389		0.52417		0.40621		3
396	0.035951		0.011127		0.022315		0.52431		0.4063		3
397	0.035835		0.011093		0.022241		0.52444		0.40639		3
398	0.035721		0.011058		0.022167		0.52458		0.40648		3
399	0.035607		0.011024		0.022094		0.5247		0.40657		3
400	0.035494		0.01099		0.022022		0.52483		0.40666		3
401	0.035381		0.010957		0.02195		0.52496		0.40675		3
402	0.035269		0.010923		0.021878		0.52509		0.40684		3
403	0.035158		0.01089		0.021807		0.52522		0.40693		3
404	0.035047		0.010857		0.021736		0.52534		0.40702		3
405	0.034938		0.010824		0.021666		0.52546		0.40711		3
406	0.034829		0.010791		0.021596		0.52558		0.4072		3
407	0.03472		0.010759		0.021526		0.52571		0.40729		3
408	0.034612		0.010726		0.021457		0.52583		0.40737		3
409	0.034505		0.010694		0.021389		0.52595		0.40746		3
410	0.034398		0.010662		0.021321		0.52606		0.40755		3
411	0.034292		0.010631		0.021253		0.52618		0.40764		3
412	0.034187		0.010599		0.021185		0.5263		0.40773		3
413	0.034082		0.010568		0.021118		0.52642		0.40781		3
414	0.033978		0.010537		0.021052		0.52653		0.4079		3
415	0.033874		0.010506		0.020986		0.52664		0.40799		3
416	0.033771		0.010475		0.02092		0.52676		0.40807		3
417	0.033669		0.010444		0.020855		0.52687		0.40816		3
418	0.033567		0.010414		0.020789		0.52699		0.40824		3
419	0.033465		0.010383		0.020725		0.5271		0.40833		3
420	0.033365		0.010353		0.020661		0.5272		0.40842		3
421	0.033265		0.010323		0.020597		0.52731		0.4085		3
422	0.033165		0.010294		0.020533		0.52742		0.40859		3
423	0.033066		0.010264		0.02047		0.52753		0.40867		3
424	0.032968		0.010235		0.020407		0.52764		0.40875		3
425	0.03287		0.010205		0.020345		0.52774		0.40884		3
426	0.032773		0.010176		0.020283		0.52784		0.40892		3
427	0.032676		0.010147		0.020221		0.52795		0.40901		3
428	0.03258		0.010118		0.02016		0.52805		0.40909		3
429	0.032484		0.01009		0.020099		0.52815		0.40917		3
430	0.032389		0.010061		0.020038		0.52825		0.40926		3
431	0.032295		0.010033		0.019978		0.52835		0.40934		3
432	0.032201		0.010005		0.019918		0.52845		0.40942		3
433	0.032107		0.0099769		0.019859		0.52856		0.4095		3
434	0.032014		0.009949		0.019799		0.52865		0.40959		3
435	0.031921		0.0099214		0.019741		0.52875		0.40967		3
436	0.031829		0.0098939		0.019682		0.52884		0.40975		3
437	0.031738		0.0098665		0.019624		0.52894		0.40983		3
438	0.031647		0.0098393		0.019566		0.52904		0.40991		3
439	0.031556		0.0098122		0.019508		0.52913		0.40999		3
440	0.031466		0.0097853		0.019451		0.52922		0.41008		3
441	0.031377		0.0097586		0.019394		0.52931		0.41016		3
442	0.031288		0.009732		0.019338		0.52941		0.41024		3
443	0.031199		0.0097054		0.019281		0.5295		0.41031		3
444	0.031111		0.0096791		0.019225		0.52959		0.4104		3
445	0.031024		0.0096529		0.01917		0.52968		0.41048		3
446	0.030937		0.0096269		0.019114		0.52977		0.41056		3
447	0.03085		0.0096011		0.019059		0.52985		0.41064		3
448	0.030764		0.0095752		0.019004		0.52995		0.41071		3
449	0.030678		0.0095496		0.01895		0.53003		0.41079		3
450	0.030593		0.0095242		0.018896		0.53011		0.41087		3
451	0.030508		0.0094988		0.018842		0.5302		0.41095		3
452	0.030424		0.0094737		0.018788		0.53028		0.41103		3
453	0.030339		0.0094486		0.018735		0.53037		0.4111		3
454	0.030262		0.009426		0.018684		0.53044		0.41119		3
455	0.030186		0.0094023		0.018635		0.53032		0.41146		3
456	0.03011		0.0093799		0.018585		0.53029		0.41163		3
457	0.030035		0.009356		0.018536		0.53013		0.41195		3
458	0.029965		0.0093342		0.018488		0.52996		0.41226		3
459	0.029892		0.0093118		0.018439		0.52985		0.41251		3
460	0.029818		0.009289		0.01839		0.52979		0.41271		3
461	0.029745		0.0092662		0.01834		0.52976		0.41289		3
462	0.029672		0.0092435		0.018291		0.52973		0.41307		3
463	0.0296		0.0092206		0.018242		0.5297		0.41324		3
464	0.029527		0.0091978		0.018193		0.52968		0.4134		3
465	0.029455		0.0091749		0.018145		0.52966		0.41356		3
466	0.029383		0.0091517		0.018096		0.52965		0.41372		3
467	0.029311		0.0091286		0.018047		0.52966		0.41386		3
468	0.029239		0.0091052		0.017998		0.52961		0.41405		3
469	0.029199		0.0090911		0.017963		0.52929		0.41445		3
470	0.029177		0.0090768		0.017938		0.52811		0.4157		3
471	0.029125		0.0090561		0.017897		0.52705		0.41687		3
472	0.029108		0.0090451		0.017872		0.52634		0.41764		3
473	0.029066		0.009029		0.017834		0.52561		0.41846		3
474	0.029017		0.0090113		0.017794		0.52518		0.419		3
475	0.028965		0.0089925		0.01775		0.52503		0.41926		3
476	0.028912		0.0089736		0.017707		0.52492		0.41949		3
477	0.02886		0.0089549		0.017664		0.52482		0.4197		3
478	0.028809		0.0089372		0.017621		0.52475		0.41988		3
479	0.028759		0.0089197		0.017579		0.52466		0.42009		3
480	0.02871		0.0089025		0.017537		0.52453		0.42032		3
481	0.028664		0.0088856		0.017495		0.5244		0.42055		3
482	0.028619		0.008869		0.017453		0.52428		0.42078		3
483	0.028575		0.0088525		0.017411		0.52414		0.42102		3
484	0.028532		0.0088362		0.01737		0.52402		0.42125		3
485	0.02849		0.0088202		0.017328		0.5239		0.42146		3
486	0.028447		0.0088041		0.017286		0.52377		0.42169		3
487	0.028404		0.0087881		0.017245		0.52363		0.42193		3
488	0.02836		0.008772		0.017203		0.52348		0.42218		3
489	0.028318		0.0087561		0.017162		0.52329		0.42247		3
490	0.028276		0.0087402		0.017121		0.52308		0.42278		3
491	0.028234		0.0087244		0.01708		0.52286		0.42311		3
492	0.028192		0.008709		0.017039		0.52263		0.42343		3
493	0.028148		0.0086934		0.016998		0.52237		0.42379		3
494	0.028106		0.0086777		0.016958		0.52208		0.42418		3
495	0.028063		0.0086621		0.016919		0.52177		0.42459		3
496	0.02802		0.0086467		0.016879		0.52147		0.42498		3
497	0.027979		0.0086315		0.016841		0.52117		0.42537		3
498	0.027938		0.0086167		0.016803		0.52088		0.42576		3
499	0.027895		0.0086018		0.016765		0.5206		0.42614		3
500	0.02785		0.0085867		0.016727		0.52032		0.42651		3
501	0.027804		0.0085716		0.016688		0.52005		0.42689		3
502	0.027756		0.0085565		0.01665		0.5198		0.42724		3
503	0.027709		0.0085414		0.016612		0.51955		0.42759		3
504	0.027664		0.0085261		0.016576		0.51926		0.42797		3
505	0.027618		0.0085103		0.016539		0.51905		0.42829		3
506	0.02757		0.0084945		0.016502		0.51888		0.42855		3
507	0.027522		0.0084786		0.016465		0.51877		0.42877		3
508	0.027475		0.0084627		0.016428		0.51875		0.42889		3
509	0.027426		0.0084468		0.016391		0.51877		0.42896		3
510	0.027371		0.0084273		0.016352		0.5189		0.42895		3
511	0.027297		0.0084033		0.0163		0.51893		0.42907		3
512	0.027224		0.0083793		0.016249		0.51896		0.42919		3
513	0.027151		0.0083551		0.016197		0.51902		0.42928		3
514	0.027079		0.008331		0.016146		0.51907		0.42937		3
515	0.026999		0.0083046		0.01609		0.5193		0.42931		3
516	0.026922		0.0082789		0.016036		0.51947		0.4293		3
517	0.026843		0.0082529		0.015982		0.51962		0.4293		3
518	0.026766		0.0082273		0.015929		0.51978		0.4293		3
519	0.02669		0.0082022		0.015877		0.51991		0.42932		3
520	0.026617		0.0081776		0.015826		0.52003		0.42935		3
521	0.026546		0.0081535		0.015776		0.52015		0.42938		3
522	0.026477		0.0081299		0.015727		0.52025		0.42942		3
523	0.026409		0.0081067		0.015679		0.52035		0.42945		3
524	0.026342		0.0080838		0.015632		0.52045		0.42949		3
525	0.02627		0.0080605		0.015584		0.52057		0.42952		3
526	0.0262		0.0080374		0.015536		0.52068		0.42955		3
527	0.026129		0.0080145		0.015489		0.52078		0.42958		3
528	0.02606		0.007992		0.015443		0.52088		0.42962		3
529	0.025991		0.0079697		0.015397		0.52099		0.42965		3
530	0.025924		0.0079479		0.015351		0.52108		0.42969		3
531	0.025856		0.0079262		0.015306		0.52118		0.42973		3
532	0.025789		0.0079048		0.015262		0.52128		0.42976		3
533	0.025723		0.0078837		0.015218		0.52138		0.42979		3
534	0.025656		0.0078628		0.015174		0.52149		0.42982		3
535	0.025591		0.0078423		0.01513		0.52159		0.42985		3
536	0.025525		0.0078219		0.015087		0.52169		0.42987		3
537	0.02546		0.0078017		0.015044		0.52179		0.4299		3
538	0.025395		0.0077817		0.015002		0.52189		0.42993		3
539	0.025331		0.007762		0.01496		0.52199		0.42996		3
540	0.025267		0.0077426		0.014918		0.52209		0.42999		3
541	0.025206		0.0077251		0.014877		0.52217		0.43002		3
542	0.025152		0.0077073		0.01484		0.52201		0.43029		3
543	0.025098		0.0076908		0.014803		0.52185		0.43056		3
544	0.025042		0.0076739		0.014764		0.52171		0.43081		3
545	0.024983		0.0076564		0.014724		0.52179		0.43085		3
546	0.024925		0.007639		0.014685		0.52186		0.43089		3
547	0.024868		0.0076218		0.014646		0.52194		0.43093		3
548	0.024811		0.0076046		0.014607		0.52201		0.43096		3
549	0.024755		0.0075875		0.014569		0.52209		0.431		3
550	0.024699		0.0075705		0.014531		0.52216		0.43104		3
551	0.024643		0.0075536		0.014493		0.52224		0.43107		3
552	0.024588		0.0075368		0.014455		0.52231		0.43111		3
553	0.024539		0.0075241		0.01442		0.52236		0.43116		3
554	0.024478		0.0075087		0.014378		0.5224		0.43123		3
555	0.024454		0.0074974		0.014355		0.52191		0.43178		3
556	0.024417		0.007483		0.014325		0.52153		0.43225		3
557	0.024361		0.0074645		0.014286		0.52158		0.43231		3
558	0.024337		0.0074544		0.01426		0.52149		0.43246		3
559	0.024299		0.0074433		0.014233		0.5211		0.43293		3
560	0.024269		0.0074328		0.014209		0.52072		0.43337		3
561	0.024233		0.0074207		0.014182		0.52064		0.43353		3
562	0.024197		0.0074084		0.014155		0.52056		0.43368		3
563	0.02416		0.0073959		0.014127		0.5205		0.43382		3
564	0.024124		0.0073831		0.0141		0.52046		0.43394		3
565	0.024087		0.0073701		0.014072		0.52043		0.43404		3
566	0.024053		0.0073581		0.014045		0.52041		0.43413		3
567	0.024022		0.0073469		0.014019		0.52043		0.43418		3
568	0.023992		0.0073365		0.013994		0.52044		0.43424		3
569	0.023962		0.0073267		0.013968		0.52049		0.43425		3
570	0.023932		0.0073172		0.013942		0.52055		0.43426		3
571	0.023904		0.0073079		0.013917		0.52059		0.43428		3
572	0.023877		0.0072989		0.013892		0.52065		0.43429		3
573	0.023851		0.00729		0.013867		0.52071		0.43428		3
574	0.023827		0.0072811		0.013842		0.52078		0.43427		3
575	0.023803		0.0072722		0.013818		0.52085		0.43425		3
576	0.02378		0.0072631		0.013794		0.52094		0.43422		3
577	0.023758		0.0072539		0.013769		0.52102		0.43419		3
578	0.023735		0.0072443		0.013745		0.52112		0.43416		3
579	0.023711		0.0072344		0.01372		0.52121		0.43412		3
580	0.023687		0.0072243		0.013695		0.52131		0.43409		3
581	0.023661		0.0072132		0.013668		0.52141		0.43404		3
582	0.023631		0.0072008		0.01364		0.52154		0.43399		3
583	0.023596		0.0071865		0.013606		0.52167		0.43394		3
584	0.023568		0.0071743		0.013578		0.52166		0.43402		3
585	0.02354		0.0071627		0.013553		0.52169		0.43406		3
586	0.023515		0.0071523		0.013531		0.52164		0.43416		3
587	0.023486		0.0071419		0.013511		0.52177		0.43409		3
588	0.023458		0.0071318		0.013492		0.52189		0.43403		3
589	0.023431		0.0071217		0.013473		0.52201		0.43397		3
590	0.023406		0.0071119		0.013455		0.52212		0.43391		3
591	0.02338		0.007103		0.013442		0.52219		0.43388		3
592	0.023347		0.007094		0.01343		0.52236		0.43377		3
593	0.023307		0.0070843		0.01342		0.52251		0.43368		3
594	0.023273		0.0070751		0.013409		0.52261		0.43363		3
595	0.023227		0.0070647		0.013399		0.52279		0.43352		3
596	0.023173		0.007053		0.013387		0.52307		0.43332		3
597	0.023131		0.0070423		0.013375		0.5233		0.43316		3
598	0.023105		0.0070336		0.013364		0.52341		0.43309		3
599	0.023084		0.0070256		0.013354		0.52345		0.43309		3
600	0.023074		0.007019		0.013346		0.52342		0.43314		3
601	0.023066		0.0070123		0.013335		0.5234		0.43318		3
602	0.023056		0.0070047		0.013321		0.52354		0.43308		3
603	0.023024		0.0069919		0.013294		0.52436		0.43233		3
604	0.022984		0.0069794		0.013265		0.52409		0.43268		3
605	0.022944		0.0069674		0.013235		0.52392		0.43293		3
606	0.022903		0.0069565		0.013206		0.52375		0.43318		3
607	0.022857		0.0069454		0.013174		0.52376		0.43326		3
608	0.022809		0.0069344		0.013142		0.52374		0.43337		3
609	0.022764		0.0069235		0.013111		0.52372		0.43348		3
610	0.022721		0.0069127		0.013081		0.52372		0.43356		3
611	0.022681		0.0069019		0.013053		0.52374		0.43363		3
612	0.02264		0.0068912		0.013024		0.52376		0.43369		3
613	0.022599		0.0068805		0.012995		0.52381		0.43372		3
614	0.022558		0.0068698		0.012967		0.52388		0.43373		3
615	0.022523		0.00686		0.012941		0.52396		0.43371		3
616	0.022487		0.0068498		0.012914		0.52408		0.43367		3
617	0.022449		0.0068396		0.012886		0.52418		0.43364		3
618	0.022411		0.0068292		0.012859		0.52426		0.43364		3
619	0.022373		0.0068188		0.012832		0.52433		0.43365		3
620	0.022334		0.0068083		0.012805		0.5244		0.43366		3
621	0.022295		0.0067977		0.012777		0.52447		0.43366		3
622	0.022255		0.0067872		0.01275		0.52453		0.43367		3
623	0.022216		0.0067764		0.012723		0.5246		0.43369		3
624	0.022175		0.0067657		0.012696		0.52467		0.43369		3
625	0.022131		0.0067544		0.012667		0.52475		0.4337		3
626	0.022086		0.006743		0.012639		0.52484		0.43369		3
627	0.022041		0.0067315		0.012611		0.52493		0.43369		3
628	0.021996		0.0067201		0.012583		0.52501		0.43369		3
629	0.021951		0.0067087		0.012555		0.52509		0.43369		3
630	0.021906		0.0066973		0.012527		0.52518		0.43369		3
631	0.021861		0.0066859		0.012499		0.52527		0.43369		3
632	0.021816		0.0066747		0.012472		0.52535		0.43369		3
633	0.021772		0.0066635		0.012444		0.52544		0.43368		3
634	0.021727		0.0066523		0.012417		0.52552		0.43368		3
635	0.021683		0.0066412		0.01239		0.52561		0.43368		3
636	0.021639		0.0066302		0.012363		0.5257		0.43367		3
637	0.021595		0.0066193		0.012336		0.52578		0.43367		3
638	0.021551		0.0066083		0.012309		0.52587		0.43366		3
639	0.021507		0.0065974		0.012282		0.52596		0.43366		3
640	0.021464		0.0065866		0.012256		0.52605		0.43365		3
641	0.021421		0.0065758		0.012229		0.52613		0.43364		3
642	0.021377		0.0065652		0.012203		0.52622		0.43363		3
643	0.021335		0.0065545		0.012177		0.52631		0.43362		3
644	0.021292		0.0065439		0.012151		0.5264		0.43362		3
645	0.021249		0.0065334		0.012125		0.52649		0.43361		3
646	0.021207		0.006523		0.0121		0.52658		0.4336		3
647	0.021164		0.0065125		0.012074		0.52666		0.43358		3
648	0.021122		0.0065021		0.012049		0.52675		0.43357		3
649	0.021083		0.0064929		0.012024		0.52685		0.43355		3
650	0.021046		0.0064831		0.012001		0.52679		0.43369		3
651	0.021003		0.0064723		0.011976		0.5269		0.43365		3
652	0.020967		0.0064635		0.011953		0.52696		0.43365		3
653	0.020931		0.0064544		0.011929		0.52696		0.43372		3
654	0.020892		0.0064437		0.011905		0.52707		0.43369		3
655	0.020863		0.0064361		0.011886		0.52664		0.43418		3
656	0.020831		0.0064276		0.011864		0.52629		0.43459		3
657	0.020794		0.0064182		0.011841		0.52635		0.43459		3
658	0.020758		0.0064086		0.011817		0.52645		0.43457		3
659	0.020721		0.006399		0.011794		0.52654		0.43455		3
660	0.020684		0.0063893		0.011771		0.52663		0.43453		3
661	0.020648		0.0063795		0.011747		0.52672		0.43451		3
662	0.020611		0.0063697		0.011724		0.52681		0.43449		3
663	0.020574		0.0063596		0.0117		0.52691		0.43446		3
664	0.020537		0.0063491		0.011676		0.52701		0.43443		3
665	0.02052		0.0063444		0.011661		0.52694		0.43453		3
666	0.020496		0.0063381		0.011642		0.52666		0.43486		3
667	0.020469		0.0063313		0.011623		0.52655		0.43503		3
668	0.020445		0.0063243		0.011605		0.52658		0.43504		3
669	0.020419		0.006317		0.011585		0.52667		0.43501		3
670	0.020394		0.0063096		0.011566		0.52673		0.435		3
671	0.020368		0.0063022		0.011547		0.52679		0.43499		3
672	0.020343		0.006295		0.011528		0.52685		0.43499		3
673	0.020318		0.006288		0.011509		0.5269		0.43498		3
674	0.020295		0.0062817		0.01149		0.52695		0.43498		3
675	0.020272		0.0062755		0.011472		0.52699		0.43499		3
676	0.02025		0.0062695		0.011453		0.52704		0.43498		3
677	0.020228		0.0062635		0.011435		0.5271		0.43498		3
678	0.020208		0.0062576		0.011417		0.52715		0.43497		3
679	0.020187		0.0062519		0.011398		0.52721		0.43496		3
680	0.020167		0.0062462		0.01138		0.52727		0.43494		3
681	0.020147		0.0062404		0.011362		0.52734		0.43491		3
682	0.020126		0.0062346		0.011343		0.52741		0.43488		3
683	0.020105		0.0062288		0.011325		0.52749		0.43485		3
684	0.020084		0.006223		0.011306		0.52758		0.43481		3
685	0.020063		0.0062171		0.011288		0.52766		0.43477		3
686	0.020042		0.0062113		0.011269		0.52775		0.43473		3
687	0.020021		0.0062056		0.011251		0.52783		0.43469		3
688	0.02		0.0061995		0.011232		0.5279		0.43467		3
689	0.019978		0.0061936		0.011214		0.52796		0.43465		3
690	0.019956		0.0061877		0.011195		0.52803		0.43463		3
691	0.019935		0.0061818		0.011177		0.52809		0.43462		3
692	0.019914		0.0061761		0.011159		0.52814		0.43461		3
693	0.019893		0.0061704		0.011141		0.5282		0.4346		3
694	0.019872		0.0061645		0.011124		0.52826		0.43458		3
695	0.01985		0.0061587		0.011106		0.52831		0.43457		3
696	0.019827		0.0061526		0.011088		0.52838		0.43456		3
697	0.019804		0.0061466		0.011071		0.52844		0.43454		3
698	0.01978		0.0061405		0.011053		0.52851		0.43452		3
699	0.019756		0.0061343		0.011035		0.52858		0.4345		3
700	0.019731		0.0061277		0.011018		0.52865		0.43447		3
701	0.019705		0.0061207		0.011		0.52874		0.43443		3
702	0.01968		0.0061141		0.010982		0.52881		0.43442		3
703	0.019655		0.0061076		0.010965		0.52889		0.43438		3
704	0.019629		0.0061011		0.010947		0.52897		0.43436		3
705	0.019603		0.0060945		0.01093		0.52904		0.43433		3
706	0.019576		0.0060878		0.010912		0.52912		0.43431		3
707	0.019549		0.0060813		0.010894		0.52919		0.43429		3
708	0.019522		0.0060747		0.010876		0.52927		0.43426		3
709	0.019495		0.0060679		0.010859		0.52934		0.43424		3
710	0.019467		0.0060611		0.010841		0.52941		0.43422		3
711	0.019437		0.006054		0.010823		0.52949		0.43419		3
712	0.019407		0.0060468		0.010805		0.52958		0.43416		3
713	0.019376		0.0060396		0.010787		0.52967		0.43413		3
714	0.019345		0.0060324		0.010768		0.52975		0.4341		3
715	0.019315		0.006025		0.01075		0.52983		0.43408		3
716	0.019284		0.0060177		0.010732		0.52991		0.43406		3
717	0.019253		0.0060104		0.010714		0.52998		0.43404		3
718	0.019222		0.0060031		0.010696		0.53006		0.43402		3
719	0.019191		0.0059958		0.010678		0.53013		0.434		3
720	0.01916		0.0059886		0.01066		0.53021		0.43398		3
721	0.019129		0.0059813		0.010642		0.53028		0.43396		3
722	0.019098		0.005974		0.010624		0.53036		0.43394		3
723	0.019066		0.0059665		0.010606		0.53044		0.43392		3
724	0.019033		0.0059589		0.010588		0.53052		0.4339		3
725	0.019001		0.0059513		0.010569		0.5306		0.43388		3
726	0.018969		0.0059438		0.010551		0.53068		0.43386		3
727	0.018936		0.0059363		0.010533		0.53075		0.43384		3
728	0.018904		0.0059288		0.010515		0.53083		0.43382		3
729	0.018872		0.0059213		0.010497		0.53091		0.4338		3
730	0.01884		0.0059138		0.01048		0.53099		0.43378		3
731	0.018808		0.0059064		0.010462		0.53107		0.43376		3
732	0.018777		0.005899		0.010444		0.53114		0.43374		3
733	0.018745		0.0058916		0.010427		0.53122		0.43372		3
734	0.018714		0.0058842		0.010409		0.5313		0.4337		3
735	0.018682		0.0058769		0.010391		0.53138		0.43367		3
736	0.018651		0.0058696		0.010374		0.53145		0.43365		3
737	0.018619		0.0058624		0.010357		0.53153		0.43363		3
738	0.018588		0.005855		0.010339		0.53161		0.43361		3
739	0.018557		0.0058477		0.010322		0.53168		0.43359		3
740	0.018526		0.0058404		0.010305		0.53176		0.43357		3
741	0.018495		0.0058331		0.010287		0.53184		0.43355		3
742	0.018464		0.0058259		0.01027		0.53191		0.43353		3
743	0.018433		0.0058186		0.010253		0.53199		0.43351		3
744	0.018403		0.0058114		0.010236		0.53207		0.43348		3
745	0.018372		0.0058042		0.010219		0.53214		0.43346		3
746	0.018342		0.005797		0.010203		0.53222		0.43344		3
747	0.018312		0.0057899		0.010186		0.53229		0.43342		3
748	0.018281		0.0057828		0.010169		0.53237		0.4334		3
749	0.018251		0.0057756		0.010152		0.53244		0.43338		3
