0	0.2		0.2		0.2		0.2		0.2		0
1	0.20007		0.19963		0.2001		0.19961		0.20059		4
2	0.20016		0.19918		0.20016		0.19913		0.20137		4
3	0.20028		0.19861		0.20016		0.19853		0.20243		4
4	0.20044		0.19787		0.20007		0.19777		0.20385		4
5	0.20072		0.19693		0.19988		0.19683		0.20564		4
6	0.20131		0.1958		0.19959		0.19571		0.20759		4
7	0.20243		0.19445		0.19923		0.19438		0.2095		4
8	0.20414		0.19285		0.19881		0.19282		0.21138		4
9	0.20599		0.19104		0.19846		0.19107		0.21343		4
10	0.20762		0.18899		0.19833		0.18912		0.21594		4
11	0.20886		0.18663		0.19851		0.1869		0.2191		4
12	0.20976		0.18405		0.19908		0.1845		0.22262		4
13	0.21055		0.18142		0.19981		0.18211		0.22611		4
14	0.2113		0.17881		0.2005		0.17984		0.22956		4
15	0.21197		0.17622		0.20115		0.1777		0.23295		4
16	0.21254		0.17367		0.20175		0.17576		0.23628		4
17	0.21296		0.17116		0.20232		0.17403		0.23953		4
18	0.21322		0.16869		0.2029		0.17252		0.24266		4
19	0.21332		0.16628		0.20356		0.17116		0.24568		4
20	0.21325		0.16395		0.2044		0.16983		0.24857		4
21	0.21299		0.16169		0.20554		0.16848		0.2513		4
22	0.21251		0.15954		0.20702		0.1671		0.25383		4
23	0.21185		0.15754		0.20872		0.16569		0.25619		4
24	0.21106		0.15577		0.21041		0.16433		0.25842		4
25	0.21012		0.1543		0.21199		0.16305		0.26054		4
26	0.20902		0.15321		0.2134		0.16188		0.26249		4
27	0.20774		0.15255		0.21461		0.1609		0.26421		4
28	0.20628		0.1523		0.2156		0.16016		0.26565		4
29	0.20468		0.15231		0.2164		0.15973		0.26687		4
30	0.20301		0.15241		0.21708		0.15953		0.26797		4
31	0.20132		0.15252		0.21772		0.15942		0.26902		4
32	0.19964		0.15264		0.21834		0.15931		0.27007		4
33	0.19797		0.15277		0.21894		0.1592		0.27112		4
34	0.19633		0.15292		0.21952		0.15908		0.27216		4
35	0.19469		0.15307		0.22009		0.15895		0.27319		4
36	0.19307		0.15325		0.22065		0.15881		0.27423		4
37	0.19146		0.15344		0.22119		0.15866		0.27525		4
38	0.18986		0.15366		0.2217		0.1585		0.27627		4
39	0.18828		0.15391		0.2222		0.15833		0.27728		4
40	0.18671		0.15418		0.22268		0.15814		0.27829		4
41	0.18514		0.15448		0.22313		0.15794		0.27929		4
42	0.18359		0.15482		0.22356		0.15773		0.2803		4
43	0.18205		0.15517		0.22396		0.15751		0.28131		4
44	0.18051		0.15555		0.22434		0.15727		0.28233		4
45	0.17898		0.15594		0.22468		0.15702		0.28338		4
46	0.17746		0.15632		0.225		0.15675		0.28447		4
47	0.17594		0.1567		0.22529		0.15646		0.2856		4
48	0.17443		0.15707		0.22553		0.15616		0.28681		4
49	0.17292		0.15741		0.22573		0.15583		0.28812		4
50	0.1714		0.15773		0.22587		0.15547		0.28954		4
51	0.16986		0.158		0.22594		0.15508		0.29113		4
52	0.1683		0.15824		0.22593		0.15464		0.29289		4
53	0.16673		0.15844		0.22585		0.15417		0.29481		4
54	0.16516		0.1586		0.22571		0.15367		0.29686		4
55	0.1636		0.15875		0.22553		0.15316		0.29896		4
56	0.16205		0.15888		0.22534		0.15264		0.30107		4
57	0.16053		0.15901		0.22514		0.15212		0.3032		4
58	0.15903		0.15913		0.22492		0.15159		0.30533		4
59	0.15755		0.15924		0.22468		0.15105		0.30748		4
60	0.15608		0.15935		0.22443		0.15051		0.30963		4
61	0.15464		0.15944		0.22417		0.14997		0.31178		4
62	0.15321		0.15953		0.22389		0.14942		0.31395		4
63	0.15181		0.15961		0.2236		0.14887		0.31612		4
64	0.15042		0.15968		0.22329		0.14831		0.3183		4
65	0.14905		0.15974		0.22297		0.14775		0.32049		4
66	0.1477		0.1598		0.22263		0.14719		0.32269		4
67	0.14636		0.15984		0.22229		0.14662		0.32489		4
68	0.14505		0.15988		0.22193		0.14605		0.3271		4
69	0.14375		0.15991		0.22155		0.14547		0.32931		4
70	0.14246		0.15994		0.22117		0.14489		0.33154		4
71	0.1412		0.15995		0.22077		0.14431		0.33377		4
72	0.13995		0.15996		0.22036		0.14373		0.336		4
73	0.13872		0.15996		0.21994		0.14314		0.33824		4
74	0.1375		0.15996		0.2195		0.14255		0.34049		4
75	0.1363		0.15994		0.21905		0.14196		0.34275		4
76	0.13511		0.15992		0.21859		0.14137		0.34501		4
77	0.13394		0.15989		0.21813		0.14077		0.34727		4
78	0.13279		0.15985		0.21764		0.14017		0.34955		4
79	0.13165		0.15981		0.21715		0.13957		0.35182		4
80	0.13053		0.15976		0.21664		0.13896		0.35411		4
81	0.12942		0.1597		0.21613		0.13836		0.35639		4
82	0.12833		0.15963		0.2156		0.13775		0.35868		4
83	0.12725		0.15956		0.21506		0.13715		0.36098		4
84	0.12619		0.15948		0.21452		0.13654		0.36328		4
85	0.12514		0.1594		0.21396		0.13592		0.36558		4
86	0.12411		0.15931		0.21339		0.13531		0.36788		4
87	0.12309		0.1592		0.21282		0.1347		0.37019		4
88	0.12208		0.1591		0.21223		0.13409		0.3725		4
89	0.12109		0.15899		0.21163		0.13347		0.37482		4
90	0.12012		0.15887		0.21102		0.13285		0.37714		4
91	0.11916		0.15874		0.21041		0.13224		0.37945		4
92	0.11821		0.15861		0.20979		0.13162		0.38177		4
93	0.11728		0.15848		0.20915		0.131		0.38408		4
94	0.11636		0.15833		0.20851		0.13039		0.3864		4
95	0.11595		0.15827		0.20777		0.12985		0.38815		4
96	0.11548		0.15819		0.20705		0.12929		0.38999		4
97	0.11502		0.15811		0.20632		0.12874		0.39181		4
98	0.11455		0.15803		0.20558		0.1282		0.39364		4
99	0.1141		0.15795		0.20484		0.12766		0.39545		4
100	0.11365		0.15787		0.2041		0.12712		0.39726		4
101	0.1132		0.15778		0.20336		0.12659		0.39907		4
102	0.11276		0.15769		0.20262		0.12605		0.40087		4
103	0.11233		0.1576		0.20188		0.12552		0.40268		4
104	0.11188		0.1575		0.20114		0.12499		0.4045		4
105	0.11137		0.15741		0.2004		0.12447		0.40635		4
106	0.11156		0.15752		0.19968		0.12413		0.40712		4
107	0.11149		0.1575		0.19891		0.12369		0.40841		4
108	0.11139		0.15754		0.19823		0.12332		0.40953		4
109	0.11123		0.15758		0.19759		0.12298		0.41062		4
110	0.11101		0.15752		0.19701		0.12258		0.41188		4
111	0.11078		0.15743		0.19644		0.12218		0.41317		4
112	0.11047		0.15743		0.19587		0.12186		0.41436		4
113	0.11011		0.15741		0.19533		0.12153		0.41563		4
114	0.10975		0.15739		0.19483		0.12121		0.41681		4
115	0.10941		0.15738		0.19438		0.12091		0.41791		4
116	0.10909		0.15737		0.19396		0.12063		0.41895		4
117	0.10885		0.15736		0.19356		0.12036		0.41987		4
118	0.10873		0.15736		0.19316		0.12011		0.42065		4
119	0.10862		0.15736		0.19279		0.11987		0.42135		4
120	0.10855		0.15737		0.19246		0.11965		0.42196		4
121	0.10846		0.15741		0.1922		0.11947		0.42246		4
122	0.10839		0.15745		0.19196		0.11931		0.4229		4
123	0.10833		0.1575		0.19175		0.11916		0.42327		4
124	0.10828		0.15754		0.19156		0.11901		0.42361		4
125	0.10823		0.15759		0.19136		0.11886		0.42395		4
126	0.10821		0.15764		0.19117		0.11871		0.42427		4
127	0.10818		0.1577		0.19099		0.11857		0.42456		4
128	0.10817		0.15776		0.19081		0.11843		0.42483		4
129	0.10816		0.15782		0.19067		0.1183		0.42506		4
130	0.10815		0.15789		0.19053		0.11818		0.42525		4
131	0.10816		0.15796		0.19037		0.11805		0.42546		4
132	0.10816		0.15804		0.1902		0.11791		0.4257		4
133	0.10816		0.15811		0.19		0.11775		0.42597		4
134	0.10816		0.15818		0.1898		0.1176		0.42625		4
135	0.10817		0.15825		0.18959		0.11744		0.42655		4
136	0.10817		0.15831		0.18938		0.11728		0.42686		4
137	0.10818		0.15837		0.18912		0.1171		0.42723		4
138	0.10818		0.15843		0.18881		0.1169		0.42768		4
139	0.10818		0.15848		0.18844		0.11668		0.42822		4
140	0.10818		0.15854		0.18801		0.11644		0.42884		4
141	0.10817		0.15858		0.18753		0.11618		0.42953		4
142	0.10817		0.15862		0.18701		0.11591		0.43029		4
143	0.10816		0.15865		0.18646		0.11563		0.4311		4
144	0.10816		0.15868		0.18593		0.11535		0.43188		4
145	0.10815		0.1587		0.18537		0.11506		0.43272		4
146	0.10814		0.15872		0.18479		0.11477		0.43358		4
147	0.10814		0.15874		0.18418		0.11448		0.43447		4
148	0.10813		0.15876		0.18356		0.11418		0.43536		4
149	0.10809		0.15871		0.18289		0.11383		0.43648		4
150	0.10796		0.15855		0.18211		0.11338		0.438		4
151	0.10788		0.15848		0.18142		0.11298		0.43923		4
152	0.10783		0.15844		0.18076		0.11261		0.44036		4
153	0.1078		0.1584		0.18009		0.11226		0.44145		4
154	0.10777		0.15837		0.17942		0.11192		0.44252		4
155	0.10775		0.15834		0.17875		0.11158		0.44359		4
156	0.10771		0.15822		0.17807		0.11118		0.44483		4
157	0.10766		0.15809		0.17738		0.11077		0.4461		4
158	0.1076		0.15797		0.17669		0.11036		0.44738		4
159	0.10756		0.15786		0.17603		0.10995		0.44861		4
160	0.10751		0.15775		0.17536		0.10955		0.44983		4
161	0.10747		0.15765		0.1747		0.10915		0.45103		4
162	0.10743		0.15755		0.17404		0.10876		0.45222		4
163	0.10737		0.15739		0.17337		0.10831		0.45357		4
164	0.1073		0.15723		0.17269		0.10785		0.45492		4
165	0.10725		0.15709		0.17203		0.10741		0.45622		4
166	0.1072		0.15697		0.17137		0.10697		0.45749		4
167	0.10715		0.15687		0.17072		0.10654		0.45873		4
168	0.1071		0.15679		0.17007		0.10611		0.45993		4
169	0.10706		0.15673		0.16941		0.10569		0.4611		4
170	0.10702		0.15669		0.16876		0.10529		0.46224		4
171	0.10699		0.15666		0.16811		0.10489		0.46335		4
172	0.10695		0.15665		0.16746		0.1045		0.46444		4
173	0.10692		0.15664		0.16681		0.10412		0.46551		4
174	0.10688		0.15665		0.16616		0.10375		0.46656		4
175	0.10685		0.15666		0.16551		0.10339		0.4676		4
176	0.10682		0.15667		0.16486		0.10304		0.46861		4
177	0.10678		0.15668		0.16422		0.10271		0.46961		4
178	0.10675		0.15669		0.16357		0.10239		0.4706		4
179	0.10672		0.15671		0.16292		0.10207		0.47158		4
180	0.10668		0.15672		0.16227		0.10182		0.47251		4
181	0.10664		0.15674		0.16163		0.10157		0.47342		4
182	0.1066		0.15674		0.16098		0.10133		0.47435		4
183	0.10656		0.15675		0.16034		0.10111		0.47524		4
184	0.10653		0.15676		0.1597		0.10091		0.4761		4
185	0.1065		0.15678		0.15906		0.10071		0.47694		4
186	0.10647		0.15679		0.15843		0.10053		0.47777		4
187	0.10645		0.1568		0.1578		0.10036		0.47859		4
188	0.10642		0.15682		0.15718		0.10019		0.47939		4
189	0.10639		0.15683		0.15656		0.10003		0.48019		4
190	0.10637		0.15684		0.15594		0.09988		0.48097		4
191	0.10636		0.15688		0.15536		0.099814		0.48159		4
192	0.10624		0.15676		0.15464		0.099647		0.48271		4
193	0.10648		0.15714		0.15445		0.099759		0.48216		4
194	0.10654		0.15724		0.15402		0.099708		0.4825		4
195	0.10638		0.15703		0.15331		0.099472		0.48381		4
196	0.10658		0.15733		0.15315		0.099628		0.48331		4
197	0.10658		0.15734		0.15274		0.099554		0.48378		4
198	0.10654		0.15729		0.1523		0.099437		0.48443		4
199	0.10654		0.15729		0.15193		0.099416		0.48482		4
200	0.10649		0.1572		0.1515		0.099339		0.48547		4
201	0.10644		0.15713		0.15111		0.099258		0.48607		4
202	0.10639		0.15706		0.15074		0.099172		0.48663		4
203	0.10635		0.157		0.1504		0.099085		0.48716		4
204	0.10632		0.15696		0.1501		0.099011		0.48761		4
205	0.1063		0.15692		0.14981		0.098948		0.48802		4
206	0.10626		0.15686		0.14953		0.098883		0.48846		4
207	0.10622		0.1568		0.14925		0.098815		0.48891		4
208	0.10617		0.15673		0.14898		0.098742		0.48937		4
209	0.10612		0.15666		0.14873		0.098672		0.48982		4
210	0.10607		0.1566		0.14849		0.098611		0.49022		4
211	0.10605		0.15658		0.1483		0.098572		0.4905		4
212	0.10603		0.15655		0.14812		0.098538		0.49076		4
213	0.10601		0.15653		0.14796		0.098505		0.491		4
214	0.10598		0.15651		0.1478		0.09847		0.49124		4
215	0.10595		0.15649		0.14765		0.098432		0.49147		4
216	0.10592		0.15648		0.1475		0.09839		0.49171		4
217	0.10589		0.15646		0.14737		0.098348		0.49193		4
218	0.10585		0.15645		0.14725		0.098301		0.49216		4
219	0.10579		0.15643		0.14712		0.098242		0.49242		4
220	0.10572		0.1564		0.14699		0.09817		0.49271		4
221	0.10568		0.15642		0.14691		0.09812		0.49287		4
222	0.10569		0.15651		0.14691		0.098112		0.49279		4
223	0.10566		0.15653		0.14685		0.098071		0.49288		4
224	0.10564		0.15658		0.14681		0.098029		0.49294		4
225	0.10558		0.15659		0.14675		0.097954		0.49313		4
226	0.10556		0.15665		0.14671		0.097905		0.49318		4
227	0.10554		0.15672		0.14668		0.097871		0.49319		4
228	0.10554		0.15678		0.14665		0.097842		0.49319		4
229	0.10552		0.15681		0.14659		0.097781		0.49331		4
230	0.10538		0.15667		0.14636		0.097598		0.494		4
231	0.10525		0.15654		0.14614		0.097416		0.49465		4
232	0.10516		0.15646		0.14597		0.09726		0.49515		4
233	0.10493		0.15617		0.14566		0.096951		0.49629		4
234	0.10472		0.1559		0.14536		0.096654		0.49736		4
235	0.10467		0.15585		0.14528		0.096501		0.4977		4
236	0.10463		0.15582		0.14525		0.09636		0.49794		4
237	0.10463		0.15585		0.14526		0.096251		0.49801		4
238	0.10468		0.15595		0.14536		0.096198		0.49781		4
239	0.10473		0.15604		0.14543		0.096121		0.49768		4
240	0.10463		0.1559		0.14527		0.095903		0.4983		4
241	0.10414		0.15515		0.14454		0.095349		0.50082		4
242	0.10378		0.15474		0.14409		0.094908		0.50249		4
243	0.10353		0.1546		0.14384		0.094564		0.50347		4
244	0.10334		0.15456		0.14369		0.094285		0.50412		4
245	0.10324		0.15461		0.14361		0.094076		0.50447		4
246	0.10322		0.15472		0.14358		0.093928		0.50455		4
247	0.10321		0.15481		0.14355		0.093788		0.50464		4
248	0.1032		0.1549		0.14349		0.093644		0.50476		4
249	0.10319		0.15498		0.14342		0.093496		0.50492		4
250	0.10317		0.15504		0.14333		0.093344		0.50511		4
251	0.10318		0.15512		0.14323		0.093273		0.5052		4
252	0.10316		0.15515		0.14306		0.093176		0.50545		4
253	0.10312		0.15516		0.14286		0.093065		0.5058		4
254	0.10307		0.15515		0.14262		0.09294		0.50622		4
255	0.10301		0.15512		0.14235		0.092803		0.50672		4
256	0.10294		0.15508		0.14204		0.092659		0.50728		4
257	0.10287		0.15504		0.1417		0.092507		0.50788		4
258	0.10279		0.15501		0.14136		0.092358		0.50848		4
259	0.10272		0.15499		0.14099		0.092202		0.5091		4
260	0.10265		0.15497		0.14061		0.092051		0.50972		4
261	0.10259		0.15496		0.14021		0.091899		0.51034		4
262	0.10252		0.15496		0.13981		0.091749		0.51096		4
263	0.10245		0.15495		0.13939		0.091548		0.51167		4
264	0.10238		0.15493		0.13894		0.09134		0.51242		4
265	0.1023		0.15491		0.13848		0.091135		0.51317		4
266	0.10224		0.15489		0.13803		0.090939		0.5139		4
267	0.10218		0.15488		0.13756		0.090745		0.51463		4
268	0.10212		0.15487		0.1371		0.090554		0.51536		4
269	0.10206		0.15485		0.13663		0.09037		0.51609		4
270	0.10201		0.15484		0.13616		0.090189		0.5168		4
271	0.10195		0.15482		0.13569		0.090011		0.51753		4
272	0.1019		0.1548		0.13521		0.089835		0.51825		4
273	0.10185		0.15477		0.13473		0.089661		0.51899		4
274	0.1018		0.15475		0.13425		0.08949		0.51971		4
275	0.10174		0.15472		0.13377		0.089318		0.52045		4
276	0.10169		0.15469		0.1333		0.089151		0.52117		4
277	0.10164		0.15466		0.13282		0.088984		0.5219		4
278	0.10158		0.15462		0.13234		0.088816		0.52264		4
279	0.10153		0.15458		0.13187		0.08865		0.52337		4
280	0.10147		0.15454		0.1314		0.088485		0.5241		4
281	0.10142		0.1545		0.13093		0.088321		0.52482		4
282	0.10136		0.15446		0.13047		0.088158		0.52555		4
283	0.10131		0.15442		0.13001		0.087997		0.52627		4
284	0.10125		0.15437		0.12956		0.087835		0.52698		4
285	0.10119		0.15432		0.12911		0.087675		0.52769		4
286	0.10114		0.15428		0.12867		0.087517		0.52839		4
287	0.10108		0.15422		0.12824		0.087356		0.5291		4
288	0.10102		0.15416		0.12781		0.087194		0.52982		4
289	0.10095		0.15408		0.12739		0.087028		0.53055		4
290	0.10089		0.15401		0.12698		0.086861		0.53126		4
291	0.10086		0.15398		0.12664		0.086769		0.53174		4
292	0.10098		0.15421		0.12651		0.086751		0.53155		4
293	0.10103		0.15432		0.12631		0.086721		0.53163		4
294	0.10103		0.15435		0.12606		0.086649		0.53191		4
295	0.10098		0.15428		0.12576		0.086531		0.53244		4
296	0.10093		0.15421		0.12548		0.086413		0.53296		4
297	0.10088		0.15414		0.12523		0.086291		0.53346		4
298	0.10083		0.15407		0.12499		0.086171		0.53393		4
299	0.10079		0.154		0.12479		0.08605		0.53438		4
300	0.10074		0.15393		0.1246		0.085929		0.5348		4
301	0.10077		0.15396		0.12452		0.085917		0.53484		4
302	0.1007		0.15387		0.12436		0.085823		0.53524		4
303	0.10069		0.15386		0.1243		0.08578		0.53537		4
304	0.10069		0.15386		0.12428		0.08576		0.53541		4
305	0.10067		0.15378		0.12423		0.085677		0.53565		4
306	0.10063		0.15368		0.12417		0.085625		0.5359		4
307	0.10057		0.15355		0.1241		0.085551		0.53623		4
308	0.10052		0.15345		0.12405		0.085479		0.5365		4
309	0.10047		0.15337		0.12402		0.08541		0.53673		4
310	0.10044		0.15331		0.124		0.085341		0.53691		4
311	0.1004		0.15326		0.12399		0.085271		0.53708		4
312	0.10038		0.15322		0.12398		0.085214		0.5372		4
313	0.10032		0.15314		0.12395		0.085134		0.53746		4
314	0.10027		0.15308		0.12392		0.085059		0.53768		4
315	0.10022		0.15302		0.1239		0.084989		0.53787		4
316	0.10017		0.15297		0.12388		0.084919		0.53807		4
317	0.10012		0.15291		0.12386		0.084849		0.53827		4
318	0.10006		0.15285		0.12383		0.084776		0.53848		4
319	0.099995		0.15279		0.1238		0.084698		0.53871		4
320	0.099932		0.15273		0.12378		0.084619		0.53894		4
321	0.099864		0.15265		0.12375		0.084535		0.5392		4
322	0.09979		0.15257		0.12371		0.084448		0.53949		4
323	0.099708		0.15248		0.12366		0.084353		0.5398		4
324	0.099618		0.15237		0.12361		0.084251		0.54016		4
325	0.09952		0.15225		0.12354		0.084145		0.54054		4
326	0.09942		0.15213		0.12348		0.084037		0.54094		4
327	0.099321		0.152		0.12341		0.08393		0.54133		4
328	0.099223		0.15187		0.12335		0.083826		0.54173		4
329	0.099128		0.15174		0.12329		0.083726		0.54211		4
330	0.099041		0.15163		0.12324		0.083631		0.54246		4
331	0.098968		0.15152		0.1232		0.083544		0.54277		4
332	0.098897		0.15142		0.12316		0.083459		0.54306		4
333	0.098829		0.15133		0.12313		0.083374		0.54334		4
334	0.098765		0.15124		0.12309		0.083292		0.54361		4
335	0.098705		0.15116		0.12306		0.083212		0.54387		4
336	0.098651		0.15109		0.12303		0.083138		0.54409		4
337	0.098603		0.15103		0.123		0.083067		0.54429		4
338	0.098563		0.15099		0.12298		0.083004		0.54446		4
339	0.098529		0.15096		0.12297		0.082944		0.5446		4
340	0.098495		0.15093		0.12295		0.082883		0.54474		4
341	0.098462		0.15091		0.12293		0.082821		0.54488		4
342	0.098432		0.15088		0.12292		0.082761		0.54501		4
343	0.098403		0.15086		0.1229		0.082703		0.54514		4
344	0.098377		0.15083		0.12288		0.082646		0.54526		4
345	0.098353		0.15082		0.12287		0.08259		0.54537		4
346	0.09833		0.1508		0.12286		0.082536		0.54548		4
347	0.098308		0.15078		0.12284		0.082481		0.54559		4
348	0.098286		0.15076		0.12283		0.082427		0.5457		4
349	0.098256		0.15072		0.12281		0.082345		0.54587		4
350	0.098222		0.15068		0.12278		0.082258		0.54606		4
351	0.098185		0.15063		0.12274		0.082168		0.54627		4
352	0.098148		0.15058		0.12271		0.082079		0.54648		4
353	0.098113		0.15053		0.12268		0.08199		0.54668		4
354	0.098079		0.15048		0.12265		0.081903		0.54688		4
355	0.098046		0.15044		0.12262		0.081816		0.54707		4
356	0.098015		0.1504		0.1226		0.081731		0.54726		4
357	0.097983		0.15035		0.12257		0.081645		0.54745		4
358	0.097952		0.15031		0.12255		0.08156		0.54763		4
359	0.097923		0.15027		0.12253		0.081476		0.54781		4
360	0.097895		0.15022		0.1225		0.081393		0.54798		4
361	0.097857		0.15017		0.12247		0.081286		0.54821		4
362	0.097818		0.15012		0.12244		0.081178		0.54845		4
363	0.09778		0.15006		0.12241		0.081071		0.54868		4
364	0.097745		0.15001		0.12238		0.080966		0.5489		4
365	0.097711		0.14997		0.12235		0.080863		0.54911		4
366	0.097678		0.14992		0.12232		0.080759		0.54932		4
367	0.097647		0.14987		0.1223		0.080658		0.54953		4
368	0.097616		0.14983		0.12227		0.080557		0.54973		4
369	0.097585		0.14978		0.12225		0.080455		0.54993		4
370	0.097555		0.14973		0.12222		0.080353		0.55013		4
371	0.097526		0.14969		0.1222		0.080254		0.55033		4
372	0.097498		0.14965		0.12218		0.080155		0.55052		4
373	0.097469		0.1496		0.12216		0.080055		0.55072		4
374	0.09744		0.14956		0.12213		0.079955		0.55092		4
375	0.097413		0.14951		0.12211		0.079857		0.55111		4
376	0.097385		0.14947		0.12209		0.07976		0.5513		4
377	0.097358		0.14942		0.12207		0.079663		0.55149		4
378	0.09733		0.14938		0.12205		0.079565		0.55168		4
379	0.097303		0.14934		0.12203		0.079469		0.55186		4
380	0.097275		0.14929		0.12201		0.079373		0.55206		4
381	0.097248		0.14925		0.12198		0.079277		0.55225		4
382	0.097221		0.1492		0.12196		0.07918		0.55244		4
383	0.097194		0.14916		0.12194		0.079085		0.55262		4
384	0.097167		0.14911		0.12192		0.078989		0.55281		4
385	0.09714		0.14907		0.1219		0.078894		0.553		4
386	0.097114		0.14902		0.12188		0.078799		0.55319		4
387	0.097087		0.14898		0.12186		0.078704		0.55338		4
388	0.097061		0.14893		0.12184		0.078609		0.55356		4
389	0.097034		0.14889		0.12182		0.078515		0.55375		4
390	0.097008		0.14884		0.12179		0.078421		0.55393		4
391	0.096982		0.1488		0.12177		0.078327		0.55412		4
392	0.096956		0.14876		0.12175		0.078233		0.5543		4
393	0.09693		0.14871		0.12173		0.078139		0.55448		4
394	0.096904		0.14867		0.12171		0.078045		0.55467		4
395	0.096878		0.14863		0.12169		0.077952		0.55485		4
396	0.096853		0.14858		0.12167		0.077859		0.55503		4
397	0.096828		0.14854		0.12165		0.077765		0.55521		4
398	0.096803		0.1485		0.12163		0.077673		0.55539		4
399	0.096778		0.14846		0.12161		0.077581		0.55557		4
400	0.096753		0.14841		0.12159		0.077489		0.55575		4
401	0.096729		0.14837		0.12158		0.077397		0.55593		4
402	0.096704		0.14833		0.12156		0.077305		0.5561		4
403	0.09668		0.14829		0.12154		0.077214		0.55628		4
404	0.096656		0.14825		0.12152		0.077123		0.55645		4
405	0.096632		0.14821		0.1215		0.077033		0.55663		4
406	0.096608		0.14817		0.12148		0.076942		0.5568		4
407	0.096585		0.14813		0.12146		0.076852		0.55697		4
408	0.096562		0.14809		0.12145		0.076762		0.55714		4
409	0.096539		0.14805		0.12143		0.076673		0.55731		4
410	0.096516		0.14801		0.12141		0.076584		0.55748		4
411	0.096494		0.14797		0.12139		0.076495		0.55764		4
412	0.096471		0.14794		0.12138		0.076406		0.55781		4
413	0.09645		0.1479		0.12136		0.076318		0.55797		4
414	0.096428		0.14786		0.12134		0.07623		0.55814		4
415	0.096406		0.14782		0.12133		0.076143		0.5583		4
416	0.096386		0.14779		0.12131		0.076056		0.55846		4
417	0.096365		0.14775		0.1213		0.075969		0.55862		4
418	0.096345		0.14772		0.12128		0.075883		0.55877		4
419	0.096325		0.14768		0.12127		0.075797		0.55893		4
420	0.096305		0.14765		0.12126		0.075711		0.55908		4
421	0.096286		0.14762		0.12124		0.075626		0.55923		4
422	0.096267		0.14758		0.12123		0.075541		0.55938		4
423	0.096249		0.14755		0.12122		0.075457		0.55952		4
424	0.096232		0.14752		0.12121		0.075373		0.55967		4
425	0.096214		0.14749		0.1212		0.07529		0.55981		4
426	0.096198		0.14746		0.12119		0.075208		0.55995		4
427	0.096182		0.14743		0.12118		0.075125		0.56008		4
428	0.096167		0.14741		0.12117		0.075044		0.56021		4
429	0.096151		0.14738		0.12116		0.074962		0.56035		4
430	0.096137		0.14735		0.12115		0.074882		0.56047		4
431	0.096123		0.14733		0.12115		0.074802		0.5606		4
432	0.09611		0.14731		0.12114		0.074723		0.56072		4
433	0.096097		0.14728		0.12113		0.074643		0.56084		4
434	0.096085		0.14726		0.12113		0.074565		0.56096		4
435	0.096073		0.14724		0.12113		0.074487		0.56107		4
436	0.096063		0.14722		0.12112		0.07441		0.56118		4
437	0.096052		0.1472		0.12112		0.074333		0.56129		4
438	0.096043		0.14719		0.12112		0.074257		0.56139		4
439	0.096033		0.14717		0.12112		0.074181		0.5615		4
440	0.096025		0.14715		0.12112		0.074106		0.5616		4
441	0.096016		0.14714		0.12112		0.074031		0.5617		4
442	0.09601		0.14712		0.12112		0.073957		0.56179		4
443	0.096002		0.14711		0.12112		0.073883		0.56188		4
444	0.095996		0.1471		0.12113		0.07381		0.56197		4
445	0.095989		0.14708		0.12113		0.073736		0.56206		4
446	0.095985		0.14708		0.12114		0.073664		0.56214		4
447	0.095979		0.14706		0.12114		0.073591		0.56223		4
448	0.095976		0.14706		0.12115		0.073521		0.5623		4
449	0.09597		0.14705		0.12115		0.073448		0.56238		4
450	0.095968		0.14704		0.12116		0.073379		0.56245		4
451	0.095964		0.14703		0.12116		0.073307		0.56253		4
452	0.095962		0.14703		0.12117		0.073238		0.5626		4
453	0.095959		0.14702		0.12118		0.073167		0.56267		4
454	0.095964		0.14703		0.1212		0.073119		0.56269		4
455	0.096029		0.14713		0.1213		0.073097		0.56245		4
456	0.096037		0.14714		0.12132		0.073053		0.56245		4
457	0.096095		0.14723		0.12142		0.073026		0.56224		4
458	0.096138		0.14729		0.12149		0.073008		0.56207		4
459	0.096142		0.14728		0.12151		0.072962		0.5621		4
460	0.096136		0.14726		0.12152		0.072909		0.56217		4
461	0.096127		0.14723		0.12153		0.072853		0.56227		4
462	0.096122		0.1472		0.12154		0.072798		0.56234		4
463	0.096113		0.14718		0.12154		0.07274		0.56243		4
464	0.096108		0.14715		0.12155		0.072684		0.56251		4
465	0.096099		0.14713		0.12155		0.072624		0.5626		4
466	0.096091		0.1471		0.12156		0.072563		0.56269		4
467	0.096083		0.14708		0.12156		0.072501		0.56278		4
468	0.09607		0.14705		0.12156		0.072439		0.56288		4
469	0.096204		0.14723		0.12174		0.072515		0.5623		4
470	0.09669		0.14805		0.12242		0.072806		0.56003		4
471	0.0969		0.14842		0.12274		0.072903		0.55904		4
472	0.09721		0.1489		0.12317		0.073108		0.55761		4
473	0.097313		0.14907		0.12333		0.073161		0.55713		4
474	0.097359		0.14913		0.12341		0.073171		0.55692		4
475	0.097351		0.1491		0.12342		0.07314		0.55699		4
476	0.09734		0.14906		0.12342		0.073103		0.55707		4
477	0.097329		0.14903		0.12343		0.073063		0.55715		4
478	0.097319		0.149		0.12343		0.073024		0.55722		4
479	0.097297		0.14895		0.12343		0.072976		0.55735		4
480	0.097279		0.14891		0.12343		0.072933		0.55745		4
481	0.097256		0.14886		0.12342		0.072887		0.55758		4
482	0.097233		0.14881		0.12342		0.07284		0.5577		4
483	0.097205		0.14875		0.1234		0.072789		0.55785		4
484	0.097174		0.14869		0.12339		0.072735		0.55801		4
485	0.097136		0.14862		0.12337		0.072674		0.5582		4
486	0.097098		0.14855		0.12335		0.072613		0.55839		4
487	0.097052		0.14846		0.12332		0.072545		0.55863		4
488	0.097005		0.14837		0.12328		0.072477		0.55886		4
489	0.096949		0.14826		0.12324		0.072403		0.55915		4
490	0.096891		0.14815		0.1232		0.072328		0.55944		4
491	0.096827		0.14802		0.12315		0.072247		0.55975		4
492	0.096767		0.1479		0.12311		0.07217		0.56005		4
493	0.096706		0.14779		0.12306		0.072091		0.56035		4
494	0.096656		0.14768		0.12303		0.072021		0.56061		4
495	0.096607		0.14757		0.12301		0.07195		0.56087		4
496	0.096564		0.14748		0.12298		0.071882		0.56109		4
497	0.09653		0.14739		0.12297		0.071822		0.56128		4
498	0.096504		0.14732		0.12297		0.071767		0.56144		4
499	0.096476		0.14724		0.12297		0.071713		0.5616		4
500	0.096446		0.14716		0.12296		0.071659		0.56178		4
501	0.09641		0.14706		0.12294		0.071602		0.56199		4
502	0.09638		0.14698		0.12292		0.071551		0.56216		4
503	0.096361		0.14691		0.12292		0.071511		0.5623		4
504	0.096357		0.14685		0.12294		0.07148		0.56237		4
505	0.096338		0.14677		0.12293		0.071441		0.56252		4
506	0.096329		0.14672		0.12294		0.071409		0.56261		4
507	0.096325		0.14668		0.12294		0.07138		0.56267		4
508	0.096335		0.14667		0.12296		0.071362		0.56267		4
509	0.096345		0.14667		0.12298		0.071346		0.56266		4
510	0.096324		0.14664		0.12295		0.071295		0.5628		4
511	0.096186		0.14644		0.12277		0.071155		0.56344		4
512	0.096127		0.14641		0.12271		0.071065		0.56368		4
513	0.0961		0.14642		0.12269		0.070996		0.5638		4
514	0.096103		0.14645		0.1227		0.070948		0.5638		4
515	0.096043		0.14638		0.12263		0.070856		0.56409		4
516	0.096014		0.14635		0.1226		0.070787		0.56425		4
517	0.095976		0.1463		0.12254		0.070696		0.56449		4
518	0.095935		0.14623		0.12249		0.070606		0.56474		4
519	0.095904		0.14619		0.12244		0.070524		0.56494		4
520	0.095878		0.14615		0.12241		0.070446		0.56512		4
521	0.095862		0.14613		0.12239		0.070373		0.56524		4
522	0.09585		0.14612		0.12237		0.070303		0.56535		4
523	0.095848		0.14613		0.12237		0.070239		0.56541		4
524	0.095852		0.14615		0.12238		0.07018		0.56544		4
525	0.095842		0.14616		0.12238		0.070091		0.56553		4
526	0.095834		0.14617		0.12238		0.070002		0.56562		4
527	0.095832		0.14619		0.12239		0.069917		0.56568		4
528	0.095838		0.14622		0.12241		0.069836		0.5657		4
529	0.095853		0.14627		0.12244		0.06976		0.56568		4
530	0.095869		0.14631		0.12247		0.069684		0.56566		4
531	0.095892		0.14637		0.12251		0.069612		0.56561		4
532	0.09592		0.14643		0.12256		0.069543		0.56554		4
533	0.095952		0.1465		0.12261		0.069478		0.56545		4
534	0.095986		0.14657		0.12267		0.069414		0.56536		4
535	0.096024		0.14665		0.12273		0.069353		0.56525		4
536	0.096062		0.14672		0.12279		0.069292		0.56513		4
537	0.096099		0.14679		0.12285		0.069231		0.56503		4
538	0.096136		0.14686		0.12291		0.069171		0.56492		4
539	0.096174		0.14694		0.12297		0.069112		0.56481		4
540	0.09621		0.14701		0.12302		0.069052		0.56471		4
541	0.096249		0.14708		0.12309		0.069013		0.56457		4
542	0.096447		0.14742		0.12336		0.06906		0.56371		4
543	0.09656		0.14762		0.12353		0.069072		0.56322		4
544	0.096648		0.14778		0.12366		0.069068		0.56285		4
545	0.096683		0.14784		0.12371		0.06903		0.56274		4
546	0.096721		0.1479		0.12377		0.068994		0.56261		4
547	0.096759		0.14796		0.12383		0.068959		0.56249		4
548	0.096799		0.14803		0.12389		0.068923		0.56236		4
549	0.096837		0.14809		0.12395		0.068888		0.56223		4
550	0.096877		0.14816		0.12401		0.068853		0.5621		4
551	0.096915		0.14822		0.12407		0.068816		0.56197		4
552	0.096953		0.14829		0.12413		0.068779		0.56185		4
553	0.09702		0.1484		0.12423		0.068789		0.56157		4
554	0.09695		0.14831		0.12415		0.068709		0.56188		4
555	0.097354		0.14894		0.1247		0.068918		0.56008		4
556	0.097557		0.14925		0.12498		0.068997		0.55921		4
557	0.097452		0.14906		0.12485		0.068879		0.55976		4
558	0.097749		0.14951		0.12526		0.069054		0.55842		4
559	0.097901		0.14975		0.12549		0.069109		0.55776		4
560	0.098055		0.14999		0.12572		0.069193		0.55705		4
561	0.098054		0.14996		0.12573		0.069175		0.55708		4
562	0.098048		0.14992		0.12573		0.069151		0.55715		4
563	0.098032		0.14987		0.12573		0.069118		0.55725		4
564	0.09802		0.14983		0.12572		0.069084		0.55734		4
565	0.098002		0.14978		0.12571		0.069043		0.55746		4
566	0.098014		0.14978		0.12574		0.069025		0.55744		4
567	0.098005		0.14974		0.12573		0.068999		0.55752		4
568	0.097993		0.1497		0.12572		0.068974		0.55761		4
569	0.097954		0.14962		0.12568		0.068935		0.55781		4
570	0.097914		0.14956		0.12564		0.068895		0.558		4
571	0.097888		0.14952		0.12561		0.068863		0.55812		4
572	0.097877		0.14949		0.12561		0.068843		0.55818		4
573	0.097865		0.14947		0.1256		0.068825		0.55824		4
574	0.097866		0.14947		0.12561		0.068814		0.55825		4
575	0.097862		0.14945		0.12561		0.068802		0.55828		4
576	0.097857		0.14944		0.1256		0.068788		0.55832		4
577	0.097845		0.14942		0.12559		0.06877		0.55838		4
578	0.097829		0.1494		0.12557		0.068748		0.55845		4
579	0.097805		0.14937		0.12555		0.068721		0.55856		4
580	0.097783		0.14936		0.12552		0.068694		0.55864		4
581	0.097745		0.14933		0.12548		0.068654		0.55879		4
582	0.097682		0.14926		0.12542		0.068595		0.55905		4
583	0.0976		0.14917		0.12532		0.068519		0.55939		4
584	0.097574		0.14916		0.1253		0.068478		0.55949		4
585	0.097528		0.1491		0.12525		0.068423		0.5597		4
586	0.097483		0.14905		0.12519		0.068367		0.55991		4
587	0.097391		0.14893		0.12508		0.068278		0.56032		4
588	0.097318		0.14885		0.12499		0.068198		0.56064		4
589	0.097267		0.14879		0.12493		0.068136		0.56087		4
590	0.097226		0.14874		0.12488		0.068085		0.56106		4
591	0.097183		0.1487		0.12484		0.068026		0.56126		4
592	0.097044		0.14851		0.12466		0.067896		0.56189		4
593	0.096865		0.14828		0.12445		0.067733		0.56267		4
594	0.096768		0.14818		0.12433		0.067626		0.56309		4
595	0.096558		0.14791		0.12408		0.067431		0.56402		4
596	0.096271		0.14753		0.12373		0.067178		0.56529		4
597	0.096091		0.14729		0.1235		0.066997		0.56612		4
598	0.096026		0.14721		0.12342		0.066897		0.56645		4
599	0.095999		0.14718		0.12338		0.066823		0.56662		4
600	0.096055		0.14728		0.12345		0.06681		0.5664		4
601	0.096114		0.14737		0.12352		0.066791		0.5662		4
602	0.096112		0.14736		0.1235		0.066734		0.56629		4
603	0.095731		0.14669		0.12296		0.066439		0.56818		4
604	0.09542		0.14622		0.12255		0.066182		0.56962		4
605	0.095176		0.14596		0.12226		0.065958		0.57064		4
606	0.095044		0.14593		0.12216		0.065794		0.57108		4
607	0.094881		0.14582		0.12201		0.065604		0.57169		4
608	0.094776		0.14578		0.12192		0.065447		0.57207		4
609	0.094757		0.14584		0.12194		0.065344		0.57212		4
610	0.094765		0.14592		0.12197		0.065262		0.57209		4
611	0.094794		0.14601		0.12202		0.065197		0.57198		4
612	0.094815		0.14609		0.12207		0.06513		0.5719		4
613	0.094838		0.14616		0.12211		0.065065		0.57182		4
614	0.09485		0.14622		0.12214		0.064995		0.5718		4
615	0.094886		0.1463		0.12219		0.064971		0.57166		4
616	0.094884		0.14631		0.12219		0.064924		0.57169		4
617	0.094879		0.14633		0.12218		0.064876		0.57174		4
618	0.094864		0.14632		0.12217		0.06482		0.57182		4
619	0.094854		0.14634		0.12216		0.064767		0.57188		4
620	0.094838		0.14635		0.12215		0.064711		0.57196		4
621	0.09483		0.14638		0.12215		0.064657		0.57199		4
622	0.094822		0.14641		0.12215		0.064602		0.57202		4
623	0.094825		0.14646		0.12217		0.064551		0.57199		4
624	0.094827		0.14651		0.12219		0.064499		0.57197		4
625	0.094834		0.14657		0.12222		0.064426		0.57194		4
626	0.094833		0.14662		0.12225		0.064347		0.57195		4
627	0.094846		0.14669		0.12229		0.064276		0.5719		4
628	0.09486		0.14676		0.12233		0.064205		0.57185		4
629	0.094886		0.14684		0.12238		0.064143		0.57175		4
630	0.094911		0.14691		0.12244		0.064079		0.57166		4
631	0.094948		0.14701		0.1225		0.064023		0.57152		4
632	0.094982		0.14709		0.12257		0.063968		0.5714		4
633	0.095026		0.14718		0.12264		0.063919		0.57124		4
634	0.095065		0.14726		0.1227		0.063869		0.5711		4
635	0.095113		0.14736		0.12278		0.063825		0.57092		4
636	0.095155		0.14744		0.12285		0.063779		0.57078		4
637	0.095205		0.14754		0.12293		0.06374		0.57059		4
638	0.095248		0.14762		0.123		0.063697		0.57044		4
639	0.095297		0.14771		0.12307		0.063659		0.57026		4
640	0.095341		0.14779		0.12314		0.063619		0.57011		4
641	0.095391		0.14788		0.12322		0.063584		0.56993		4
642	0.095435		0.14796		0.12329		0.063545		0.56977		4
643	0.095486		0.14805		0.12336		0.063512		0.56959		4
644	0.09553		0.14813		0.12343		0.063475		0.56943		4
645	0.095579		0.14822		0.12351		0.063442		0.56925		4
646	0.095622		0.1483		0.12358		0.063405		0.5691		4
647	0.095671		0.14838		0.12365		0.063372		0.56892		4
648	0.095714		0.14846		0.12372		0.063336		0.56878		4
649	0.095767		0.14855		0.1238		0.063322		0.56857		4
650	0.095892		0.14876		0.12398		0.063336		0.56803		4
651	0.095921		0.1488		0.12402		0.063292		0.56796		4
652	0.096006		0.14894		0.12415		0.0633		0.56761		4
653	0.096074		0.14905		0.12425		0.063297		0.56733		4
654	0.09614		0.14914		0.12435		0.063276		0.56709		4
655	0.096386		0.14957		0.1247		0.063378		0.56597		4
656	0.09654		0.14983		0.12493		0.063424		0.56528		4
657	0.096588		0.1499		0.125		0.063409		0.5651		4
658	0.09662		0.14994		0.12505		0.063382		0.565		4
659	0.096656		0.14999		0.12511		0.063357		0.56489		4
660	0.096685		0.15003		0.12516		0.063327		0.5648		4
661	0.096717		0.15008		0.12521		0.063299		0.5647		4
662	0.096743		0.15011		0.12526		0.063266		0.56462		4
663	0.096768		0.15015		0.1253		0.063232		0.56455		4
664	0.096776		0.15015		0.12532		0.06319		0.56456		4
665	0.096958		0.15041		0.12557		0.063287		0.56378		4
666	0.097071		0.15061		0.12574		0.063338		0.56324		4
667	0.097117		0.15067		0.12582		0.06333		0.56306		4
668	0.097132		0.15066		0.12585		0.063327		0.56303		4
669	0.097113		0.15059		0.12583		0.063302		0.56316		4
670	0.097098		0.15054		0.12581		0.063275		0.56327		4
671	0.097095		0.15051		0.12582		0.06325		0.56333		4
672	0.097097		0.15049		0.12583		0.063225		0.56336		4
673	0.09711		0.15049		0.12585		0.063201		0.56334		4
674	0.09712		0.15049		0.12588		0.063178		0.56334		4
675	0.097125		0.15048		0.12589		0.063151		0.56335		4
676	0.09713		0.15047		0.12591		0.063123		0.56337		4
677	0.09714		0.15047		0.12593		0.0631		0.56336		4
678	0.097147		0.15046		0.12595		0.063074		0.56337		4
679	0.097156		0.15046		0.12597		0.063047		0.56337		4
680	0.097156		0.15044		0.12599		0.063015		0.5634		4
681	0.097162		0.15043		0.126		0.062984		0.56342		4
682	0.097161		0.1504		0.12601		0.062949		0.56348		4
683	0.097161		0.15037		0.12602		0.062914		0.56353		4
684	0.097154		0.15033		0.12602		0.062875		0.56362		4
685	0.097147		0.15029		0.12602		0.062835		0.5637		4
686	0.097132		0.15024		0.12601		0.06279		0.56383		4
687	0.09712		0.15018		0.12601		0.062747		0.56394		4
688	0.097111		0.15013		0.12601		0.062704		0.56405		4
689	0.097108		0.15008		0.12601		0.062666		0.56413		4
690	0.097102		0.15003		0.12602		0.062628		0.56422		4
691	0.097105		0.15		0.12603		0.062595		0.56427		4
692	0.097108		0.14996		0.12605		0.062563		0.56432		4
693	0.097122		0.14995		0.12608		0.062538		0.56431		4
694	0.097135		0.14993		0.1261		0.062511		0.56432		4
695	0.097155		0.14993		0.12614		0.062489		0.56428		4
696	0.097169		0.14992		0.12617		0.062465		0.56428		4
697	0.097189		0.14992		0.1262		0.062446		0.56424		4
698	0.097202		0.14991		0.12623		0.062424		0.56423		4
699	0.097222		0.14991		0.12627		0.062407		0.56419		4
700	0.09724		0.14993		0.1263		0.062388		0.56415		4
701	0.09725		0.14994		0.12632		0.062365		0.56412		4
702	0.097283		0.15001		0.12637		0.062355		0.56399		4
703	0.097313		0.15006		0.12642		0.062345		0.56386		4
704	0.097337		0.15011		0.12645		0.062332		0.56376		4
705	0.097367		0.15017		0.1265		0.062321		0.56364		4
706	0.097391		0.15023		0.12654		0.062308		0.56354		4
707	0.097422		0.1503		0.12658		0.062299		0.5634		4
708	0.097445		0.15035		0.12662		0.062286		0.5633		4
709	0.097477		0.15041		0.12667		0.062278		0.56316		4
710	0.097502		0.15046		0.12671		0.062266		0.56306		4
711	0.097525		0.15051		0.12674		0.062238		0.56299		4
712	0.097537		0.15054		0.12676		0.062204		0.56296		4
713	0.097552		0.15057		0.12679		0.062171		0.56292		4
714	0.097561		0.15059		0.12681		0.062136		0.56291		4
715	0.097576		0.15061		0.12683		0.062103		0.56287		4
716	0.097588		0.15064		0.12686		0.062069		0.56285		4
717	0.097606		0.15067		0.12689		0.062038		0.5628		4
718	0.097621		0.1507		0.12691		0.062004		0.56276		4
719	0.097641		0.15073		0.12695		0.061974		0.5627		4
720	0.097658		0.15076		0.12698		0.061942		0.56266		4
721	0.09768		0.1508		0.12702		0.061913		0.56259		4
722	0.097698		0.15083		0.12705		0.061882		0.56254		4
723	0.09771		0.15086		0.12707		0.061837		0.56252		4
724	0.097716		0.15087		0.12709		0.06179		0.56253		4
725	0.097729		0.1509		0.12712		0.061746		0.56251		4
726	0.097739		0.15092		0.12714		0.0617		0.5625		4
727	0.097754		0.15095		0.12717		0.061656		0.56247		4
728	0.097766		0.15097		0.1272		0.061611		0.56245		4
729	0.097785		0.151		0.12723		0.06157		0.56241		4
730	0.097799		0.15103		0.12726		0.061526		0.56239		4
731	0.097818		0.15106		0.1273		0.061484		0.56234		4
732	0.097833		0.15108		0.12732		0.061441		0.56232		4
733	0.097854		0.15112		0.12736		0.061401		0.56227		4
734	0.09787		0.15115		0.12739		0.061358		0.56223		4
735	0.097891		0.15118		0.12743		0.061316		0.56219		4
736	0.097908		0.1512		0.12746		0.061273		0.56216		4
737	0.097929		0.15124		0.1275		0.061233		0.56211		4
738	0.097946		0.15126		0.12753		0.061191		0.56207		4
739	0.097968		0.15129		0.12756		0.061151		0.56202		4
740	0.097984		0.15132		0.12759		0.061108		0.562		4
741	0.098006		0.15135		0.12763		0.061069		0.56194		4
742	0.098023		0.15137		0.12766		0.061026		0.56192		4
743	0.098044		0.15141		0.1277		0.060987		0.56186		4
744	0.098061		0.15143		0.12773		0.060944		0.56184		4
745	0.098083		0.15146		0.12777		0.060905		0.56178		4
746	0.0981		0.15149		0.1278		0.060863		0.56175		4
747	0.098121		0.15152		0.12783		0.060823		0.5617		4
748	0.098138		0.15154		0.12786		0.060782		0.56167		4
749	0.09816		0.15157		0.1279		0.060742		0.56162		4
750	0.098176		0.1516		0.12793		0.0607		0.56159		4
751	0.098198		0.15163		0.12797		0.060661		0.56154		4
752	0.098215		0.15165		0.128		0.060619		0.56151		4
753	0.098236		0.15169		0.12804		0.06058		0.56146		4
754	0.098253		0.15171		0.12807		0.060539		0.56143		4
755	0.098275		0.15174		0.1281		0.0605		0.56138		4
756	0.098292		0.15177		0.12813		0.060459		0.56135		4
757	0.098313		0.1518		0.12817		0.06042		0.5613		4
758	0.09833		0.15182		0.1282		0.060379		0.56127		4
759	0.098351		0.15185		0.12824		0.06034		0.56122		4
760	0.098368		0.15188		0.12827		0.060299		0.56119		4
761	0.098389		0.15191		0.1283		0.060261		0.56114		4
762	0.098406		0.15193		0.12833		0.06022		0.56111		4
763	0.098427		0.15196		0.12837		0.060181		0.56106		4
764	0.098444		0.15199		0.1284		0.06014		0.56103		4
765	0.098465		0.15202		0.12844		0.060101		0.56098		4
766	0.098482		0.15204		0.12847		0.060061		0.56095		4
767	0.098503		0.15207		0.1285		0.060022		0.5609		4
768	0.098519		0.1521		0.12853		0.059982		0.56087		4
769	0.09854		0.15213		0.12857		0.059943		0.56082		4
770	0.098557		0.15215		0.1286		0.059902		0.56079		4
771	0.098578		0.15218		0.12863		0.059864		0.56075		4
772	0.098594		0.1522		0.12866		0.059824		0.56072		4
773	0.098615		0.15223		0.1287		0.059786		0.56067		4
774	0.098631		0.15226		0.12873		0.059745		0.56064		4
