0	0.2		0.2		0.2		0.2		0.2		0
1	0.1997		0.19996		0.20009		0.20018		0.20007		3
2	0.1994		0.19988		0.20019		0.20039		0.20014		3
3	0.19907		0.1998		0.2003		0.20063		0.2002		3
4	0.19871		0.19969		0.20042		0.20091		0.20026		3
5	0.19832		0.19957		0.20056		0.20124		0.20031		3
6	0.19788		0.19942		0.20072		0.20163		0.20034		3
7	0.1974		0.19924		0.2009		0.20211		0.20035		3
8	0.19685		0.19901		0.20111		0.20271		0.20033		3
9	0.1962		0.1987		0.20137		0.20348		0.20024		3
10	0.19544		0.19829		0.20167		0.20452		0.20007		3
11	0.19449		0.19772		0.20205		0.206		0.19975		3
12	0.19326		0.19688		0.2025		0.20817		0.19919		3
13	0.19168		0.1957		0.203		0.21134		0.19828		3
14	0.18976		0.19419		0.20353		0.21545		0.19707		3
15	0.18764		0.1925		0.20401		0.22014		0.1957		3
16	0.18543		0.19075		0.20439		0.22515		0.19429		3
17	0.18318		0.18899		0.20467		0.23028		0.19289		3
18	0.1809		0.18724		0.20487		0.2355		0.19151		3
19	0.17858		0.18549		0.20498		0.24081		0.19014		3
20	0.17625		0.18375		0.20501		0.24621		0.18878		3
21	0.17389		0.18202		0.20497		0.25171		0.18741		3
22	0.17152		0.18029		0.20485		0.2573		0.18603		3
23	0.16913		0.17856		0.20468		0.26299		0.18464		3
24	0.16674		0.1768		0.20446		0.26878		0.18323		3
25	0.16433		0.17501		0.20418		0.27465		0.18183		3
26	0.16192		0.17319		0.20387		0.2806		0.18042		3
27	0.15951		0.17132		0.20352		0.28662		0.17904		3
28	0.15708		0.16942		0.20314		0.29267		0.17769		3
29	0.15464		0.16748		0.20274		0.29875		0.1764		3
30	0.1522		0.16549		0.20231		0.3048		0.1752		3
31	0.14975		0.16345		0.20184		0.31078		0.17417		3
32	0.14728		0.16138		0.20131		0.31663		0.1734		3
33	0.14481		0.15925		0.20068		0.32225		0.17301		3
34	0.14233		0.15709		0.19993		0.32761		0.17304		3
35	0.13988		0.15491		0.19911		0.3328		0.1733		3
36	0.13745		0.15275		0.19825		0.33797		0.17359		3
37	0.13507		0.1506		0.19736		0.34314		0.17384		3
38	0.13272		0.14848		0.19646		0.34829		0.17405		3
39	0.13041		0.14638		0.19557		0.35344		0.1742		3
40	0.12814		0.14431		0.19469		0.35855		0.1743		3
41	0.12591		0.14226		0.19386		0.36362		0.17435		3
42	0.12371		0.14023		0.19311		0.36861		0.17433		3
43	0.12155		0.13822		0.19251		0.37345		0.17426		3
44	0.11943		0.13624		0.19217		0.37806		0.1741		3
45	0.11733		0.13428		0.19223		0.38231		0.17385		3
46	0.11527		0.13232		0.19289		0.38602		0.1735		3
47	0.11324		0.13039		0.19412		0.38921		0.17304		3
48	0.11125		0.1285		0.19556		0.39215		0.17253		3
49	0.10932		0.12666		0.19702		0.395		0.172		3
50	0.10743		0.12488		0.19847		0.39776		0.17145		3
51	0.10559		0.12316		0.19991		0.40045		0.17088		3
52	0.10381		0.12149		0.20136		0.40305		0.1703		3
53	0.10206		0.11988		0.20281		0.40555		0.1697		3
54	0.10037		0.11834		0.20425		0.40796		0.16908		3
55	0.098714		0.11686		0.20571		0.41026		0.16846		3
56	0.097107		0.11546		0.20715		0.41246		0.16783		3
57	0.095544		0.11414		0.2086		0.41453		0.16719		3
58	0.094025		0.11291		0.21006		0.41645		0.16655		3
59	0.09255		0.1118		0.21153		0.41822		0.1659		3
60	0.091121		0.11081		0.213		0.41981		0.16526		3
61	0.089736		0.10996		0.21447		0.42121		0.16462		3
62	0.088396		0.10925		0.21595		0.42241		0.16399		3
63	0.087098		0.10865		0.21744		0.42343		0.16338		3
64	0.085836		0.10812		0.21896		0.4243		0.16278		3
65	0.08461		0.10762		0.22052		0.42505		0.16221		3
66	0.083415		0.10713		0.2221		0.4257		0.16166		3
67	0.08225		0.10665		0.22372		0.42624		0.16114		3
68	0.081115		0.10617		0.2254		0.42665		0.16067		3
69	0.080009		0.10569		0.22712		0.42692		0.16026		3
70	0.078931		0.10522		0.22888		0.42704		0.15993		3
71	0.077882		0.10474		0.23068		0.42699		0.1597		3
72	0.076861		0.10427		0.23252		0.42674		0.15962		3
73	0.07587		0.1038		0.23437		0.42623		0.15973		3
74	0.074908		0.10333		0.23622		0.42547		0.16008		3
75	0.073974		0.10287		0.23806		0.42447		0.16064		3
76	0.073064		0.10241		0.23989		0.42331		0.16133		3
77	0.072176		0.10195		0.24173		0.42207		0.16208		3
78	0.071307		0.10149		0.24358		0.42078		0.16284		3
79	0.070456		0.10103		0.24545		0.41945		0.16361		3
80	0.069623		0.10058		0.24733		0.41809		0.16438		3
81	0.068807		0.10012		0.24923		0.41671		0.16514		3
82	0.068008		0.099662		0.25113		0.41529		0.16591		3
83	0.067224		0.099206		0.25306		0.41384		0.16667		3
84	0.066456		0.09875		0.25499		0.41237		0.16744		3
85	0.065702		0.098295		0.25693		0.41087		0.1682		3
86	0.064963		0.09784		0.25889		0.40935		0.16896		3
87	0.064238		0.097384		0.26085		0.40781		0.16972		3
88	0.063526		0.096929		0.26282		0.40625		0.17047		3
89	0.062827		0.096473		0.26481		0.40466		0.17123		3
90	0.062141		0.096018		0.2668		0.40306		0.17198		3
91	0.061466		0.095561		0.2688		0.40145		0.17272		3
92	0.060803		0.095103		0.2708		0.39984		0.17346		3
93	0.060152		0.094646		0.27281		0.3982		0.1742		3
94	0.05951		0.094187		0.27481		0.39656		0.17493		3
95	0.059021		0.094044		0.27651		0.39485		0.17557		3
96	0.05852		0.093853		0.27826		0.39317		0.1762		3
97	0.058024		0.093656		0.27998		0.39151		0.17684		3
98	0.057534		0.093457		0.28169		0.38985		0.17746		3
99	0.057049		0.093252		0.2834		0.38821		0.17808		3
100	0.056569		0.093044		0.2851		0.38659		0.1787		3
101	0.056094		0.09283		0.28677		0.38501		0.17929		3
102	0.055624		0.092611		0.28843		0.38346		0.17988		3
103	0.055158		0.092386		0.29007		0.38194		0.18045		3
104	0.054686		0.092126		0.29168		0.38051		0.181		3
105	0.054197		0.091798		0.29325		0.37924		0.18151		3
106	0.053922		0.091979		0.29442		0.37764		0.18203		3
107	0.053573		0.09195		0.29565		0.37641		0.18241		3
108	0.053216		0.091877		0.29684		0.37522		0.18284		3
109	0.052846		0.091745		0.29801		0.37414		0.18326		3
110	0.052482		0.091596		0.29914		0.37312		0.18366		3
111	0.052157		0.091433		0.30019		0.3722		0.18402		3
112	0.051803		0.091142		0.30124		0.37149		0.18433		3
113	0.051436		0.090805		0.30227		0.37088		0.18461		3
114	0.051069		0.090456		0.30328		0.3703		0.1849		3
115	0.050708		0.09011		0.30425		0.36976		0.18518		3
116	0.050351		0.089766		0.30519		0.36925		0.18544		3
117	0.050017		0.089471		0.30607		0.36875		0.1857		3
118	0.049725		0.089277		0.30686		0.36822		0.18592		3
119	0.049437		0.089079		0.3076		0.36776		0.18612		3
120	0.04916		0.0889		0.30828		0.36735		0.18631		3
121	0.048875		0.088675		0.30891		0.36707		0.18647		3
122	0.048598		0.08846		0.30948		0.36685		0.18661		3
123	0.048321		0.088228		0.31001		0.36672		0.18672		3
124	0.048047		0.087997		0.31051		0.36662		0.18683		3
125	0.047774		0.08777		0.31101		0.3665		0.18694		3
126	0.047506		0.087547		0.31151		0.36639		0.18705		3
127	0.047238		0.087319		0.312		0.3663		0.18714		3
128	0.046974		0.087094		0.31247		0.36624		0.18723		3
129	0.046707		0.086848		0.31291		0.36624		0.1873		3
130	0.046447		0.086614		0.31332		0.36626		0.18736		3
131	0.046199		0.086414		0.31375		0.36621		0.18743		3
132	0.04594		0.086181		0.31423		0.36613		0.18753		3
133	0.045687		0.085958		0.31473		0.36598		0.18764		3
134	0.045429		0.085718		0.31526		0.36583		0.18776		3
135	0.045178		0.085493		0.3158		0.36563		0.18789		3
136	0.044934		0.085282		0.31634		0.3654		0.18804		3
137	0.044695		0.085089		0.31694		0.36506		0.18822		3
138	0.044457		0.0849		0.31763		0.36457		0.18844		3
139	0.044229		0.084739		0.31841		0.36393		0.18869		3
140	0.044012		0.084617		0.31926		0.36312		0.18898		3
141	0.043794		0.084488		0.32019		0.36222		0.1893		3
142	0.043589		0.084399		0.32118		0.36118		0.18965		3
143	0.043395		0.084343		0.32217		0.36008		0.19002		3
144	0.043183		0.084227		0.32319		0.35899		0.19041		3
145	0.042967		0.084097		0.32426		0.35788		0.1908		3
146	0.04275		0.083958		0.32536		0.35675		0.19118		3
147	0.042537		0.083827		0.32653		0.35553		0.19157		3
148	0.042322		0.083686		0.32773		0.3543		0.19196		3
149	0.042026		0.083285		0.32916		0.35322		0.19231		3
150	0.041684		0.082788		0.33073		0.35225		0.19254		3
151	0.041344		0.08229		0.33228		0.3512		0.19288		3
152	0.041007		0.081795		0.33384		0.35012		0.19324		3
153	0.040671		0.081303		0.33541		0.34903		0.19359		3
154	0.040336		0.080814		0.337		0.34791		0.19394		3
155	0.040003		0.080329		0.33859		0.34678		0.19429		3
156	0.039668		0.079842		0.3402		0.34567		0.19462		3
157	0.039335		0.079354		0.34182		0.34455		0.19494		3
158	0.038966		0.078729		0.34355		0.3435		0.19525		2
159	0.038602		0.07811		0.34529		0.34243		0.19557		2
160	0.038246		0.07751		0.34703		0.34132		0.19589		2
161	0.037897		0.076922		0.34877		0.34019		0.19622		2
162	0.037556		0.076348		0.35051		0.33904		0.19655		2
163	0.037214		0.07578		0.35227		0.33788		0.19686		2
164	0.036879		0.075223		0.35403		0.33669		0.19717		2
165	0.036553		0.074686		0.35579		0.33548		0.1975		2
166	0.03623		0.074154		0.35754		0.33425		0.19782		2
167	0.035915		0.073641		0.3593		0.333		0.19815		2
168	0.035608		0.073142		0.36105		0.33173		0.19847		2
169	0.035309		0.072666		0.36281		0.33042		0.1988		2
170	0.035016		0.072202		0.36457		0.32909		0.19912		2
171	0.034727		0.071741		0.36632		0.32777		0.19944		2
172	0.034442		0.071291		0.36808		0.32642		0.19976		2
173	0.034164		0.070853		0.36984		0.32506		0.20008		2
174	0.033892		0.070428		0.37161		0.32368		0.2004		2
175	0.033625		0.070013		0.37337		0.32228		0.20071		2
176	0.033362		0.069604		0.37513		0.32088		0.20103		2
177	0.033106		0.069211		0.37689		0.31946		0.20134		2
178	0.032855		0.068829		0.37865		0.31802		0.20165		2
179	0.032608		0.068456		0.38042		0.31657		0.20195		2
180	0.03242		0.068278		0.38201		0.31502		0.20227		2
181	0.032227		0.068076		0.38361		0.3135		0.20259		2
182	0.032037		0.067875		0.38523		0.31195		0.2029		2
183	0.031849		0.06768		0.38685		0.3104		0.20322		2
184	0.031663		0.067489		0.38847		0.30885		0.20353		2
185	0.031481		0.067303		0.39008		0.30728		0.20385		2
186	0.031301		0.067118		0.3917		0.30572		0.20416		2
187	0.03112		0.066928		0.39332		0.30416		0.20447		2
188	0.030942		0.066742		0.39494		0.3026		0.20478		2
189	0.030766		0.066557		0.39656		0.30103		0.20508		2
190	0.030588		0.06636		0.3982		0.29947		0.20538		2
191	0.030484		0.066421		0.39949		0.29787		0.20573		2
192	0.030355		0.066378		0.40102		0.29629		0.20596		2
193	0.030193		0.066209		0.40205		0.29502		0.20653		2
194	0.030004		0.065934		0.4035		0.2937		0.20686		2
195	0.029787		0.065544		0.40538		0.29233		0.20696		2
196	0.029674		0.065509		0.40605		0.29121		0.20756		2
197	0.029548		0.065388		0.40709		0.29014		0.20784		2
198	0.029427		0.065257		0.40817		0.28907		0.20808		2
199	0.029292		0.065043		0.40925		0.28808		0.20834		2
200	0.029147		0.06479		0.41045		0.28711		0.20851		2
201	0.028996		0.064515		0.4116		0.28622		0.20867		2
202	0.028842		0.064217		0.41272		0.2854		0.20883		2
203	0.028682		0.063897		0.41382		0.28463		0.20897		2
204	0.028528		0.063589		0.41486		0.28391		0.20911		2
205	0.028387		0.063328		0.41583		0.28322		0.20924		2
206	0.028258		0.063105		0.41673		0.28256		0.20935		2
207	0.02814		0.062921		0.41756		0.28194		0.20944		2
208	0.028033		0.06277		0.41833		0.28134		0.20952		2
209	0.027932		0.062639		0.41904		0.28079		0.2096		2
210	0.027837		0.062522		0.41971		0.28027		0.20966		2
211	0.027738		0.062386		0.42034		0.2798		0.20973		2
212	0.027636		0.062234		0.42098		0.27936		0.20979		2
213	0.02753		0.062064		0.42162		0.27896		0.20983		2
214	0.02742		0.061875		0.42229		0.27857		0.20985		2
215	0.027306		0.061664		0.42296		0.27822		0.20985		2
216	0.027186		0.061428		0.42365		0.27791		0.20983		2
217	0.027061		0.061169		0.42435		0.27762		0.20981		2
218	0.026927		0.060873		0.42508		0.27736		0.20976		2
219	0.026782		0.060526		0.42587		0.27713		0.20969		2
220	0.026622		0.060121		0.42673		0.27693		0.2096		2
221	0.02645		0.059701		0.42757		0.27677		0.20951		2
222	0.026291		0.059296		0.42829		0.27666		0.20947		2
223	0.02614		0.058888		0.42912		0.2765		0.20935		2
224	0.026		0.058484		0.42989		0.27639		0.20924		2
225	0.025867		0.058075		0.43069		0.27627		0.20909		2
226	0.025736		0.057677		0.43147		0.27614		0.20898		2
227	0.025607		0.057291		0.43225		0.27598		0.20888		2
228	0.025479		0.056915		0.433		0.27582		0.20878		2
229	0.025369		0.056545		0.43371		0.27566		0.20872		2
230	0.025259		0.056148		0.43473		0.27536		0.20851		2
231	0.025151		0.055757		0.43567		0.27509		0.20833		2
232	0.025045		0.055386		0.4365		0.27487		0.20819		2
233	0.024941		0.054979		0.43753		0.27463		0.20792		2
234	0.024834		0.054577		0.43857		0.27439		0.20763		2
235	0.024728		0.054242		0.43926		0.27429		0.20748		2
236	0.024622		0.053918		0.4399		0.27423		0.20733		2
237	0.024518		0.053608		0.44043		0.27424		0.20721		2
238	0.024414		0.053319		0.44082		0.2743		0.20714		2
239	0.024303		0.053036		0.44129		0.27432		0.20705		2
240	0.024172		0.052721		0.44227		0.27409		0.20675		2
241	0.024009		0.052336		0.44452		0.27328		0.20586		2
242	0.023868		0.052018		0.44558		0.27318		0.20535		2
243	0.02375		0.051779		0.44626		0.27308		0.20513		2
244	0.023648		0.051604		0.44689		0.2729		0.20496		2
245	0.02355		0.051452		0.44747		0.2727		0.20483		2
246	0.023449		0.051297		0.44801		0.27249		0.20475		2
247	0.023345		0.05114		0.4486		0.27225		0.20467		2
248	0.023243		0.050992		0.44919		0.27197		0.2046		2
249	0.023142		0.050853		0.4498		0.27167		0.20453		2
250	0.023044		0.050726		0.45043		0.27133		0.20447		2
251	0.022949		0.050601		0.4511		0.27091		0.20444		2
252	0.022853		0.050479		0.4519		0.27038		0.20438		2
253	0.022758		0.050359		0.45279		0.26977		0.20432		2
254	0.022661		0.050236		0.45379		0.26906		0.20426		2
255	0.022562		0.050107		0.45488		0.26826		0.20419		2
256	0.022461		0.049974		0.45606		0.26737		0.20414		2
257	0.02236		0.049838		0.4573		0.26641		0.20409		2
258	0.02226		0.04971		0.45854		0.26541		0.20408		2
259	0.022159		0.049573		0.45984		0.26434		0.20408		2
260	0.02206		0.049447		0.46115		0.26323		0.20411		2
261	0.021958		0.049312		0.46248		0.2621		0.20415		2
262	0.02186		0.049187		0.46381		0.26093		0.20421		2
263	0.021758		0.049059		0.46519		0.25972		0.20427		2
264	0.021655		0.048923		0.46662		0.25848		0.20433		2
265	0.021551		0.048789		0.46806		0.25721		0.20439		2
266	0.02145		0.048661		0.46948		0.25595		0.20446		2
267	0.021349		0.048533		0.47092		0.25467		0.20453		2
268	0.021247		0.048405		0.47237		0.25338		0.2046		2
269	0.021148		0.048282		0.47381		0.25209		0.20468		2
270	0.02105		0.048166		0.47523		0.2508		0.20475		2
271	0.020953		0.048053		0.47666		0.24951		0.20482		2
272	0.020856		0.04794		0.47808		0.24823		0.2049		2
273	0.02076		0.047826		0.4795		0.24695		0.20496		2
274	0.020665		0.047717		0.48089		0.2457		0.20503		2
275	0.020569		0.047607		0.48227		0.24447		0.20509		2
276	0.020476		0.047504		0.48361		0.24326		0.20515		2
277	0.020383		0.047402		0.48492		0.24208		0.20521		2
278	0.02029		0.047297		0.48622		0.24095		0.20525		2
279	0.020199		0.047197		0.48744		0.23986		0.20529		2
280	0.02011		0.047104		0.48861		0.23885		0.20533		2
281	0.020022		0.047015		0.4897		0.23791		0.20536		2
282	0.019936		0.046927		0.4907		0.23706		0.20537		2
283	0.019851		0.046844		0.49158		0.23634		0.20538		2
284	0.019769		0.046766		0.49233		0.23577		0.20537		2
285	0.01969		0.046696		0.49292		0.23535		0.20534		2
286	0.019612		0.046626		0.49336		0.23509		0.20531		2
287	0.019533		0.046555		0.49371		0.23495		0.20525		2
288	0.019455		0.046482		0.49401		0.23487		0.20519		2
289	0.019375		0.046405		0.49429		0.23481		0.20512		2
290	0.019294		0.046327		0.49456		0.23477		0.20506		2
291	0.019231		0.046298		0.49465		0.23477		0.20505		2
292	0.019162		0.046257		0.49418		0.23509		0.20531		2
293	0.019103		0.046238		0.49393		0.23528		0.20545		2
294	0.019038		0.046203		0.49389		0.23537		0.2055		2
295	0.01897		0.046157		0.49406		0.23535		0.20547		2
296	0.018901		0.04611		0.49423		0.23533		0.20543		2
297	0.018831		0.046062		0.49442		0.23531		0.20539		2
298	0.018761		0.046013		0.4946		0.23528		0.20534		2
299	0.01869		0.045965		0.49479		0.23526		0.2053		2
300	0.018619		0.045917		0.49498		0.23523		0.20525		2
301	0.018581		0.045931		0.49488		0.2353		0.20531		2
302	0.01853		0.045901		0.49493		0.23534		0.2053		2
303	0.018481		0.045878		0.49486		0.23543		0.20535		2
304	0.01843		0.045857		0.49479		0.23551		0.20541		2
305	0.018383		0.045835		0.49482		0.23554		0.20542		2
306	0.018332		0.045804		0.49495		0.23553		0.20538		2
307	0.018278		0.045766		0.49513		0.2355		0.20533		2
308	0.018226		0.045729		0.49524		0.2355		0.2053		2
309	0.018173		0.045693		0.49534		0.23551		0.20528		2
310	0.018121		0.045659		0.49542		0.23553		0.20528		2
311	0.01807		0.045625		0.4955		0.23554		0.20527		2
312	0.018025		0.0456		0.49555		0.23556		0.20527		2
313	0.017981		0.045567		0.49569		0.23553		0.20522		2
314	0.017938		0.045535		0.49577		0.23554		0.20521		2
315	0.017896		0.045503		0.49584		0.23556		0.20521		2
316	0.017855		0.04547		0.49589		0.23558		0.2052		2
317	0.017813		0.045435		0.49596		0.23559		0.2052		2
318	0.017772		0.045399		0.49604		0.2356		0.20519		2
319	0.017732		0.045362		0.49613		0.23561		0.20517		2
320	0.01769		0.045326		0.49621		0.23561		0.20516		2
321	0.017649		0.045289		0.4963		0.23562		0.20514		2
322	0.017608		0.045252		0.4964		0.23562		0.20512		2
323	0.017567		0.045213		0.49651		0.23561		0.2051		2
324	0.017526		0.045172		0.49663		0.2356		0.20507		2
325	0.017485		0.045131		0.49676		0.23559		0.20504		2
326	0.017446		0.045092		0.49685		0.2356		0.20502		2
327	0.017406		0.045055		0.4969		0.23562		0.20501		2
328	0.017367		0.045019		0.49695		0.23565		0.20501		2
329	0.017328		0.044984		0.49698		0.23569		0.20502		2
330	0.017289		0.04495		0.49701		0.23572		0.20503		2
331	0.017251		0.04492		0.49701		0.23577		0.20505		2
332	0.017213		0.04489		0.49703		0.23581		0.20506		2
333	0.017174		0.044859		0.49707		0.23584		0.20506		2
334	0.017134		0.044828		0.49713		0.23585		0.20505		2
335	0.017094		0.044797		0.49722		0.23585		0.20503		2
336	0.017054		0.044765		0.49734		0.23584		0.205		2
337	0.017013		0.044733		0.49749		0.23581		0.20496		2
338	0.016973		0.044701		0.49765		0.23577		0.20491		2
339	0.016931		0.044668		0.49783		0.23571		0.20485		2
340	0.01689		0.044636		0.49802		0.23566		0.2048		2
341	0.016848		0.044604		0.4982		0.23561		0.20474		2
342	0.016807		0.044571		0.49839		0.23555		0.20468		2
343	0.016766		0.044539		0.49858		0.2355		0.20462		2
344	0.016724		0.044507		0.49877		0.23544		0.20456		2
345	0.016682		0.044476		0.49897		0.23538		0.20449		2
346	0.01664		0.044444		0.49917		0.23532		0.20443		2
347	0.016598		0.044413		0.49937		0.23526		0.20436		2
348	0.016558		0.044383		0.49955		0.2352		0.2043		2
349	0.016516		0.044352		0.49975		0.23514		0.20424		2
350	0.016474		0.04432		0.49997		0.23507		0.20417		2
351	0.016431		0.044288		0.50019		0.235		0.20409		2
352	0.016389		0.044256		0.5004		0.23494		0.20402		2
353	0.016347		0.044224		0.5006		0.23488		0.20395		2
354	0.016305		0.044192		0.5008		0.23482		0.20388		2
355	0.016264		0.044162		0.50099		0.23477		0.20382		2
356	0.016222		0.044131		0.50117		0.23472		0.20376		2
357	0.016182		0.044101		0.50134		0.23467		0.20371		2
358	0.016141		0.044071		0.50151		0.23462		0.20365		2
359	0.016101		0.044041		0.50168		0.23458		0.2036		2
360	0.01606		0.044012		0.50185		0.23453		0.20355		2
361	0.016019		0.043981		0.50203		0.23448		0.20349		2
362	0.015979		0.043949		0.50221		0.23443		0.20343		2
363	0.015938		0.043918		0.50239		0.23438		0.20337		2
364	0.015898		0.043887		0.50256		0.23434		0.20331		2
365	0.015858		0.043857		0.50274		0.23429		0.20326		2
366	0.015818		0.043827		0.5029		0.23425		0.20321		2
367	0.015778		0.043797		0.50307		0.2342		0.20315		2
368	0.015738		0.043767		0.50324		0.23415		0.2031		2
369	0.015699		0.043737		0.50341		0.23411		0.20305		2
370	0.015659		0.043708		0.50357		0.23406		0.20299		2
371	0.01562		0.043679		0.50374		0.23402		0.20294		2
372	0.015582		0.04365		0.50391		0.23397		0.20289		2
373	0.015544		0.043622		0.50407		0.23393		0.20284		2
374	0.015505		0.043593		0.50423		0.23388		0.20279		2
375	0.015467		0.043564		0.5044		0.23384		0.20274		2
376	0.01543		0.043536		0.50456		0.23379		0.20268		2
377	0.015392		0.043508		0.50472		0.23375		0.20263		2
378	0.015355		0.04348		0.50488		0.2337		0.20258		2
379	0.015318		0.043452		0.50504		0.23366		0.20253		2
380	0.015281		0.043424		0.5052		0.23361		0.20248		2
381	0.015244		0.043396		0.50537		0.23357		0.20243		2
382	0.015207		0.043369		0.50553		0.23352		0.20238		2
383	0.01517		0.043341		0.50569		0.23347		0.20232		2
384	0.015133		0.043313		0.50585		0.23343		0.20227		2
385	0.015097		0.043286		0.50601		0.23338		0.20222		2
386	0.015061		0.043259		0.50617		0.23334		0.20217		2
387	0.015025		0.043231		0.50633		0.23329		0.20212		2
388	0.014989		0.043204		0.50649		0.23325		0.20207		2
389	0.014954		0.043177		0.50665		0.2332		0.20202		2
390	0.014918		0.04315		0.50681		0.23316		0.20197		2
391	0.014883		0.043123		0.50697		0.23311		0.20191		2
392	0.014848		0.043096		0.50713		0.23307		0.20186		2
393	0.014813		0.04307		0.50728		0.23302		0.20181		2
394	0.014778		0.043043		0.50744		0.23298		0.20176		2
395	0.014744		0.043016		0.5076		0.23293		0.20171		2
396	0.014709		0.04299		0.50775		0.23289		0.20166		2
397	0.014675		0.042964		0.50791		0.23284		0.20161		2
398	0.014641		0.042937		0.50806		0.2328		0.20156		2
399	0.014607		0.042911		0.50822		0.23275		0.20151		2
400	0.014574		0.042885		0.50837		0.23271		0.20146		2
401	0.01454		0.042859		0.50853		0.23266		0.20141		2
402	0.014507		0.042833		0.50868		0.23262		0.20136		2
403	0.014474		0.042807		0.50883		0.23257		0.20131		2
404	0.014441		0.042782		0.50899		0.23253		0.20126		2
405	0.014408		0.042756		0.50914		0.23249		0.20121		2
406	0.014375		0.04273		0.50929		0.23244		0.20116		2
407	0.014343		0.042705		0.50944		0.2324		0.20111		2
408	0.01431		0.042679		0.50959		0.23235		0.20106		2
409	0.014278		0.042654		0.50975		0.23231		0.20101		2
410	0.014246		0.042629		0.5099		0.23226		0.20096		2
411	0.014214		0.042603		0.51005		0.23222		0.20092		2
412	0.014183		0.042578		0.5102		0.23218		0.20087		2
413	0.014151		0.042553		0.51034		0.23213		0.20082		2
414	0.01412		0.042528		0.51049		0.23209		0.20077		2
415	0.014089		0.042503		0.51064		0.23205		0.20072		2
416	0.014058		0.042478		0.51079		0.232		0.20067		2
417	0.014027		0.042454		0.51094		0.23196		0.20062		2
418	0.013996		0.042429		0.51109		0.23191		0.20058		2
419	0.013965		0.042404		0.51123		0.23187		0.20053		2
420	0.013935		0.042379		0.51138		0.23183		0.20048		2
421	0.013905		0.042355		0.51153		0.23178		0.20043		2
422	0.013875		0.04233		0.51167		0.23174		0.20038		2
423	0.013844		0.042306		0.51182		0.2317		0.20033		2
424	0.013815		0.042282		0.51196		0.23165		0.20029		2
425	0.013785		0.042258		0.51211		0.23161		0.20024		2
426	0.013755		0.042233		0.51225		0.23157		0.20019		2
427	0.013726		0.042209		0.5124		0.23153		0.20014		2
428	0.013696		0.042185		0.51254		0.23148		0.2001		2
429	0.013667		0.042161		0.51268		0.23144		0.20005		2
430	0.013638		0.042137		0.51283		0.2314		0.2		2
431	0.013609		0.042114		0.51297		0.23135		0.19995		2
432	0.013581		0.04209		0.51311		0.23131		0.19991		2
433	0.013552		0.042066		0.51326		0.23127		0.19986		2
434	0.013523		0.042043		0.5134		0.23123		0.19981		2
435	0.013495		0.042019		0.51354		0.23118		0.19976		2
436	0.013467		0.041996		0.51368		0.23114		0.19972		2
437	0.013439		0.041972		0.51382		0.2311		0.19967		2
438	0.013411		0.041949		0.51396		0.23106		0.19962		2
439	0.013383		0.041925		0.5141		0.23101		0.19958		2
440	0.013356		0.041902		0.51424		0.23097		0.19953		2
441	0.013328		0.041879		0.51438		0.23093		0.19948		2
442	0.013301		0.041856		0.51452		0.23089		0.19944		2
443	0.013273		0.041833		0.51466		0.23085		0.19939		2
444	0.013246		0.04181		0.51479		0.2308		0.19935		2
445	0.013219		0.041787		0.51493		0.23076		0.1993		2
446	0.013193		0.041764		0.51507		0.23072		0.19925		2
447	0.013166		0.041742		0.51521		0.23068		0.19921		2
448	0.013139		0.041719		0.51534		0.23064		0.19916		2
449	0.013113		0.041696		0.51548		0.2306		0.19912		2
450	0.013086		0.041674		0.51561		0.23055		0.19907		2
451	0.01306		0.041651		0.51575		0.23051		0.19903		2
452	0.013034		0.041629		0.51588		0.23047		0.19898		2
453	0.013008		0.041607		0.51602		0.23043		0.19894		2
454	0.012986		0.041588		0.51613		0.2304		0.1989		2
455	0.012964		0.04158		0.51599		0.2305		0.19897		2
456	0.012941		0.04156		0.51606		0.23048		0.19895		2
457	0.012917		0.04155		0.51597		0.23056		0.19901		2
458	0.012896		0.041537		0.5159		0.23062		0.19905		2
459	0.012872		0.041515		0.516		0.23059		0.19901		2
460	0.012848		0.041492		0.51614		0.23055		0.19897		2
461	0.012823		0.041468		0.51629		0.2305		0.19892		2
462	0.012798		0.041444		0.51643		0.23046		0.19887		2
463	0.012773		0.04142		0.51658		0.23041		0.19882		2
464	0.012748		0.041396		0.51672		0.23037		0.19877		2
465	0.012723		0.041372		0.51687		0.23032		0.19872		2
466	0.012697		0.041346		0.51703		0.23027		0.19866		2
467	0.012671		0.041321		0.51718		0.23022		0.19861		2
468	0.012644		0.041293		0.51734		0.23017		0.19855		2
469	0.012633		0.041307		0.51703		0.23034		0.1987		2
470	0.012631		0.041388		0.51518		0.23128		0.19951		2
471	0.012611		0.041395		0.51447		0.2317		0.19982		2
472	0.01261		0.041455		0.51319		0.23235		0.20039		2
473	0.012595		0.041457		0.51275		0.23262		0.20058		2
474	0.012576		0.041444		0.51265		0.2327		0.20063		2
475	0.012553		0.041419		0.51278		0.23267		0.20058		2
476	0.012531		0.041394		0.51292		0.23262		0.20053		2
477	0.012508		0.04137		0.51305		0.23258		0.20049		2
478	0.012488		0.041346		0.51317		0.23255		0.20045		2
479	0.012467		0.041319		0.51331		0.2325		0.2004		2
480	0.012447		0.041291		0.51344		0.23247		0.20036		2
481	0.012426		0.041263		0.51358		0.23242		0.20031		2
482	0.012406		0.041233		0.51373		0.23238		0.20026		2
483	0.012385		0.041203		0.51388		0.23233		0.2002		2
484	0.012364		0.041171		0.51405		0.23227		0.20014		2
485	0.012343		0.041138		0.51424		0.23221		0.20008		2
486	0.012322		0.041104		0.51443		0.23214		0.20001		2
487	0.012301		0.041069		0.51464		0.23206		0.19993		2
488	0.01228		0.041033		0.51486		0.23198		0.19985		2
489	0.012258		0.040995		0.5151		0.23189		0.19975		2
490	0.012236		0.040957		0.51535		0.2318		0.19966		2
491	0.012214		0.040917		0.51561		0.2317		0.19956		2
492	0.012193		0.040877		0.51586		0.23161		0.19946		2
493	0.012172		0.040839		0.51609		0.23152		0.19937		2
494	0.01215		0.040802		0.5163		0.23145		0.1993		2
495	0.01213		0.040767		0.51648		0.23139		0.19923		2
496	0.012109		0.040733		0.51666		0.23134		0.19917		2
497	0.012089		0.040703		0.51679		0.2313		0.19912		2
498	0.01207		0.040674		0.51692		0.23126		0.19908		2
499	0.012052		0.040645		0.51705		0.23122		0.19903		2
500	0.012033		0.040616		0.5172		0.23117		0.19898		2
501	0.012015		0.040587		0.51737		0.23112		0.19892		2
502	0.011997		0.040558		0.51753		0.23106		0.19886		2
503	0.011979		0.040533		0.51766		0.23102		0.19881		2
504	0.01196		0.040511		0.51778		0.23098		0.19877		2
505	0.011941		0.040487		0.51795		0.23091		0.19871		2
506	0.011922		0.040464		0.51811		0.23085		0.19865		2
507	0.011903		0.040442		0.51825		0.23081		0.1986		2
508	0.011885		0.040422		0.51837		0.23076		0.19856		2
509	0.011867		0.040403		0.5185		0.23072		0.19851		2
510	0.011842		0.040376		0.51875		0.23062		0.19841		2
511	0.011809		0.04032		0.51922		0.23045		0.1982		2
512	0.01178		0.040275		0.51939		0.23042		0.19814		2
513	0.01175		0.040234		0.51955		0.23039		0.19808		2
514	0.011721		0.040195		0.51971		0.23035		0.19803		2
515	0.011687		0.040141		0.52004		0.23023		0.1979		2
516	0.011655		0.040096		0.52028		0.23015		0.19782		2
517	0.011622		0.040051		0.52058		0.23004		0.1977		2
518	0.011589		0.040009		0.5209		0.22992		0.19758		2
519	0.011558		0.039971		0.52119		0.22982		0.19747		2
520	0.011527		0.039936		0.52144		0.22973		0.19737		2
521	0.011496		0.039904		0.52166		0.22966		0.19728		2
522	0.011467		0.039874		0.52186		0.2296		0.1972		2
523	0.011438		0.039845		0.52204		0.22954		0.19713		2
524	0.01141		0.039818		0.52221		0.22949		0.19707		2
525	0.011381		0.039787		0.52242		0.22942		0.19699		2
526	0.011352		0.039755		0.52263		0.22935		0.19691		2
527	0.011324		0.039724		0.52282		0.22929		0.19684		2
528	0.011296		0.039695		0.52298		0.22924		0.19678		2
529	0.011269		0.039666		0.52315		0.22919		0.19672		2
530	0.011242		0.039639		0.52331		0.22914		0.19667		2
531	0.011216		0.039611		0.52347		0.2291		0.19661		2
532	0.01119		0.039584		0.52362		0.22905		0.19656		2
533	0.011164		0.039558		0.52378		0.229		0.1965		2
534	0.011139		0.039532		0.52393		0.22895		0.19645		2
535	0.011114		0.039506		0.52409		0.2289		0.19639		2
536	0.011089		0.03948		0.52424		0.22885		0.19634		2
537	0.011065		0.039455		0.52439		0.2288		0.19628		2
538	0.011041		0.039431		0.52454		0.22875		0.19623		2
539	0.011017		0.039406		0.52469		0.22871		0.19618		2
540	0.010994		0.039382		0.52484		0.22866		0.19613		2
541	0.010974		0.039358		0.52499		0.22861		0.19607		2
542	0.010957		0.039365		0.52458		0.22884		0.19626		2
543	0.010941		0.039362		0.52432		0.229		0.19638		2
544	0.010923		0.03935		0.52423		0.22907		0.19642		2
545	0.010902		0.039328		0.52437		0.22903		0.19637		2
546	0.010882		0.039307		0.5245		0.22899		0.19633		2
547	0.010862		0.039287		0.52462		0.22895		0.19628		2
548	0.010841		0.039267		0.52475		0.22891		0.19624		2
549	0.010821		0.039247		0.52487		0.22887		0.19619		2
550	0.010801		0.039227		0.525		0.22882		0.19615		2
551	0.01078		0.039208		0.52513		0.22878		0.1961		2
552	0.01076		0.039188		0.52525		0.22874		0.19606		2
553	0.010748		0.039176		0.52526		0.22875		0.19606		2
554	0.01073		0.039131		0.52563		0.22861		0.1959		2
555	0.010725		0.039194		0.52444		0.22921		0.19643		2
556	0.01071		0.039209		0.52399		0.22946		0.19664		2
557	0.010681		0.039159		0.52464		0.22917		0.19635		2
558	0.010675		0.039196		0.52384		0.22956		0.19674		2
559	0.010663		0.039192		0.52361		0.22971		0.19683		2
560	0.010652		0.039191		0.52331		0.22989		0.19696		2
561	0.010634		0.039166		0.5235		0.22981		0.19688		2
562	0.010616		0.039139		0.52372		0.22973		0.1968		2
563	0.010597		0.039112		0.52391		0.22966		0.19672		2
564	0.010578		0.039085		0.5241		0.22959		0.19665		2
565	0.010559		0.039057		0.52428		0.22953		0.19658		2
566	0.010541		0.039036		0.52439		0.22949		0.19654		2
567	0.010524		0.039014		0.52458		0.22942		0.19646		2
568	0.010508		0.038993		0.52475		0.22935		0.19639		2
569	0.010493		0.038968		0.52497		0.22927		0.1963		2
570	0.010479		0.038942		0.52517		0.22919		0.19622		2
571	0.010465		0.038918		0.52532		0.22914		0.19616		2
572	0.010451		0.038896		0.52546		0.22909		0.1961		2
573	0.010437		0.038874		0.52559		0.22905		0.19605		2
574	0.010423		0.038854		0.52571		0.229		0.19601		2
575	0.010408		0.038833		0.52585		0.22895		0.19595		2
576	0.010393		0.038812		0.52601		0.22889		0.19589		2
577	0.010377		0.03879		0.52617		0.22883		0.19583		2
578	0.010361		0.038765		0.52635		0.22877		0.19576		2
579	0.010343		0.038739		0.52653		0.2287		0.19569		2
580	0.010325		0.03871		0.52671		0.22864		0.19562		2
581	0.010305		0.038676		0.52692		0.22857		0.19553		2
582	0.010282		0.038632		0.52722		0.22845		0.19541		2
583	0.010257		0.038585		0.52749		0.22836		0.19531		2
584	0.010237		0.038556		0.52745		0.22842		0.19534		2
585	0.010216		0.038518		0.52766		0.22835		0.19526		2
586	0.010197		0.038484		0.52777		0.22833		0.19522		2
587	0.010177		0.038436		0.52813		0.22819		0.19507		2
588	0.010158		0.038392		0.52842		0.22807		0.19495		2
589	0.010139		0.038354		0.52868		0.22797		0.19485		2
590	0.01012		0.03832		0.52893		0.22787		0.19476		2
591	0.010104		0.038285		0.52911		0.22781		0.19469		2
592	0.010086		0.038229		0.52962		0.22758		0.19448		2
593	0.010068		0.038163		0.53019		0.22735		0.19424		2
594	0.010051		0.038117		0.53049		0.22723		0.19411		2
595	0.010033		0.038042		0.53111		0.22697		0.19384		2
596	0.01001		0.037947		0.532		0.22658		0.19346		2
597	0.0099905		0.037882		0.53265		0.22629		0.19319		2
598	0.0099739		0.037851		0.53297		0.22615		0.19306		2
599	0.0099585		0.03783		0.53316		0.22607		0.19298		2
600	0.0099461		0.037831		0.53306		0.22613		0.19303		2
601	0.0099327		0.037838		0.53299		0.22617		0.19306		2
602	0.0099154		0.037835		0.53321		0.22607		0.19297		2
603	0.009879		0.037747		0.53507		0.22513		0.19218		2
604	0.0098469		0.037659		0.53642		0.22453		0.19155		2
605	0.0098235		0.037593		0.53688		0.22441		0.19129		2
606	0.0098051		0.037537		0.53701		0.22442		0.19123		2
607	0.0097857		0.037467		0.53736		0.2243		0.19108		2
608	0.0097683		0.037405		0.53759		0.22425		0.19099		2
609	0.0097523		0.037358		0.53767		0.22425		0.19097		2
610	0.0097367		0.037322		0.53774		0.22425		0.19095		2
611	0.009721		0.037293		0.5378		0.22425		0.19093		2
612	0.0097057		0.037266		0.53786		0.22425		0.19091		2
613	0.0096907		0.03724		0.53794		0.22424		0.19089		2
614	0.0096755		0.037215		0.53806		0.2242		0.19084		2
615	0.0096611		0.037197		0.5382		0.22415		0.19079		2
616	0.0096454		0.037172		0.53846		0.22404		0.19068		2
617	0.0096298		0.037147		0.53873		0.22393		0.19057		2
618	0.009614		0.037122		0.539		0.22382		0.19045		2
619	0.0095985		0.037097		0.53924		0.22373		0.19034		2
620	0.0095833		0.037072		0.53944		0.22365		0.19025		2
621	0.0095681		0.037049		0.5396		0.2236		0.19018		2
622	0.0095535		0.037027		0.53972		0.22358		0.19012		2
623	0.0095389		0.037006		0.53981		0.22356		0.19008		2
624	0.0095245		0.036984		0.53989		0.22355		0.19005		2
625	0.0095098		0.036962		0.53996		0.22354		0.19002		2
626	0.0094946		0.036938		0.54005		0.22352		0.18999		2
627	0.0094796		0.036914		0.54013		0.22351		0.18996		2
628	0.0094647		0.036891		0.5402		0.2235		0.18994		2
629	0.0094501		0.036869		0.54025		0.2235		0.18993		2
630	0.0094354		0.036848		0.54031		0.2235		0.18991		2
631	0.0094208		0.036827		0.54036		0.22349		0.1899		2
632	0.0094064		0.036807		0.54041		0.22349		0.18988		2
633	0.009392		0.036787		0.54046		0.22349		0.18987		2
634	0.0093778		0.036768		0.5405		0.22349		0.18986		2
635	0.0093637		0.036749		0.54054		0.22349		0.18985		2
636	0.0093498		0.036731		0.54059		0.22349		0.18984		2
637	0.0093358		0.036714		0.54062		0.22349		0.18983		2
638	0.0093218		0.036697		0.54067		0.22349		0.18982		2
639	0.009308		0.03668		0.54071		0.22349		0.18981		2
640	0.0092943		0.036664		0.54075		0.22349		0.1898		2
641	0.0092806		0.036648		0.54079		0.22349		0.18979		2
642	0.0092672		0.036633		0.54083		0.22349		0.18978		2
643	0.0092535		0.036618		0.54087		0.22349		0.18977		2
644	0.0092401		0.036603		0.5409		0.22349		0.18976		2
645	0.0092268		0.036589		0.54094		0.22349		0.18975		2
646	0.0092136		0.036575		0.54098		0.22349		0.18974		2
647	0.0092002		0.036561		0.54102		0.22349		0.18973		2
648	0.0091869		0.036547		0.54106		0.22349		0.18972		2
649	0.0091756		0.036536		0.54108		0.2235		0.18971		2
650	0.0091653		0.03654		0.54076		0.22367		0.18985		2
651	0.0091504		0.036522		0.54089		0.22363		0.18981		2
652	0.0091404		0.03652		0.54075		0.22371		0.18987		2
653	0.0091291		0.036512		0.54069		0.22377		0.1899		2
654	0.0091149		0.036502		0.54065		0.2238		0.18993		2
655	0.0091109		0.036531		0.53979		0.22427		0.1903		2
656	0.0091026		0.036539		0.53934		0.22453		0.19048		2
657	0.0090896		0.036526		0.53938		0.22453		0.19047		2
658	0.009076		0.036511		0.53946		0.22451		0.19045		2
659	0.0090624		0.036496		0.53953		0.22449		0.19042		2
660	0.0090484		0.03648		0.53961		0.22447		0.19039		2
661	0.0090342		0.036464		0.5397		0.22444		0.19036		2
662	0.0090198		0.036447		0.53979		0.22442		0.19033		2
663	0.0090047		0.036428		0.5399		0.22438		0.19029		2
664	0.0089885		0.036404		0.54005		0.22433		0.19023		2
665	0.0089842		0.036427		0.53964		0.22454		0.19041		2
666	0.0089777		0.036433		0.53919		0.22481		0.19059		2
667	0.0089684		0.036426		0.53908		0.22489		0.19064		2
668	0.0089566		0.03641		0.53918		0.22485		0.1906		2
669	0.0089431		0.036387		0.53943		0.22474		0.1905		2
670	0.0089298		0.036365		0.53963		0.22466		0.19041		2
671	0.0089168		0.036344		0.5398		0.22459		0.19035		2
672	0.0089041		0.036324		0.53994		0.22454		0.19029		2
673	0.0088916		0.036306		0.54006		0.22449		0.19025		2
674	0.0088804		0.036288		0.54018		0.22445		0.1902		2
675	0.008869		0.036268		0.54031		0.2244		0.19015		2
676	0.0088577		0.036247		0.54043		0.22436		0.1901		2
677	0.0088463		0.036226		0.54055		0.22432		0.19006		2
678	0.0088347		0.036204		0.54068		0.22427		0.19001		2
679	0.0088232		0.03618		0.54082		0.22422		0.18996		2
680	0.0088116		0.036156		0.54098		0.22416		0.1899		2
681	0.0087998		0.036132		0.54114		0.2241		0.18983		2
682	0.008788		0.036106		0.54131		0.22403		0.18977		2
683	0.0087761		0.036081		0.54149		0.22396		0.1897		2
684	0.0087641		0.036054		0.54169		0.22387		0.18962		2
685	0.0087517		0.036026		0.54191		0.22378		0.18953		2
686	0.0087394		0.035997		0.54214		0.22369		0.18944		2
687	0.0087271		0.035968		0.54237		0.22359		0.18934		2
688	0.0087147		0.035941		0.54258		0.22351		0.18926		2
689	0.0087026		0.035914		0.54277		0.22343		0.18918		2
690	0.0086908		0.035888		0.54295		0.22336		0.18911		2
691	0.0086792		0.035863		0.54311		0.2233		0.18904		2
692	0.008668		0.03584		0.54325		0.22325		0.18899		2
693	0.0086571		0.035819		0.54337		0.22321		0.18894		2
694	0.0086461		0.035799		0.54348		0.22317		0.1889		2
695	0.0086356		0.03578		0.54358		0.22314		0.18886		2
696	0.0086249		0.035762		0.54369		0.2231		0.18882		2
697	0.0086145		0.035744		0.5438		0.22306		0.18878		2
698	0.0086041		0.035726		0.54391		0.22302		0.18873		2
699	0.0085936		0.035709		0.54403		0.22298		0.18869		2
700	0.0085825		0.035693		0.54414		0.22294		0.18865		2
701	0.0085706		0.035674		0.54431		0.22286		0.18858		2
702	0.0085602		0.035662		0.54437		0.22285		0.18856		2
703	0.0085497		0.035647		0.54449		0.2228		0.18852		2
704	0.0085394		0.035633		0.5446		0.22275		0.18847		2
705	0.0085292		0.035619		0.54471		0.22271		0.18843		2
706	0.0085188		0.035604		0.54481		0.22267		0.18839		2
707	0.0085088		0.035591		0.54491		0.22263		0.18835		2
708	0.0084988		0.035577		0.54502		0.22259		0.18831		2
709	0.0084887		0.035563		0.54512		0.22255		0.18828		2
710	0.0084786		0.035549		0.54522		0.22251		0.18824		2
711	0.0084681		0.035535		0.54534		0.22247		0.18819		2
712	0.0084576		0.03552		0.54547		0.22241		0.18814		2
713	0.0084469		0.035504		0.54561		0.22235		0.18808		2
714	0.0084362		0.035489		0.54575		0.2223		0.18803		2
715	0.0084254		0.035473		0.54588		0.22224		0.18797		2
716	0.008415		0.035458		0.546		0.2222		0.18793		2
717	0.0084045		0.035443		0.54611		0.22216		0.18788		2
718	0.0083943		0.035429		0.54621		0.22213		0.18784		2
719	0.008384		0.035415		0.5463		0.22209		0.18781		2
720	0.0083739		0.035401		0.54639		0.22206		0.18777		2
721	0.0083638		0.035388		0.54648		0.22203		0.18774		2
722	0.0083537		0.035374		0.54657		0.222		0.1877		2
723	0.0083432		0.035359		0.54667		0.22196		0.18766		2
724	0.0083326		0.035344		0.54678		0.22192		0.18762		2
725	0.0083222		0.035329		0.54688		0.22189		0.18758		2
726	0.0083118		0.035314		0.54697		0.22185		0.18754		2
727	0.0083015		0.0353		0.54707		0.22182		0.18751		2
728	0.0082914		0.035286		0.54715		0.22179		0.18748		2
729	0.0082811		0.035272		0.54724		0.22176		0.18744		2
730	0.0082709		0.035258		0.54732		0.22174		0.18741		2
731	0.0082608		0.035245		0.54741		0.22171		0.18738		2
732	0.0082507		0.035231		0.54749		0.22168		0.18735		2
733	0.0082407		0.035218		0.54757		0.22165		0.18732		2
734	0.0082308		0.035205		0.54765		0.22162		0.18729		2
735	0.008221		0.035192		0.54773		0.2216		0.18726		2
736	0.0082112		0.035179		0.5478		0.22157		0.18723		2
737	0.0082014		0.035166		0.54788		0.22155		0.18721		2
738	0.0081915		0.035153		0.54796		0.22152		0.18718		2
739	0.0081816		0.035141		0.54803		0.2215		0.18715		2
740	0.0081718		0.035128		0.54811		0.22147		0.18712		2
741	0.008162		0.035115		0.54818		0.22145		0.18709		2
742	0.0081522		0.035103		0.54826		0.22142		0.18707		2
743	0.0081425		0.03509		0.54833		0.2214		0.18704		2
744	0.0081328		0.035078		0.5484		0.22138		0.18701		2
745	0.0081231		0.035066		0.54847		0.22135		0.18699		2
746	0.0081135		0.035054		0.54854		0.22133		0.18696		2
747	0.0081039		0.035042		0.54861		0.22131		0.18694		2
748	0.0080943		0.03503		0.54868		0.22129		0.18691		2
749	0.0080848		0.035018		0.54874		0.22127		0.18689		2
750	0.0080753		0.035006		0.54881		0.22125		0.18686		2
751	0.0080659		0.034994		0.54887		0.22123		0.18684		2
752	0.0080565		0.034983		0.54894		0.22121		0.18682		2
753	0.0080472		0.034971		0.549		0.22119		0.18679		2
754	0.0080379		0.03496		0.54906		0.22117		0.18677		2
755	0.0080286		0.034949		0.54912		0.22115		0.18675		2
756	0.0080194		0.034937		0.54917		0.22114		0.18673		2
757	0.0080103		0.034926		0.54923		0.22112		0.18671		2
758	0.0080011		0.034915		0.54929		0.22111		0.18669		2
759	0.007992		0.034904		0.54934		0.22109		0.18667		2
760	0.0079829		0.034893		0.54939		0.22108		0.18665		2
761	0.0079739		0.034883		0.54944		0.22107		0.18663		2
762	0.0079649		0.034872		0.54949		0.22105		0.18662		2
763	0.0079559		0.034861		0.54954		0.22104		0.1866		2
