0	0.2		0.2		0.2		0.2		0.2		0
1	0.20035		0.19992		0.19979		0.20033		0.19961		0
2	0.20074		0.1998		0.19953		0.2008		0.19912		3
3	0.20119		0.19962		0.19915		0.20153		0.1985		3
4	0.20169		0.19934		0.19861		0.20269		0.19767		3
5	0.20226		0.19891		0.19783		0.20443		0.19657		3
6	0.20305		0.19841		0.19682		0.20653		0.19519		3
7	0.20415		0.19799		0.19566		0.20857		0.19362		3
8	0.20547		0.19779		0.1944		0.21043		0.19191		3
9	0.20685		0.19785		0.19306		0.21213		0.1901		3
10	0.20831		0.19805		0.19168		0.21373		0.18823		3
11	0.20997		0.19821		0.19025		0.21525		0.18631		3
12	0.21195		0.19827		0.18875		0.21668		0.18436		3
13	0.21443		0.19815		0.18714		0.21796		0.18232		3
14	0.21772		0.19778		0.18533		0.21902		0.18015		3
15	0.222		0.1971		0.1833		0.21979		0.17781		0
16	0.2268		0.19623		0.18113		0.22045		0.17539		0
17	0.23169		0.19526		0.17891		0.22118		0.17297		0
18	0.23659		0.19417		0.17663		0.22208		0.17054		0
19	0.24144		0.19294		0.17427		0.22327		0.16808		0
20	0.24616		0.19156		0.17183		0.22488		0.16558		0
21	0.25074		0.19003		0.16931		0.22687		0.16305		0
22	0.25528		0.18844		0.16676		0.22896		0.16055		0
23	0.25986		0.18683		0.16424		0.23098		0.1581		0
24	0.26446		0.1852		0.16172		0.23292		0.1557		0
25	0.26908		0.18356		0.15922		0.23478		0.15337		0
26	0.27369		0.18193		0.15673		0.23654		0.15111		0
27	0.2783		0.18031		0.15427		0.23819		0.14893		0
28	0.28288		0.17872		0.15182		0.23973		0.14686		0
29	0.28739		0.17719		0.14939		0.24112		0.14491		0
30	0.2918		0.17575		0.14697		0.24235		0.14312		0
31	0.29603		0.17446		0.14458		0.24339		0.14154		0
32	0.30002		0.1734		0.14219		0.24421		0.14017		0
33	0.30373		0.17268		0.13983		0.24478		0.13899		0
34	0.30713		0.17238		0.1375		0.2451		0.13788		0
35	0.31033		0.17242		0.1352		0.24525		0.1368		0
36	0.31343		0.17258		0.13296		0.24532		0.13572		0
37	0.31652		0.17275		0.13078		0.24532		0.13464		0
38	0.31959		0.17293		0.12866		0.24527		0.13355		0
39	0.32266		0.17311		0.1266		0.24516		0.13246		0
40	0.3257		0.17332		0.12461		0.245		0.13138		0
41	0.32871		0.17354		0.12266		0.2448		0.13029		0
42	0.33169		0.17379		0.12078		0.24454		0.1292		0
43	0.33464		0.17407		0.11896		0.24421		0.12812		0
44	0.33755		0.17439		0.11719		0.24384		0.12703		0
45	0.34042		0.17474		0.11549		0.24341		0.12594		0
46	0.34324		0.17512		0.11384		0.24294		0.12486		0
47	0.34602		0.17552		0.11226		0.24241		0.12379		0
48	0.34877		0.17593		0.11075		0.24184		0.12272		0
49	0.35149		0.17633		0.1093		0.24123		0.12165		0
50	0.35417		0.17672		0.10793		0.24058		0.12059		0
51	0.35682		0.1771		0.10664		0.2399		0.11955		0
52	0.35942		0.17746		0.10543		0.23918		0.11851		0
53	0.362		0.1778		0.10429		0.23842		0.11748		0
54	0.36455		0.17813		0.10322		0.23764		0.11646		0
55	0.36707		0.17845		0.10221		0.23682		0.11545		0
56	0.36958		0.17875		0.10124		0.23598		0.11445		0
57	0.37208		0.17904		0.1003		0.23512		0.11346		0
58	0.37459		0.17932		0.099375		0.23424		0.11247		0
59	0.37712		0.17958		0.098468		0.23333		0.11149		0
60	0.37966		0.17983		0.097573		0.23241		0.11053		0
61	0.38221		0.18007		0.096688		0.23147		0.10956		0
62	0.38479		0.18029		0.095811		0.23051		0.10861		0
63	0.3874		0.18049		0.094942		0.22952		0.10766		0
64	0.39004		0.18067		0.094079		0.2285		0.10671		0
65	0.39272		0.18083		0.093223		0.22746		0.10577		0
66	0.39545		0.18096		0.092371		0.22639		0.10483		0
67	0.39824		0.18107		0.091522		0.22528		0.10389		0
68	0.4011		0.18114		0.090676		0.22413		0.10295		0
69	0.40406		0.18117		0.089829		0.22292		0.10201		0
70	0.40714		0.18115		0.08898		0.22167		0.10106		0
71	0.41034		0.18108		0.088126		0.22034		0.10011		0
72	0.41367		0.18095		0.087268		0.21896		0.099149		0
73	0.41712		0.18078		0.086408		0.21751		0.098181		0
74	0.42064		0.18056		0.085551		0.21603		0.097213		0
75	0.42419		0.18033		0.0847		0.21453		0.096252		0
76	0.42774		0.18007		0.083858		0.21303		0.0953		0
77	0.4313		0.1798		0.083025		0.21152		0.094356		0
78	0.43486		0.17951		0.082201		0.21		0.093421		0
79	0.43843		0.17921		0.081386		0.20848		0.092493		0
80	0.44199		0.1789		0.080581		0.20695		0.091574		0
81	0.44556		0.17857		0.079783		0.20542		0.090665		0
82	0.44913		0.17823		0.078995		0.20389		0.089765		0
83	0.45269		0.17787		0.078215		0.20235		0.088872		0
84	0.45626		0.1775		0.077444		0.20081		0.087987		0
85	0.45982		0.17712		0.076682		0.19927		0.087111		0
86	0.46338		0.17672		0.075928		0.19773		0.086245		0
87	0.46693		0.17631		0.075182		0.19619		0.085387		0
88	0.47048		0.17589		0.074446		0.19465		0.084536		0
89	0.47402		0.17546		0.073717		0.1931		0.083694		0
90	0.47756		0.17502		0.072997		0.19156		0.082861		0
91	0.48108		0.17457		0.072285		0.19003		0.082036		0
92	0.4846		0.17411		0.071581		0.18849		0.08122		0
93	0.48811		0.17364		0.070885		0.18696		0.080412		0
94	0.4916		0.17316		0.070198		0.18542		0.079612		0
95	0.49445		0.17283		0.069574		0.18408		0.07907		0
96	0.49727		0.17251		0.068949		0.18276		0.078511		0
97	0.50019		0.17214		0.068324		0.18141		0.077941		0
98	0.50308		0.17178		0.06771		0.18006		0.077374		0
99	0.50596		0.17141		0.067104		0.17871		0.076812		0
100	0.50883		0.17103		0.066506		0.17738		0.076253		0
101	0.51168		0.17065		0.065916		0.17605		0.0757		0
102	0.51451		0.17027		0.065334		0.17473		0.07515		0
103	0.51734		0.16989		0.064758		0.17341		0.074603		0
104	0.52015		0.16951		0.064188		0.17211		0.074042		0
105	0.52297		0.16912		0.063621		0.17083		0.073452		0
106	0.52452		0.16909		0.063173		0.16997		0.073252		0
107	0.52657		0.16888		0.062658		0.16899		0.072908		0
108	0.5284		0.16874		0.062174		0.16812		0.07256		0
109	0.53018		0.16861		0.061703		0.16731		0.072189		0
110	0.53222		0.16835		0.061248		0.16638		0.071803		0
111	0.5342		0.16807		0.060847		0.16546		0.071425		0
112	0.53602		0.16785		0.060452		0.16468		0.070988		0
113	0.53795		0.16759		0.060044		0.16388		0.070529		0
114	0.53982		0.16735		0.059641		0.16311		0.070078		0
115	0.54164		0.16712		0.059245		0.16236		0.069642		0
116	0.54343		0.16688		0.058854		0.16162		0.069217		0
117	0.54513		0.16665		0.058475		0.16091		0.068833		0
118	0.54676		0.16641		0.058105		0.16021		0.068514		0
119	0.54832		0.16619		0.057737		0.15955		0.068207		0
120	0.54983		0.16596		0.057373		0.15891		0.067922		0
121	0.55125		0.16575		0.057017		0.15835		0.067627		0
122	0.55266		0.16554		0.056662		0.1578		0.067346		0
123	0.55407		0.16531		0.056308		0.15726		0.067064		0
124	0.55548		0.16506		0.055955		0.15672		0.066784		0
125	0.55692		0.16481		0.055604		0.15616		0.066502		0
126	0.55838		0.16455		0.055254		0.1556		0.06622		0
127	0.55987		0.16427		0.054904		0.15502		0.065936		0
128	0.56135		0.16399		0.054556		0.15445		0.065656		0
129	0.56284		0.16369		0.05421		0.15389		0.06537		0
130	0.56431		0.1634		0.053867		0.15333		0.065094		0
131	0.56576		0.1631		0.053529		0.15277		0.064832		0
132	0.56722		0.16282		0.053195		0.15221		0.06455		0
133	0.56872		0.16254		0.052862		0.15162		0.064265		0
134	0.57019		0.16226		0.052534		0.15105		0.063973		0
135	0.57163		0.16199		0.052212		0.15048		0.06369		0
136	0.57303		0.16173		0.051898		0.14992		0.063418		0
137	0.57444		0.16148		0.051587		0.14934		0.063147		0
138	0.57591		0.16123		0.051276		0.14872		0.062864		0
139	0.57741		0.16097		0.050966		0.14807		0.062584		0
140	0.57891		0.16072		0.05066		0.14739		0.062313		0
141	0.58045		0.16048		0.050355		0.14669		0.062031		0
142	0.58191		0.16025		0.050059		0.14601		0.061769		0
143	0.58338		0.16002		0.049765		0.14532		0.061516		0
144	0.58478		0.15983		0.049481		0.14467		0.06124		0
145	0.5863		0.15959		0.04919		0.14397		0.060946		0
146	0.58776		0.15939		0.048906		0.14329		0.060656		0
147	0.5892		0.15919		0.048627		0.14261		0.060371		0
148	0.59055		0.15905		0.048358		0.14195		0.060093		0
149	0.59243		0.15876		0.048045		0.14111		0.059656		0
150	0.59419		0.15858		0.047708		0.14031		0.059211		0
151	0.5957		0.15852		0.047389		0.1396		0.058783		0
152	0.5971		0.15851		0.047081		0.13895		0.058366		0
153	0.59847		0.1585		0.046775		0.1383		0.057954		0
154	0.59982		0.15851		0.046472		0.13765		0.057546		0
155	0.6011		0.15854		0.046176		0.13703		0.05715		0
156	0.60263		0.15848		0.045869		0.13628		0.056735		0
157	0.6041		0.15846		0.045569		0.13555		0.05633		0
158	0.60614		0.15821		0.045214		0.13463		0.055807		0
159	0.608		0.15804		0.044877		0.13377		0.055307		0
160	0.6097		0.15795		0.04456		0.13296		0.054835		0
161	0.61128		0.15789		0.044256		0.13219		0.054381		0
162	0.6127		0.15791		0.043969		0.13148		0.053951		0
163	0.61417		0.15793		0.043682		0.13069		0.053526		0
164	0.61552		0.15801		0.043407		0.12995		0.053119		0
165	0.61673		0.15814		0.043146		0.12924		0.052735		0
166	0.61794		0.15828		0.042886		0.12854		0.052353		0
167	0.61903		0.15847		0.042639		0.12787		0.051993		0
168	0.62011		0.15865		0.042394		0.1272		0.051639		0
169	0.62107		0.15889		0.042161		0.12657		0.051306		0
170	0.62213		0.15906		0.041922		0.12591		0.050969		0
171	0.623		0.15933		0.0417		0.12531		0.050654		0
172	0.62403		0.15951		0.041467		0.12467		0.050328		0
173	0.62488		0.15977		0.041249		0.12408		0.050025		0
174	0.62586		0.15996		0.041023		0.12344		0.049714		0
175	0.62666		0.16024		0.040813		0.12286		0.049427		0
176	0.62766		0.16041		0.040588		0.12222		0.049123		0
177	0.62849		0.16065		0.040379		0.12164		0.048843		0
178	0.62946		0.16082		0.04016		0.12101		0.048555		0
179	0.63024		0.16108		0.039957		0.12044		0.048288		0
180	0.6302		0.16164		0.039822		0.12015		0.048182		0
181	0.6304		0.1621		0.039665		0.11979		0.048044		0
182	0.63133		0.16219		0.039452		0.11919		0.047834		0
183	0.63236		0.16223		0.039234		0.11856		0.047617		0
184	0.63334		0.16228		0.039021		0.11795		0.047406		0
185	0.63433		0.16232		0.038809		0.11734		0.047197		0
186	0.63529		0.16237		0.038602		0.11675		0.046993		0
187	0.63626		0.16241		0.038396		0.11615		0.046786		0
188	0.63718		0.16248		0.038195		0.11556		0.046586		0
189	0.63811		0.16253		0.037995		0.11498		0.046386		0
190	0.63902		0.16259		0.037798		0.11441		0.046184		0
191	0.63935		0.16281		0.037643		0.11405		0.046137		0
192	0.64022		0.16279		0.03744		0.11354		0.046008		0
193	0.63947		0.16365		0.037385		0.11354		0.045956		0
194	0.6395		0.16412		0.037263		0.11331		0.045805		0
195	0.64106		0.16382		0.037021		0.11261		0.045483		0
196	0.64057		0.16441		0.036937		0.11263		0.045456		0
197	0.64018		0.16498		0.036865		0.11256		0.045418		0
198	0.64044		0.1652		0.036755		0.11229		0.045318		0
199	0.64122		0.16511		0.036606		0.11194		0.045129		0
200	0.64213		0.16496		0.036445		0.11155		0.044919		0
201	0.64314		0.16476		0.036276		0.11113		0.044695		0
202	0.64393		0.16469		0.036122		0.11078		0.044484		0
203	0.64488		0.16452		0.035956		0.11039		0.04425		0
204	0.64546		0.16455		0.035818		0.11012		0.044057		0
205	0.64621		0.16445		0.03567		0.10981		0.043868		0
206	0.64655		0.16454		0.035554		0.10962		0.043734		0
207	0.64717		0.16446		0.03542		0.10935		0.043593		0
208	0.64747		0.16454		0.035308		0.10919		0.043496		0
209	0.64803		0.16446		0.035177		0.10895		0.043385		0
210	0.64827		0.16454		0.035068		0.10881		0.043309		0
211	0.64868		0.16453		0.034947		0.10863		0.043209		0
212	0.64885		0.16464		0.034844		0.10854		0.043125		0
213	0.64927		0.16463		0.034724		0.10837		0.043013		0
214	0.64946		0.16473		0.03462		0.10827		0.042914		0
215	0.64991		0.16471		0.034497		0.1081		0.042784		0
216	0.65014		0.16481		0.034389		0.108		0.042665		0
217	0.65064		0.16477		0.034261		0.10782		0.042512		0
218	0.65095		0.16484		0.034143		0.10771		0.042363		0
219	0.65162		0.16474		0.033997		0.10749		0.042161		0
220	0.65215		0.16474		0.033856		0.10731		0.041948		0
221	0.6532		0.16447		0.033663		0.10699		0.041681		0
222	0.65412		0.16425		0.033495		0.10671		0.04143		0
223	0.65466		0.16422		0.033371		0.10654		0.041215		0
224	0.65531		0.16412		0.033256		0.10633		0.040993		0
225	0.65602		0.16398		0.033151		0.10609		0.040766		0
226	0.65652		0.16396		0.033062		0.10591		0.040557		0
227	0.65693		0.16398		0.032979		0.10575		0.040359		0
228	0.65707		0.16414		0.032916		0.10568		0.040186		0
229	0.657		0.16441		0.032898		0.10566		0.04003		0
230	0.65742		0.16443		0.032864		0.10545		0.039829		0
231	0.65774		0.16452		0.032837		0.10527		0.039635		0
232	0.65781		0.16473		0.032825		0.10517		0.039467		0
233	0.65849		0.16463		0.032791		0.10486		0.039238		0
234	0.65911		0.16455		0.032752		0.10457		0.039017		0
235	0.65916		0.16476		0.032735		0.10447		0.038869		0
236	0.65905		0.16505		0.032725		0.10443		0.038741		0
237	0.65885		0.16539		0.032716		0.10442		0.038625		0
238	0.65837		0.16587		0.032719		0.1045		0.038538		0
239	0.65815		0.16623		0.032693		0.10449		0.038436		0
240	0.65899		0.16603		0.03258		0.10415		0.038248		0
241	0.66114		0.16513		0.032359		0.10341		0.037956		0
242	0.66289		0.16451		0.032152		0.10274		0.037708		0
243	0.66375		0.16442		0.031992		0.10229		0.037548		0
244	0.66467		0.16426		0.031821		0.10184		0.037405		0
245	0.6655		0.16414		0.031654		0.10143		0.037273		0
246	0.66587		0.16427		0.031522		0.10117		0.037172		0
247	0.66613		0.16445		0.031401		0.10094		0.037077		0
248	0.66627		0.16471		0.03129		0.10074		0.036995		0
249	0.66647		0.16493		0.031175		0.10051		0.036912		0
250	0.66661		0.16519		0.031067		0.1003		0.036839		0
251	0.66663		0.16546		0.030971		0.10017		0.036772		0
252	0.66669		0.16571		0.030872		0.10002		0.036704		0
253	0.66691		0.16589		0.030764		0.099812		0.036627		0
254	0.6671		0.16609		0.030659		0.099603		0.03655		0
255	0.6674		0.16624		0.030546		0.09935		0.036462		0
256	0.66765		0.16643		0.030438		0.099105		0.036375		0
257	0.668		0.16658		0.030324		0.098818		0.036279		0
258	0.66825		0.16679		0.030216		0.098552		0.036194		0
259	0.6686		0.16696		0.030102		0.098244		0.036095		0
260	0.66883		0.1672		0.029996		0.097961		0.036009		0
261	0.66914		0.16742		0.029884		0.097649		0.035912		0
262	0.66935		0.16769		0.02978		0.097358		0.035826		0
263	0.66975		0.16789		0.029663		0.09697		0.035723		0
264	0.67016		0.1681		0.029545		0.096575		0.035616		0
265	0.67064		0.16828		0.029424		0.096157		0.035503		0
266	0.671		0.16851		0.029311		0.09577		0.035401		0
267	0.67146		0.1687		0.029193		0.095357		0.035291		0
268	0.67182		0.16894		0.02908		0.094966		0.035187		0
269	0.67226		0.16914		0.028964		0.094556		0.035079		0
270	0.6726		0.16939		0.028855		0.094173		0.034981		0
271	0.67302		0.16959		0.028742		0.09377		0.034877		0
272	0.67335		0.16984		0.028635		0.093391		0.03478		0
273	0.67377		0.17004		0.028524		0.092992		0.034675		0
274	0.67408		0.17031		0.02842		0.092619		0.034579		0
275	0.67448		0.17051		0.028311		0.092224		0.034475		0
276	0.67476		0.17079		0.028209		0.091861		0.034382		0
277	0.67513		0.171		0.028104		0.091477		0.034283		0
278	0.67544		0.17126		0.028002		0.091109		0.034185		0
279	0.67582		0.17148		0.027897		0.090725		0.034084		0
280	0.67609		0.17175		0.027799		0.090369		0.033993		0
281	0.67644		0.17197		0.027697		0.089993		0.033898		0
282	0.67671		0.17224		0.027601		0.089642		0.033807		0
283	0.67705		0.17247		0.027501		0.089272		0.033712		0
284	0.67729		0.17275		0.027408		0.088928		0.033625		0
285	0.67761		0.17298		0.02731		0.088566		0.033535		0
286	0.67783		0.17327		0.027219		0.088231		0.03345		0
287	0.67816		0.17349		0.027122		0.08787		0.033353		0
288	0.67841		0.17377		0.027029		0.08753		0.03326		0
289	0.6788		0.17396		0.026929		0.087162		0.033151		0
290	0.67909		0.17421		0.026834		0.08682		0.033045		0
291	0.67914		0.17453		0.026759		0.086576		0.032989		0
292	0.67836		0.17546		0.026725		0.086498		0.032951		0
293	0.67795		0.17609		0.026674		0.086367		0.032918		0
294	0.67737		0.17683		0.026632		0.086268		0.032893		0
295	0.67755		0.17709		0.026548		0.085998		0.032814		0
296	0.67766		0.17739		0.026468		0.085744		0.032737		0
297	0.67785		0.17764		0.026383		0.085472		0.032651		0
298	0.67796		0.17794		0.026303		0.08522		0.032569		0
299	0.67814		0.1782		0.02622		0.084954		0.03248		0
300	0.67825		0.17851		0.02614		0.084706		0.032395		0
301	0.67837		0.17867		0.026073		0.084511		0.03238		0
302	0.67821		0.17907		0.026011		0.084351		0.03236		0
303	0.67802		0.17947		0.025951		0.084221		0.032338		0
304	0.67775		0.17991		0.025897		0.084126		0.032314		0
305	0.67726		0.18049		0.025868		0.084069		0.032309		0
306	0.67695		0.18093		0.02583		0.084011		0.032277		0
307	0.6776		0.18075		0.025741		0.083735		0.032177		0
308	0.67786		0.18083		0.025671		0.083542		0.0321		0
309	0.67817		0.18088		0.025598		0.083338		0.03202		0
310	0.67805		0.1812		0.025547		0.08323		0.031969		0
311	0.67834		0.18126		0.025476		0.083034		0.031891		0
312	0.67825		0.18154		0.025426		0.082931		0.031855		0
313	0.67849		0.18159		0.02536		0.08276		0.031804		0
314	0.6783		0.18191		0.025315		0.082685		0.031781		0
315	0.67847		0.182		0.025251		0.082545		0.031735		0
316	0.67826		0.18233		0.025207		0.082493		0.031713		0
317	0.67841		0.18241		0.025144		0.082372		0.031665		0
318	0.67817		0.18274		0.0251		0.082338		0.031645		0
319	0.67834		0.18281		0.025037		0.082217		0.031598		0
320	0.67816		0.18311		0.024991		0.082168		0.031573		0
321	0.67837		0.18315		0.024926		0.082036		0.031522		0
322	0.67822		0.18342		0.024879		0.08198		0.031494		0
323	0.67847		0.18344		0.024812		0.081841		0.03144		0
324	0.67835		0.18369		0.024764		0.081782		0.031413		0
325	0.67859		0.1837		0.024698		0.081649		0.03136		0
326	0.67847		0.18396		0.024651		0.081589		0.031335		0
327	0.67872		0.18397		0.024586		0.081446		0.031282		0
328	0.67859		0.18423		0.02454		0.081382		0.031255		0
329	0.67883		0.18425		0.024476		0.081243		0.031204		0
330	0.67866		0.18454		0.024434		0.081188		0.031182		0
331	0.67884		0.18459		0.024375		0.08106		0.031135		0
332	0.67866		0.1849		0.024334		0.081		0.031112		0
333	0.67885		0.18496		0.024275		0.08085		0.031065		0
334	0.67869		0.18527		0.024234		0.080766		0.031041		0
335	0.6789		0.18534		0.024175		0.080592		0.030992		0
336	0.67872		0.18568		0.024135		0.080493		0.030969		0
337	0.67891		0.18578		0.024078		0.080307		0.03092		0
338	0.67869		0.18617		0.02404		0.080201		0.030901		0
339	0.67884		0.18631		0.023985		0.080007		0.030855		0
340	0.67863		0.18671		0.023947		0.079882		0.030834		0
341	0.67881		0.18685		0.02389		0.079672		0.030784		0
342	0.67861		0.18724		0.023851		0.079534		0.03076		0
343	0.6788		0.18738		0.023795		0.079315		0.030713		0
344	0.67862		0.18777		0.023756		0.079163		0.030685		0
345	0.67882		0.18791		0.023699		0.078935		0.030635		0
346	0.67864		0.18831		0.02366		0.078776		0.030608		0
347	0.67885		0.18845		0.023603		0.078541		0.030556		0
348	0.67867		0.18885		0.023565		0.078381		0.030532		0
349	0.67893		0.18896		0.023507		0.078116		0.030481		0
350	0.67885		0.18932		0.023465		0.077916		0.03045		0
351	0.67916		0.1894		0.023405		0.077638		0.030393		0
352	0.67907		0.18976		0.023364		0.077437		0.030363		0
353	0.67937		0.18986		0.023305		0.077161		0.030308		0
354	0.67929		0.19022		0.023264		0.076957		0.030275		0
355	0.67957		0.19032		0.023207		0.076682		0.030221		0
356	0.67947		0.19069		0.023167		0.076481		0.030191		0
357	0.67974		0.1908		0.023111		0.076208		0.030139		0
358	0.67963		0.19118		0.023073		0.076009		0.030111		0
359	0.6799		0.19129		0.023017		0.075738		0.030058		0
360	0.67978		0.19167		0.02298		0.075541		0.030029		0
361	0.68008		0.19177		0.022924		0.075251		0.029975		0
362	0.68		0.19214		0.022885		0.075033		0.029944		0
363	0.68031		0.19223		0.022829		0.074745		0.029889		0
364	0.68021		0.19261		0.022792		0.074531		0.029859		0
365	0.68049		0.19272		0.022738		0.074249		0.029807		0
366	0.68038		0.1931		0.022702		0.074039		0.029778		0
367	0.68065		0.19322		0.02265		0.073762		0.029726		0
368	0.68052		0.19361		0.022615		0.073556		0.029697		0
369	0.68079		0.19372		0.022564		0.073281		0.029644		0
370	0.68067		0.19411		0.022531		0.073079		0.029615		0
371	0.68092		0.19423		0.022481		0.07281		0.029565		0
372	0.68077		0.19463		0.02245		0.072612		0.029539		0
373	0.681		0.19476		0.022402		0.072348		0.02949		0
374	0.68085		0.19516		0.022372		0.072152		0.029464		0
375	0.68108		0.19529		0.022326		0.071892		0.029416		0
376	0.68091		0.1957		0.022298		0.071702		0.029392		0
377	0.68112		0.19583		0.022254		0.071448		0.029346		0
378	0.68093		0.19626		0.022228		0.071261		0.029325		0
379	0.68114		0.19639		0.022185		0.071009		0.029278		0
380	0.68095		0.19681		0.02216		0.070826		0.029253		0
381	0.68115		0.19694		0.022119		0.070577		0.029207		0
382	0.68095		0.19737		0.022095		0.070397		0.029184		0
383	0.68114		0.19751		0.022056		0.070152		0.029138		0
384	0.68093		0.19794		0.022034		0.069975		0.029116		0
385	0.68111		0.19809		0.021997		0.069737		0.029072		0
386	0.68088		0.19853		0.021978		0.069564		0.029051		0
387	0.68104		0.19868		0.021943		0.069329		0.029007		0
388	0.68081		0.19912		0.021925		0.06916		0.028987		0
389	0.68095		0.19928		0.021892		0.068929		0.028945		0
390	0.6807		0.19973		0.021877		0.068765		0.028926		0
391	0.68084		0.19989		0.021846		0.068538		0.028884		0
392	0.68058		0.20035		0.021833		0.068376		0.028866		0
393	0.6807		0.20052		0.021805		0.068153		0.028826		0
394	0.68042		0.20098		0.021793		0.067995		0.028809		0
395	0.68053		0.20115		0.021767		0.067777		0.02877		0
396	0.68024		0.20162		0.021758		0.067623		0.028754		0
397	0.68034		0.2018		0.021734		0.067408		0.028716		0
398	0.68004		0.20228		0.021727		0.067257		0.0287		0
399	0.68012		0.20247		0.021704		0.067046		0.028664		0
400	0.67981		0.20295		0.021699		0.066899		0.028649		0
401	0.67988		0.20314		0.021679		0.066693		0.028613		0
402	0.67956		0.20362		0.021675		0.066547		0.028599		0
403	0.67962		0.20382		0.021656		0.066344		0.028564		0
404	0.67928		0.20431		0.021654		0.066201		0.028551		0
405	0.67933		0.20451		0.021637		0.066002		0.028517		0
406	0.67899		0.20501		0.021636		0.065862		0.028504		0
407	0.67903		0.20521		0.02162		0.065666		0.028471		0
408	0.67868		0.20571		0.02162		0.065528		0.028458		0
409	0.67872		0.20592		0.021605		0.065334		0.028425		0
410	0.67836		0.20642		0.021606		0.065199		0.028414		0
411	0.67839		0.20663		0.021592		0.065008		0.028381		0
412	0.67802		0.20714		0.021594		0.064874		0.02837		0
413	0.67805		0.20735		0.02158		0.064685		0.028337		0
414	0.67768		0.20786		0.021582		0.064553		0.028326		0
415	0.67769		0.20808		0.021569		0.064366		0.028295		0
416	0.67732		0.20859		0.021572		0.064236		0.028284		0
417	0.67733		0.20881		0.021559		0.064052		0.028252		0
418	0.67695		0.20932		0.021562		0.063922		0.028241		0
419	0.67696		0.20955		0.02155		0.063738		0.028209		0
420	0.67658		0.21006		0.021553		0.063611		0.028198		0
421	0.67657		0.21029		0.021541		0.06343		0.028167		0
422	0.67619		0.21081		0.021544		0.063304		0.028157		0
423	0.67619		0.21103		0.021533		0.063124		0.028125		0
424	0.6758		0.21155		0.021536		0.062998		0.028115		0
425	0.67579		0.21178		0.021524		0.062822		0.028084		0
426	0.6754		0.2123		0.021528		0.062698		0.028073		0
427	0.67538		0.21253		0.021516		0.062523		0.028042		0
428	0.67499		0.21306		0.02152		0.062399		0.028031		0
429	0.67498		0.21329		0.021509		0.062224		0.028		0
430	0.67458		0.21382		0.021512		0.062103		0.027989		0
431	0.67456		0.21405		0.021501		0.061931		0.027959		0
432	0.67416		0.21458		0.021505		0.06181		0.027948		0
433	0.67413		0.21482		0.021493		0.061639		0.027918		0
434	0.67373		0.21535		0.021497		0.061518		0.027907		0
435	0.6737		0.21558		0.021486		0.06135		0.027876		0
436	0.6733		0.21612		0.02149		0.061231		0.027866		0
437	0.67326		0.21636		0.021479		0.061064		0.027836		0
438	0.67286		0.21689		0.021482		0.060945		0.027825		0
439	0.67282		0.21713		0.021471		0.060779		0.027795		0
440	0.67241		0.21767		0.021475		0.060662		0.027784		0
441	0.67237		0.21791		0.021464		0.060498		0.027754		0
442	0.67196		0.21845		0.021468		0.060382		0.027744		0
443	0.67191		0.2187		0.021457		0.060219		0.027714		0
444	0.6715		0.21923		0.02146		0.060103		0.027703		0
445	0.67145		0.21948		0.02145		0.059942		0.027673		0
446	0.67103		0.22002		0.021453		0.059827		0.027663		0
447	0.67098		0.22027		0.021443		0.059668		0.027634		0
448	0.67056		0.22081		0.021446		0.059553		0.027623		0
449	0.67051		0.22107		0.021436		0.059394		0.027594		0
450	0.67009		0.22161		0.021439		0.059282		0.027583		0
451	0.67003		0.22186		0.021429		0.059125		0.027554		0
452	0.6696		0.22241		0.021432		0.059013		0.027543		0
453	0.66954		0.22266		0.021422		0.058857		0.027514		0
454	0.66903		0.22325		0.021431		0.05877		0.027522		0
455	0.66862		0.22378		0.021434		0.058662		0.027508		0
456	0.66808		0.22438		0.021444		0.058581		0.027513		0
457	0.66769		0.2249		0.021446		0.058474		0.027492		0
458	0.66697		0.22564		0.021461		0.058419		0.027501		0
459	0.66674		0.226		0.021459		0.058307		0.027485		0
460	0.66634		0.22651		0.021462		0.058217		0.027475		0
461	0.66629		0.22673		0.021453		0.058084		0.027446		0
462	0.66588		0.22723		0.021456		0.057994		0.027434		0
463	0.66583		0.22746		0.021446		0.057863		0.027403		0
464	0.66543		0.22796		0.021448		0.057773		0.027388		0
465	0.66537		0.22819		0.021438		0.057642		0.027355		0
466	0.66499		0.22869		0.021439		0.057548		0.027335		0
467	0.66493		0.22893		0.021427		0.057417		0.027298		0
468	0.66456		0.22942		0.021426		0.057325		0.02727		0
469	0.6637		0.23018		0.021457		0.057346		0.027312		0
470	0.66077		0.23269		0.021552		0.057578		0.027402		0
471	0.65859		0.23468		0.02161		0.057689		0.027437		0
472	0.6581		0.23513		0.021627		0.057691		0.027448		0
473	0.65751		0.23574		0.021639		0.057666		0.027448		0
474	0.65697		0.23631		0.021648		0.057634		0.027443		0
475	0.65686		0.23652		0.021641		0.057557		0.027417		0
476	0.65641		0.23702		0.021646		0.057517		0.027406		0
477	0.65625		0.23728		0.021641		0.057446		0.027382		0
478	0.65574		0.23781		0.021649		0.057416		0.027382		0
479	0.65556		0.23808		0.021645		0.057352		0.027366		0
480	0.65507		0.23859		0.021651		0.057328		0.027363		0
481	0.65489		0.23884		0.021647		0.057275		0.027346		0
482	0.6544		0.23934		0.021653		0.05726		0.027342		0
483	0.65424		0.23958		0.021647		0.057214		0.027325		0
484	0.65377		0.24005		0.021652		0.057204		0.027318		0
485	0.65362		0.24027		0.021646		0.057162		0.027301		0
486	0.65318		0.24073		0.021649		0.057148		0.027295		0
487	0.65309		0.2409		0.021641		0.057098		0.027275		0
488	0.6527		0.24131		0.021642		0.057079		0.027266		0
489	0.65265		0.24145		0.021632		0.057026		0.027243		0
490	0.65231		0.24182		0.021632		0.057006		0.027232		0
491	0.65228		0.24194		0.021621		0.056954		0.027207		0
492	0.65192		0.24233		0.021621		0.056936		0.0272		0
493	0.65187		0.24246		0.021611		0.056881		0.027178		0
494	0.65151		0.24285		0.021612		0.056858		0.027167		0
495	0.65144		0.24301		0.021603		0.056803		0.027146		0
496	0.65105		0.24343		0.021604		0.05678		0.027138		0
497	0.65093		0.24362		0.021598		0.056731		0.027121		0
498	0.6505		0.24407		0.021603		0.056716		0.027119		0
499	0.65038		0.24425		0.021598		0.056663		0.027106		0
500	0.64998		0.24468		0.021601		0.056632		0.027106		0
501	0.64991		0.24483		0.021595		0.056565		0.027094		0
502	0.64953		0.24525		0.021598		0.056526		0.027096		0
503	0.64941		0.24545		0.021593		0.056459		0.027085		0
504	0.64903		0.24587		0.021599		0.056423		0.027083		0
505	0.64897		0.24602		0.021593		0.05635		0.027064		0
506	0.64855		0.24648		0.021598		0.056307		0.027061		0
507	0.64839		0.24673		0.021594		0.056237		0.027046		0
508	0.64787		0.24728		0.021602		0.056199		0.027046		0
509	0.64763		0.24761		0.021601		0.056132		0.027034		0
510	0.64726		0.24809		0.021599		0.056052		0.027001		0
511	0.64727		0.24832		0.021574		0.055893		0.026938		0
512	0.64653		0.24919		0.021572		0.055805		0.026903		0
513	0.64589		0.24997		0.021566		0.055712		0.026864		0
514	0.64471		0.25119		0.021579		0.055679		0.026848		0
515	0.64421		0.25187		0.021565		0.055566		0.02679		0
516	0.6434		0.2528		0.021562		0.055492		0.026748		0
517	0.64247		0.25383		0.021564		0.055421		0.02671		0
518	0.64133		0.25504		0.021573		0.055373		0.026683		0
519	0.6401		0.25632		0.021586		0.055335		0.02666		0
520	0.63871		0.25773		0.021604		0.055311		0.026646		0
521	0.6375		0.25899		0.021618		0.055272		0.026626		0
522	0.63613		0.26038		0.021637		0.055247		0.026615		0
523	0.63501		0.26155		0.021649		0.0552		0.026595		0
524	0.63365		0.26292		0.021669		0.055172		0.026586		0
525	0.63261		0.26405		0.021677		0.055099		0.026564		0
526	0.63138		0.26534		0.021692		0.055041		0.026551		0
527	0.63054		0.2663		0.021694		0.054949		0.026523		0
528	0.6295		0.26742		0.021703		0.054875		0.026505		0
529	0.62862		0.2684		0.021708		0.054786		0.026482		0
530	0.62762		0.26949		0.021716		0.054708		0.026467		0
531	0.62683		0.27039		0.021719		0.054611		0.026446		0
532	0.62589		0.27142		0.021726		0.054529		0.026431		0
533	0.62512		0.27231		0.021729		0.054433		0.026413		0
534	0.62423		0.27329		0.021736		0.054346		0.0264		0
535	0.6235		0.27413		0.021738		0.054248		0.026384		0
536	0.62268		0.27505		0.021742		0.054156		0.026372		0
537	0.62206		0.27579		0.021742		0.054049		0.026354		0
538	0.62139		0.27658		0.021742		0.053946		0.026339		0
539	0.62076		0.27733		0.021743		0.053841		0.026326		0
540	0.62012		0.27809		0.021743		0.053737		0.026315		0
541	0.61929		0.27898		0.021751		0.05366		0.026324		0
542	0.61765		0.28057		0.021782		0.053648		0.026347		0
543	0.61696		0.28133		0.021787		0.053566		0.02635		0
544	0.61619		0.28217		0.021793		0.053489		0.026353		0
545	0.61569		0.28278		0.021792		0.053391		0.026348		0
546	0.61517		0.2834		0.021793		0.053297		0.026343		0
547	0.61467		0.284		0.021792		0.053202		0.026338		0
548	0.61414		0.28462		0.021792		0.053109		0.026334		0
549	0.61364		0.28523		0.021792		0.053016		0.026329		0
550	0.61311		0.28585		0.021793		0.052925		0.026325		0
551	0.61261		0.28645		0.021793		0.052832		0.026321		0
552	0.61209		0.28706		0.021794		0.052741		0.026317		0
553	0.61141		0.28776		0.021802		0.052688		0.026341		0
554	0.61098		0.28831		0.021792		0.05258		0.026338		0
555	0.60903		0.29007		0.021847		0.052659		0.026399		0
556	0.60757		0.29145		0.02188		0.052671		0.026428		0
557	0.60749		0.2917		0.021866		0.052548		0.026397		0
558	0.60618		0.29286		0.021904		0.052609		0.026448		0
559	0.6045		0.29445		0.021936		0.052632		0.026488		0
560	0.60302		0.29583		0.021966		0.052666		0.026521		0
561	0.6029		0.29603		0.021959		0.052599		0.026509		0
562	0.60273		0.29629		0.021954		0.052535		0.026497		0
563	0.60264		0.29647		0.021946		0.052464		0.026482		0
564	0.60243		0.29676		0.02194		0.052402		0.026469		0
565	0.60231		0.29697		0.021932		0.052333		0.026452		0
566	0.60195		0.29738		0.021932		0.052293		0.026449		0
567	0.60179		0.2976		0.021929		0.052245		0.026443		0
568	0.60141		0.298		0.021931		0.052215		0.026445		0
569	0.60128		0.29819		0.021927		0.052167		0.026441		0
570	0.60098		0.29853		0.021925		0.05213		0.026441		0
571	0.60077		0.29878		0.021921		0.052091		0.026437		0
572	0.60043		0.29914		0.021921		0.052068		0.026439		0
573	0.6002		0.29941		0.021918		0.05204		0.026437		0
574	0.59982		0.29979		0.02192		0.052028		0.02644		0
575	0.59958		0.30005		0.021919		0.05201		0.026439		0
576	0.59921		0.30042		0.021921		0.052001		0.026441		0
577	0.59896		0.3007		0.02192		0.051984		0.026439		0
578	0.59859		0.30108		0.021921		0.051974		0.026439		0
579	0.59834		0.30135		0.021918		0.051955		0.026434		0
580	0.59798		0.30173		0.021917		0.051942		0.026431		0
581	0.59777		0.30199		0.021909		0.051913		0.026419		0
582	0.59753		0.30229		0.021899		0.051877		0.026404		0
583	0.59771		0.30223		0.021877		0.05181		0.026374		0
584	0.59796		0.30209		0.021855		0.051749		0.026345		0
585	0.59806		0.30208		0.021837		0.051697		0.02632		0
586	0.59831		0.30195		0.021813		0.051633		0.02629		0
587	0.59852		0.30187		0.021788		0.051564		0.026258		0
588	0.59876		0.30176		0.021763		0.051492		0.026226		0
589	0.59899		0.30164		0.02174		0.051428		0.026197		0
590	0.59918		0.30156		0.021721		0.051371		0.026173		0
591	0.5993		0.30154		0.0217		0.05131		0.026148		0
592	0.59977		0.30127		0.021663		0.051197		0.026102		0
593	0.60022		0.30105		0.021619		0.051061		0.026048		0
594	0.60038		0.30106		0.021588		0.050965		0.026011		0
595	0.60082		0.30088		0.021539		0.050813		0.025949		0
596	0.60147		0.30055		0.021476		0.05063		0.025873		0
597	0.60172		0.3005		0.021438		0.050512		0.025827		0
598	0.6015		0.30078		0.021429		0.05047		0.025816		0
599	0.601		0.30129		0.02143		0.050459		0.025819		0
600	0.6002		0.30202		0.021448		0.050494		0.025843		0
601	0.59933		0.30278		0.021474		0.050538		0.025876		0
602	0.59879		0.30325		0.021494		0.050562		0.025902		0
603	0.59988		0.30234		0.021468		0.050447		0.02587		0
604	0.59879		0.30346		0.021472		0.050401		0.025874		0
605	0.59786		0.30449		0.021465		0.050326		0.025864		0
606	0.59706		0.30539		0.021454		0.050241		0.025849		0
607	0.5968		0.30585		0.021426		0.050116		0.025814		0
608	0.59663		0.30621		0.021396		0.049988		0.025775		0
609	0.59626		0.30673		0.021375		0.04989		0.02575		0
610	0.59594		0.30717		0.021359		0.049803		0.02573		0
611	0.59551		0.30769		0.021349		0.049735		0.025718		0
612	0.59515		0.30815		0.021338		0.049662		0.025706		0
613	0.59474		0.30864		0.021329		0.049592		0.025695		0
614	0.59445		0.30903		0.021319		0.049515		0.025684		0
615	0.59406		0.30948		0.021316		0.049468		0.025682		0
616	0.59383		0.30978		0.02131		0.049406		0.025675		0
617	0.59351		0.31018		0.021304		0.049344		0.025668		0
618	0.59323		0.31054		0.021297		0.049274		0.025661		0
619	0.59284		0.311		0.021291		0.049206		0.025655		0
620	0.59251		0.31143		0.021284		0.049132		0.025647		0
621	0.59208		0.31194		0.021279		0.049059		0.025642		0
622	0.59172		0.31239		0.021272		0.048979		0.025633		0
623	0.59129		0.31292		0.021266		0.048901		0.025627		0
624	0.59093		0.31337		0.021259		0.048816		0.025618		0
625	0.59055		0.31388		0.021249		0.048716		0.025608		0
626	0.59026		0.3143		0.021238		0.048608		0.025594		0
627	0.58988		0.3148		0.021228		0.048504		0.025583		0
628	0.58958		0.31524		0.021216		0.048395		0.025569		0
629	0.5892		0.31574		0.021206		0.04829		0.025558		0
630	0.5889		0.31618		0.021195		0.04818		0.025544		0
631	0.58852		0.31668		0.021185		0.048074		0.025533		0
632	0.58822		0.31712		0.021174		0.047965		0.025521		0
633	0.58785		0.31762		0.021165		0.04786		0.02551		0
634	0.58754		0.31806		0.021154		0.047751		0.025497		0
635	0.58717		0.31855		0.021145		0.047646		0.025487		0
636	0.58687		0.31899		0.021134		0.047537		0.025474		0
637	0.58649		0.31949		0.021125		0.047433		0.025464		0
638	0.58619		0.31991		0.021115		0.047325		0.025452		0
639	0.58583		0.3204		0.021106		0.04722		0.025442		0
640	0.58553		0.32083		0.021096		0.047113		0.025431		0
641	0.58517		0.32131		0.021087		0.047009		0.025421		0
642	0.58488		0.32173		0.021077		0.046902		0.025409		0
643	0.58452		0.32221		0.021069		0.046799		0.0254		0
644	0.58422		0.32264		0.021059		0.046693		0.02539		0
645	0.58387		0.32311		0.021051		0.04659		0.02538		0
646	0.58358		0.32353		0.021041		0.046484		0.025369		0
647	0.58323		0.324		0.021033		0.046382		0.02536		0
648	0.58294		0.32441		0.021023		0.046277		0.02535		0
649	0.58259		0.32487		0.021017		0.046186		0.025343		0
650	0.58196		0.32557		0.021018		0.046109		0.025345		0
651	0.58168		0.32597		0.021008		0.046005		0.025334		0
652	0.5813		0.32644		0.021005		0.045926		0.025331		0
653	0.5808		0.32702		0.021002		0.045848		0.025328		0
654	0.58051		0.32741		0.020996		0.045758		0.025322		0
655	0.57909		0.32881		0.021015		0.045737		0.025346		0
656	0.578		0.32992		0.021023		0.045691		0.025357		0
657	0.57761		0.33041		0.021019		0.045612		0.025353		0
658	0.57735		0.33077		0.021012		0.045526		0.025345		0
659	0.57704		0.33117		0.021006		0.045444		0.025338		0
660	0.57679		0.33153		0.020998		0.045359		0.025329		0
661	0.57648		0.33193		0.020992		0.045276		0.025322		0
662	0.57623		0.33228		0.020984		0.045192		0.025313		0
663	0.57595		0.33266		0.020977		0.045109		0.025304		0
664	0.57573		0.33298		0.020967		0.045023		0.025292		0
665	0.57502		0.33367		0.020983		0.04502		0.025314		0
666	0.57405		0.33464		0.020991		0.044995		0.025324		0
667	0.57358		0.33516		0.02099		0.044942		0.025323		0
668	0.57343		0.33538		0.020986		0.044893		0.025318		0
669	0.57337		0.33551		0.020978		0.044836		0.025308		0
670	0.57328		0.33567		0.020971		0.044781		0.025299		0
671	0.57313		0.33589		0.020965		0.044728		0.025291		0
672	0.57298		0.3361		0.020958		0.044676		0.025283		0
673	0.57277		0.33637		0.020953		0.044628		0.025277		0
674	0.57261		0.33659		0.020947		0.044581		0.02527		0
675	0.57237		0.33689		0.020941		0.044536		0.025263		0
676	0.57218		0.33714		0.020934		0.044492		0.025255		0
677	0.57194		0.33743		0.020928		0.044454		0.025247		0
678	0.57175		0.33767		0.020921		0.044417		0.025239		0
679	0.57152		0.33795		0.020914		0.044383		0.025231		0
680	0.57135		0.33818		0.020906		0.044347		0.025221		0
681	0.57113		0.33845		0.020899		0.044312		0.025213		0
682	0.57098		0.33866		0.02089		0.044273		0.025202		0
683	0.57079		0.3389		0.020881		0.044235		0.025192		0
684	0.57066		0.33909		0.020871		0.044195		0.02518		0
685	0.57049		0.33932		0.020862		0.044157		0.025169		0
686	0.57037		0.3395		0.020852		0.044117		0.025157		0
687	0.5702		0.33973		0.020842		0.044078		0.025145		0
688	0.57005		0.33995		0.020832		0.044038		0.025133		0
689	0.56984		0.34022		0.020823		0.043999		0.025123		0
690	0.56968		0.34044		0.020814		0.043957		0.025111		0
691	0.56946		0.34072		0.020805		0.043918		0.025101		0
692	0.56927		0.34096		0.020797		0.043878		0.025091		0
693	0.56904		0.34125		0.02079		0.043841		0.025083		0
694	0.56884		0.3415		0.020783		0.0438		0.025075		0
695	0.56861		0.34179		0.020776		0.043757		0.025068		0
696	0.56844		0.34202		0.020769		0.043709		0.025059		0
697	0.56823		0.34229		0.020762		0.043661		0.025051		0
698	0.56808		0.34252		0.020754		0.043609		0.025042		0
699	0.56788		0.34278		0.020748		0.043556		0.025034		0
700	0.56774		0.343		0.020741		0.0435		0.025027		0
701	0.56759		0.34322		0.020734		0.043439		0.025018		0
702	0.56742		0.34346		0.020727		0.043379		0.025011		0
703	0.56727		0.34369		0.02072		0.043318		0.025003		0
704	0.56714		0.3439		0.020712		0.043253		0.024994		0
705	0.56697		0.34415		0.020705		0.043188		0.024985		0
706	0.56685		0.34436		0.020696		0.043119		0.024976		0
707	0.56669		0.3446		0.020688		0.043051		0.024967		0
708	0.56658		0.34481		0.020679		0.042978		0.024956		0
709	0.56642		0.34506		0.020671		0.042908		0.024947		0
710	0.5663		0.34527		0.020662		0.042834		0.024937		0
711	0.56617		0.3455		0.020653		0.042753		0.024926		0
712	0.56609		0.34569		0.020642		0.042668		0.024913		0
713	0.56597		0.34591		0.020631		0.042583		0.024901		0
714	0.56589		0.3461		0.02062		0.042497		0.024888		0
715	0.56577		0.34633		0.020609		0.042411		0.024876		0
716	0.56568		0.34654		0.020598		0.042324		0.024863		0
717	0.56554		0.34678		0.020588		0.042238		0.02485		0
718	0.56545		0.34699		0.020576		0.042151		0.024837		0
719	0.56531		0.34723		0.020565		0.042065		0.024825		0
720	0.56521		0.34744		0.020554		0.041977		0.024811		0
721	0.56508		0.34769		0.020544		0.041891		0.024799		0
722	0.56499		0.34789		0.020532		0.041804		0.024786		0
723	0.56487		0.34813		0.02052		0.041711		0.024772		0
724	0.56479		0.34832		0.020508		0.041617		0.024757		0
725	0.56468		0.34856		0.020496		0.041525		0.024744		0
726	0.5646		0.34876		0.020483		0.041431		0.024729		0
727	0.56448		0.34899		0.020472		0.041339		0.024715		0
728	0.5644		0.34919		0.020459		0.041246		0.0247		0
729	0.56429		0.34942		0.020448		0.041155		0.024687		0
730	0.56421		0.34962		0.020435		0.041062		0.024673		0
731	0.56409		0.34985		0.020424		0.040972		0.024659		0
732	0.56401		0.35005		0.020412		0.040881		0.024645		0
733	0.56389		0.35028		0.0204		0.040791		0.024632		0
734	0.56381		0.35048		0.020388		0.0407		0.024618		0
735	0.5637		0.35071		0.020377		0.040611		0.024604		0
736	0.56362		0.3509		0.020365		0.04052		0.02459		0
737	0.56351		0.35113		0.020353		0.040432		0.024577		0
738	0.56343		0.35133		0.020342		0.040343		0.024563		0
739	0.56331		0.35155		0.020331		0.040255		0.02455		0
740	0.56323		0.35175		0.020319		0.040166		0.024536		0
741	0.56312		0.35197		0.020308		0.040079		0.024523		0
742	0.56304		0.35216		0.020296		0.039991		0.02451		0
743	0.56293		0.35238		0.020285		0.039905		0.024497		0
744	0.56285		0.35258		0.020273		0.039818		0.024483		0
745	0.56274		0.3528		0.020262		0.039732		0.02447		0
746	0.56266		0.35299		0.020251		0.039646		0.024457		0
747	0.56255		0.35321		0.02024		0.039561		0.024444		0
748	0.56247		0.35339		0.020228		0.039475		0.024431		0
749	0.56236		0.35361		0.020217		0.039391		0.024418		0
750	0.56228		0.3538		0.020206		0.039306		0.024405		0
751	0.56217		0.35402		0.020195		0.039222		0.024392		0
752	0.5621		0.3542		0.020184		0.039137		0.024379		0
753	0.56199		0.35442		0.020173		0.039055		0.024366		0
754	0.56191		0.3546		0.020162		0.038971		0.024353		0
755	0.5618		0.35482		0.020151		0.038888		0.024341		0
756	0.56173		0.355		0.02014		0.038805		0.024327		0
