0	0.2		0.2		0.2		0.2		0.2		0
1	0.20035		0.20049		0.19961		0.19967		0.19988		1
2	0.20071		0.2011		0.19917		0.19931		0.19971		1
3	0.20112		0.20185		0.19866		0.19887		0.1995		1
4	0.20156		0.20282		0.19806		0.19835		0.1992		1
5	0.20203		0.20411		0.19733		0.19772		0.19881		1
6	0.2025		0.2059		0.19643		0.19691		0.19826		1
7	0.20292		0.20841		0.19529		0.19588		0.1975		1
8	0.20332		0.21167		0.1939		0.1946		0.1965		1
9	0.20386		0.21518		0.19237		0.19319		0.1954		1
10	0.20467		0.21866		0.19075		0.19169		0.19423		1
11	0.20589		0.22202		0.18901		0.19009		0.19299		1
12	0.20767		0.22521		0.18712		0.18836		0.19165		1
13	0.21015		0.22813		0.18506		0.18646		0.1902		1
14	0.21336		0.23074		0.18282		0.18441		0.18865		1
15	0.21745		0.23295		0.18039		0.18218		0.18701		1
16	0.22229		0.23475		0.17779		0.17981		0.18536		1
17	0.22727		0.23632		0.17513		0.17741		0.18388		1
18	0.23223		0.23764		0.17242		0.175		0.1827		1
19	0.23709		0.23869		0.16966		0.1726		0.18196		1
20	0.24183		0.23944		0.16685		0.17023		0.18165		0
21	0.24651		0.23996		0.16404		0.16795		0.18154		0
22	0.25117		0.24031		0.16126		0.16582		0.18143		0
23	0.25583		0.24051		0.1585		0.16388		0.18128		0
24	0.26046		0.24054		0.15578		0.16213		0.18109		0
25	0.26508		0.24043		0.1531		0.16053		0.18086		0
26	0.26971		0.2402		0.15046		0.15901		0.18061		0
27	0.27438		0.23986		0.14789		0.15751		0.18036		0
28	0.27908		0.23944		0.14537		0.156		0.18011		0
29	0.28382		0.23893		0.14291		0.15449		0.17986		0
30	0.2886		0.23833		0.1405		0.15296		0.17962		0
31	0.29341		0.23764		0.13815		0.15142		0.17938		0
32	0.29825		0.23687		0.13586		0.14988		0.17914		0
33	0.30314		0.23603		0.13362		0.14833		0.17888		0
34	0.30806		0.23513		0.13143		0.14678		0.17859		0
35	0.31303		0.23416		0.1293		0.14523		0.17827		0
36	0.31805		0.23313		0.12723		0.14369		0.1779		0
37	0.32311		0.23205		0.1252		0.14214		0.17749		0
38	0.32822		0.23092		0.12322		0.14061		0.17703		0
39	0.33338		0.22974		0.12129		0.13907		0.17652		0
40	0.33858		0.22851		0.1194		0.13754		0.17597		0
41	0.34383		0.22724		0.11754		0.13602		0.17537		0
42	0.34911		0.22594		0.11572		0.13451		0.17473		0
43	0.35444		0.2246		0.11393		0.133		0.17404		0
44	0.3598		0.22323		0.11217		0.13149		0.1733		0
45	0.36521		0.22184		0.11043		0.12999		0.17253		0
46	0.37063		0.22043		0.10872		0.1285		0.17171		0
47	0.37609		0.219		0.10704		0.12702		0.17085		0
48	0.38156		0.21758		0.10538		0.12553		0.16995		0
49	0.38705		0.21615		0.10374		0.12405		0.16901		0
50	0.39254		0.21474		0.10213		0.12257		0.16802		0
51	0.398		0.21336		0.10054		0.1211		0.167		0
52	0.40344		0.21203		0.098971		0.11963		0.16593		0
53	0.40881		0.21078		0.097424		0.11816		0.16482		0
54	0.41408		0.20966		0.095899		0.11669		0.16367		0
55	0.41917		0.20874		0.094396		0.11522		0.16247		0
56	0.42399		0.20811		0.092916		0.11376		0.16123		0
57	0.42843		0.20789		0.09146		0.1123		0.15992		0
58	0.43245		0.20811		0.09003		0.11084		0.15857		0
59	0.43621		0.20859		0.088627		0.10939		0.15719		0
60	0.43988		0.20913		0.087251		0.10796		0.15579		0
61	0.44351		0.20966		0.085901		0.10654		0.15438		0
62	0.44713		0.2102		0.084575		0.10514		0.15296		0
63	0.45075		0.21071		0.083273		0.10375		0.15152		0
64	0.45437		0.21121		0.081991		0.10237		0.15007		0
65	0.45803		0.21166		0.080728		0.10099		0.14859		0
66	0.46174		0.21206		0.07948		0.099625		0.14709		0
67	0.46556		0.21238		0.078245		0.098259		0.14556		0
68	0.46949		0.2126		0.077021		0.09689		0.144		0
69	0.47352		0.21273		0.075809		0.095524		0.14241		0
70	0.47761		0.2128		0.074615		0.094168		0.14081		0
71	0.48168		0.21282		0.073446		0.092833		0.13922		0
72	0.48573		0.21282		0.072301		0.09152		0.13763		0
73	0.48974		0.21278		0.071182		0.090228		0.13606		0
74	0.49372		0.21272		0.070088		0.088959		0.13451		0
75	0.49767		0.21263		0.069018		0.087711		0.13297		0
76	0.50158		0.21252		0.067972		0.086486		0.13144		0
77	0.50546		0.21238		0.066949		0.085283		0.12993		0
78	0.5093		0.21221		0.065949		0.0841		0.12844		0
79	0.51311		0.21203		0.064972		0.082938		0.12696		0
80	0.51688		0.21182		0.064017		0.081797		0.12549		0
81	0.52061		0.21158		0.063082		0.080677		0.12405		0
82	0.52431		0.21133		0.06217		0.079577		0.12262		0
83	0.52796		0.21106		0.061277		0.078497		0.12121		0
84	0.53158		0.21076		0.060406		0.077436		0.11981		0
85	0.53517		0.21045		0.059554		0.076395		0.11843		0
86	0.53871		0.21012		0.058722		0.075374		0.11707		0
87	0.54222		0.20977		0.057909		0.074372		0.11573		0
88	0.54568		0.2094		0.057116		0.073388		0.11441		0
89	0.54911		0.20902		0.056341		0.072422		0.1131		0
90	0.55249		0.20863		0.055586		0.071474		0.11182		0
91	0.55584		0.20822		0.054848		0.070546		0.11055		0
92	0.55914		0.2078		0.054129		0.069634		0.1093		0
93	0.5624		0.20736		0.053428		0.06874		0.10807		0
94	0.56562		0.20691		0.052745		0.067863		0.10685		0
95	0.56796		0.20656		0.052246		0.067091		0.10615		0
96	0.57019		0.2063		0.051755		0.066334		0.10543		0
97	0.57258		0.20592		0.051261		0.065572		0.10467		0
98	0.57493		0.20553		0.050782		0.064828		0.10393		0
99	0.57724		0.20515		0.050318		0.064102		0.10319		0
100	0.57951		0.20476		0.049871		0.063392		0.10246		0
101	0.58174		0.20438		0.049439		0.062698		0.10175		0
102	0.58392		0.20399		0.049025		0.06202		0.10104		0
103	0.58606		0.20361		0.048628		0.061357		0.10035		0
104	0.58822		0.20321		0.048236		0.060703		0.099624		0
105	0.59048		0.20279		0.047839		0.06005		0.098838		0
106	0.59115		0.20275		0.047716		0.059574		0.098815		0
107	0.5924		0.20253		0.047517		0.059027		0.098524		0
108	0.59357		0.20239		0.047326		0.058507		0.098206		0
109	0.59483		0.20223		0.047125		0.057997		0.097822		0
110	0.5962		0.20197		0.046915		0.057512		0.097401		0
111	0.59754		0.20168		0.046722		0.057081		0.096979		0
112	0.59911		0.20135		0.046498		0.056634		0.096412		0
113	0.6008		0.20098		0.046256		0.056178		0.095794		0
114	0.60242		0.20065		0.046017		0.055734		0.095182		0
115	0.60397		0.20035		0.045785		0.055306		0.094592		0
116	0.60546		0.20007		0.045559		0.054891		0.094021		0
117	0.60678		0.19983		0.045361		0.054502		0.093532		0
118	0.60786		0.19961		0.045208		0.054143		0.09318		0
119	0.60885		0.19943		0.045066		0.053797		0.092851		0
120	0.60967		0.19933		0.044945		0.053473		0.09258		0
121	0.61052		0.19924		0.044814		0.053153		0.092272		0
122	0.6112		0.19923		0.044702		0.052855		0.092013		0
123	0.61194		0.19918		0.044583		0.052556		0.091737		0
124	0.61252		0.19923		0.04448		0.052277		0.091498		0
125	0.61319		0.19921		0.044369		0.05199		0.091243		0
126	0.61368		0.19929		0.044274		0.051723		0.091031		0
127	0.61431		0.19928		0.044168		0.051446		0.09079		0
128	0.61476		0.19938		0.044079		0.051189		0.090591		0
129	0.61539		0.19937		0.043972		0.050918		0.090345		0
130	0.61582		0.19947		0.043886		0.05067		0.090153		0
131	0.61634		0.19948		0.0438		0.050413		0.089968		0
132	0.61676		0.19959		0.043713		0.050165		0.089773		0
133	0.61735		0.19958		0.043614		0.049902		0.08955		0
134	0.61783		0.19967		0.043519		0.049651		0.089332		0
135	0.61845		0.19966		0.043415		0.049389		0.089092		0
136	0.61887		0.19976		0.043328		0.049147		0.088898		0
137	0.61945		0.19975		0.043229		0.04889		0.088677		0
138	0.61989		0.19984		0.04314		0.048645		0.088479		0
139	0.62048		0.19983		0.043043		0.048384		0.088265		0
140	0.62086		0.19992		0.042969		0.048141		0.088113		0
141	0.62145		0.19989		0.042874		0.047879		0.087906		0
142	0.62179		0.2		0.042804		0.047638		0.087768		0
143	0.62228		0.19998		0.042729		0.047383		0.087622		0
144	0.62268		0.2001		0.042645		0.047138		0.087442		0
145	0.62335		0.20005		0.042536		0.04687		0.087196		0
146	0.62386		0.20011		0.042436		0.046619		0.086972		0
147	0.62451		0.20009		0.042326		0.046356		0.086719		0
148	0.62499		0.20018		0.042227		0.04611		0.08649		0
149	0.62641		0.19995		0.041992		0.045778		0.085874		0
150	0.62739		0.20011		0.041769		0.045448		0.085283		0
151	0.62828		0.20037		0.041546		0.045121		0.084688		0
152	0.62912		0.20065		0.041326		0.044801		0.084102		0
153	0.62993		0.20095		0.04111		0.044485		0.083528		0
154	0.63073		0.20124		0.040896		0.044171		0.082958		0
155	0.6314		0.20163		0.040692		0.04387		0.082416		0
156	0.6323		0.20185		0.040465		0.043556		0.081835		0
157	0.63303		0.20217		0.040251		0.043256		0.081287		0
158	0.63466		0.20206		0.039936		0.042876		0.080468		0
159	0.63607		0.20208		0.039639		0.042516		0.079695		0
160	0.63721		0.20226		0.039367		0.042185		0.078986		0
161	0.63814		0.20255		0.039113		0.041874		0.078322		0
162	0.63883		0.20299		0.038879		0.041585		0.077711		0
163	0.63944		0.20349		0.038648		0.041304		0.077123		0
164	0.64001		0.20399		0.038421		0.041027		0.076548		0
165	0.64043		0.20458		0.038209		0.040766		0.076015		0
166	0.64098		0.20507		0.037989		0.040497		0.075464		0
167	0.64134		0.20567		0.037786		0.040245		0.074958		0
168	0.64176		0.20621		0.037583		0.039992		0.074456		0
169	0.642		0.20685		0.037398		0.039755		0.074		0
170	0.6424		0.20736		0.037205		0.039508		0.073529		0
171	0.64256		0.20804		0.037028		0.039281		0.073098		0
172	0.64293		0.20855		0.03684		0.039041		0.072643		0
173	0.64307		0.20921		0.036671		0.03882		0.072234		0
174	0.64338		0.20973		0.036494		0.038589		0.07181		0
175	0.64345		0.21041		0.036335		0.038377		0.071429		0
176	0.64379		0.21089		0.036161		0.038148		0.071015		0
177	0.64391		0.2115		0.036005		0.037938		0.070648		0
178	0.64418		0.21199		0.035842		0.037718		0.070266		0
179	0.64423		0.21263		0.035697		0.037516		0.069925		0
180	0.64327		0.21375		0.035677		0.037398		0.069903		0
181	0.64254		0.21475		0.035634		0.037258		0.069825		0
182	0.64261		0.21516		0.03554		0.037067		0.06963		0
183	0.64283		0.21545		0.035439		0.036868		0.069419		0
184	0.643		0.21576		0.035342		0.036675		0.069218		0
185	0.64319		0.21606		0.035247		0.036484		0.069022		0
186	0.64334		0.21637		0.035155		0.036298		0.068833		0
187	0.64353		0.21666		0.035059		0.03611		0.068634		0
188	0.64368		0.21698		0.034968		0.035928		0.068446		0
189	0.64384		0.21728		0.034877		0.035747		0.068258		0
190	0.64399		0.21759		0.034783		0.035567		0.068061		0
191	0.64333		0.21819		0.034819		0.035454		0.0682		0
192	0.64324		0.21849		0.034795		0.035291		0.068184		0
193	0.64202		0.2198		0.034789		0.03522		0.068178		0
194	0.64155		0.22065		0.034714		0.035088		0.067997		0
195	0.64265		0.22046		0.03452		0.034847		0.067528		0
196	0.64178		0.22133		0.034539		0.034761		0.067586		0
197	0.64071		0.22242		0.03455		0.034695		0.067631		0
198	0.64037		0.22295		0.034515		0.034594		0.06757		0
199	0.6409		0.22294		0.034411		0.034442		0.067314		0
200	0.64158		0.22284		0.034289		0.034278		0.067011		0
201	0.64237		0.2227		0.034153		0.034106		0.066674		0
202	0.64299		0.22271		0.034019		0.033943		0.066339		0
203	0.64382		0.22259		0.033866		0.033768		0.065956		0
204	0.64429		0.22272		0.033738		0.033617		0.065632		0
205	0.64493		0.22266		0.033615		0.033464		0.065331		0
206	0.64509		0.22291		0.033533		0.033344		0.065127		0
207	0.64549		0.22292		0.033449		0.033215		0.064927		0
208	0.64551		0.22317		0.033397		0.033111		0.064807		0
209	0.6458		0.2232		0.033337		0.032993		0.064671		0
210	0.64577		0.22345		0.0333		0.032894		0.064586		0
211	0.64599		0.22353		0.033242		0.032783		0.064452		0
212	0.64602		0.22378		0.033192		0.032684		0.06433		0
213	0.64634		0.22382		0.03312		0.032568		0.064155		0
214	0.64646		0.22403		0.033056		0.032464		0.063992		0
215	0.64687		0.22404		0.032967		0.032342		0.063771		0
216	0.6471		0.22424		0.032884		0.032229		0.063555		0
217	0.64763		0.22422		0.032775		0.032098		0.063279		0
218	0.64802		0.22435		0.032665		0.031971		0.06299		0
219	0.64884		0.22423		0.032515		0.031815		0.062605		0
220	0.64957		0.22425		0.032352		0.031656		0.062181		0
221	0.65088		0.22384		0.032151		0.03145		0.061672		0
222	0.65211		0.22348		0.031959		0.031266		0.061188		0
223	0.65291		0.22341		0.031794		0.031123		0.060764		0
224	0.65378		0.22326		0.031627		0.030993		0.060338		0
225	0.65465		0.2231		0.031461		0.030875		0.059915		0
226	0.65526		0.22312		0.03131		0.030773		0.059531		0
227	0.65577		0.22321		0.031169		0.030677		0.059172		0
228	0.656		0.2235		0.031045		0.030597		0.058858		0
229	0.65605		0.2239		0.030929		0.030552		0.058566		0
230	0.65652		0.22399		0.030783		0.030496		0.058216		0
231	0.65686		0.22417		0.03064		0.030446		0.057882		0
232	0.65696		0.22453		0.030514		0.030408		0.057592		0
233	0.6576		0.22449		0.030342		0.030352		0.057219		0
234	0.65814		0.22452		0.030179		0.030297		0.056873		0
235	0.65815		0.22486		0.030071		0.030265		0.056651		0
236	0.65796		0.22535		0.02998		0.030245		0.056473		0
237	0.65766		0.22589		0.029901		0.030228		0.056328		0
238	0.65706		0.22663		0.029848		0.030225		0.056244		0
239	0.65663		0.22721		0.029793		0.030205		0.056167		0
240	0.65718		0.22703		0.029686		0.030119		0.055991		0
241	0.65881		0.22602		0.029522		0.029955		0.055695		0
242	0.65961		0.2257		0.029397		0.029814		0.055482		0
243	0.65955		0.22602		0.029329		0.02971		0.055386		0
244	0.65981		0.22606		0.029261		0.029591		0.055284		0
245	0.66011		0.22605		0.029195		0.029468		0.055184		0
246	0.66003		0.22632		0.029146		0.029368		0.055133		0
247	0.65983		0.22669		0.029103		0.029279		0.055105		0
248	0.65948		0.22716		0.02907		0.029198		0.055098		0
249	0.65919		0.22757		0.029036		0.029114		0.055088		0
250	0.65885		0.22802		0.029008		0.029035		0.05509		0
251	0.6585		0.22845		0.028989		0.028961		0.055102		0
252	0.65817		0.22886		0.02897		0.028885		0.055112		0
253	0.65798		0.22917		0.028946		0.028803		0.055107		0
254	0.65773		0.22952		0.028924		0.028723		0.055105		0
255	0.65756		0.22981		0.028897		0.028638		0.055093		0
256	0.65729		0.23019		0.028874		0.028558		0.055089		0
257	0.65707		0.23053		0.028848		0.028474		0.055076		0
258	0.65675		0.23095		0.028827		0.028395		0.055072		0
259	0.65647		0.23135		0.028802		0.028313		0.055062		0
260	0.65608		0.23183		0.028784		0.028235		0.055061		0
261	0.65574		0.23229		0.028763		0.028155		0.055056		0
262	0.65531		0.23281		0.028747		0.028079		0.05506		0
263	0.65498		0.23325		0.02872		0.027997		0.055051		0
264	0.65464		0.23371		0.028693		0.027915		0.055042		0
265	0.65436		0.23412		0.028663		0.02783		0.055028		0
266	0.65397		0.23461		0.02864		0.027751		0.055026		0
267	0.65364		0.23506		0.028614		0.027669		0.055018		0
268	0.65324		0.23556		0.028591		0.027591		0.055019		0
269	0.6529		0.23601		0.028568		0.027511		0.055016		0
270	0.65248		0.23651		0.028549		0.027435		0.055022		0
271	0.65212		0.23697		0.028528		0.027357		0.055023		0
272	0.65169		0.23749		0.028511		0.027283		0.055034		0
273	0.6513		0.23796		0.028491		0.027207		0.055039		0
274	0.65085		0.23849		0.028476		0.027134		0.055054		0
275	0.65044		0.23898		0.028459		0.02706		0.055064		0
276	0.64997		0.23952		0.028446		0.02699		0.055081		0
277	0.64955		0.24		0.028431		0.026917		0.055094		0
278	0.64908		0.24054		0.028418		0.026848		0.055113		0
279	0.64866		0.24103		0.028403		0.026777		0.055126		0
280	0.64818		0.24158		0.028392		0.026709		0.055147		0
281	0.64776		0.24206		0.028378		0.026638		0.055161		0
282	0.64727		0.24261		0.028368		0.026572		0.055184		0
283	0.64684		0.2431		0.028356		0.026503		0.0552		0
284	0.64635		0.24364		0.028347		0.026437		0.055222		0
285	0.64592		0.24413		0.028335		0.02637		0.055239		0
286	0.64541		0.24469		0.028327		0.026306		0.055264		0
287	0.64498		0.24518		0.028315		0.02624		0.055281		0
288	0.64448		0.24573		0.028306		0.026176		0.055304		0
289	0.64407		0.24621		0.028293		0.026109		0.055318		0
290	0.64359		0.24674		0.028281		0.026045		0.055337		0
291	0.64306		0.24728		0.028285		0.02599		0.055377		0
292	0.64154		0.24865		0.028322		0.02597		0.05551		0
293	0.64043		0.24968		0.028349		0.025937		0.055603		0
294	0.63923		0.25079		0.028377		0.025905		0.055697		0
295	0.63878		0.25129		0.028372		0.025845		0.05572		0
296	0.63829		0.25181		0.028368		0.025787		0.055745		0
297	0.63785		0.2523		0.028362		0.025728		0.055766		0
298	0.63736		0.25282		0.028357		0.025671		0.05579		0
299	0.63691		0.25332		0.028351		0.025613		0.055809		0
300	0.63642		0.25385		0.028345		0.025556		0.055832		0
301	0.63595		0.25431		0.028357		0.02551		0.055875		0
302	0.63525		0.25503		0.02836		0.025456		0.055895		0
303	0.63453		0.25576		0.028368		0.025408		0.055931		0
304	0.63378		0.25649		0.028382		0.025366		0.055982		0
305	0.63279		0.2574		0.028404		0.025344		0.05606		0
306	0.63204		0.2581		0.028423		0.025317		0.05612		0
307	0.63207		0.25816		0.028407		0.025261		0.056098		0
308	0.63184		0.25845		0.0284		0.025214		0.056099		0
309	0.63175		0.25861		0.028387		0.025163		0.056087		0
310	0.63145		0.25895		0.028383		0.02512		0.056097		0
311	0.63137		0.25911		0.028369		0.02507		0.056087		0
312	0.63111		0.2594		0.028366		0.025029		0.056099		0
313	0.63113		0.25946		0.028349		0.024976		0.056079		0
314	0.63093		0.25972		0.028341		0.024931		0.056077		0
315	0.63098		0.25977		0.028324		0.024878		0.056053		0
316	0.63083		0.25997		0.028315		0.024833		0.056049		0
317	0.63095		0.25996		0.028296		0.02478		0.05602		0
318	0.63088		0.26009		0.028284		0.024732		0.056007		0
319	0.63109		0.26001		0.02826		0.024676		0.05597		0
320	0.63108		0.26009		0.028247		0.024628		0.055955		0
321	0.63136		0.25994		0.028222		0.024571		0.055915		0
322	0.63143		0.25995		0.028205		0.024521		0.055894		0
323	0.63178		0.25973		0.028178		0.024462		0.055849		0
324	0.63195		0.25966		0.028158		0.02441		0.05582		0
325	0.63236		0.25939		0.028128		0.02435		0.055769		0
326	0.63253		0.25932		0.028109		0.024298		0.055742		0
327	0.6329		0.25907		0.028082		0.024241		0.055699		0
328	0.63303		0.25903		0.028066		0.024191		0.055678		0
329	0.63336		0.25882		0.028041		0.024136		0.055639		0
330	0.6334		0.25885		0.028028		0.02409		0.055626		0
331	0.63359		0.25876		0.02801		0.02404		0.055601		0
332	0.63352		0.25887		0.028002		0.024		0.0556		0
333	0.63368		0.25881		0.027984		0.023951		0.055578		0
334	0.63356		0.25897		0.027978		0.023913		0.055581		0
335	0.63364		0.25896		0.027963		0.023867		0.055563		0
336	0.63344		0.2592		0.02796		0.02383		0.05557		0
337	0.63343		0.25927		0.027948		0.023788		0.055558		0
338	0.63314		0.25959		0.027947		0.023754		0.055569		0
339	0.63305		0.25974		0.027938		0.023714		0.055562		0
340	0.63272		0.26008		0.027937		0.023682		0.055575		0
341	0.63262		0.26024		0.027928		0.023643		0.055568		0
342	0.63227		0.26061		0.027928		0.023611		0.055583		0
343	0.63216		0.26077		0.027918		0.023573		0.055576		0
344	0.6318		0.26115		0.027918		0.023542		0.055591		0
345	0.63166		0.26134		0.02791		0.023505		0.055586		0
346	0.63127		0.26174		0.027911		0.023476		0.055603		0
347	0.63112		0.26194		0.027903		0.023441		0.0556		0
348	0.63075		0.26232		0.027904		0.023412		0.055618		0
349	0.63062		0.2625		0.027892		0.023376		0.055613		0
350	0.63028		0.26286		0.027889		0.023347		0.055628		0
351	0.63017		0.26302		0.027876		0.023311		0.055621		0
352	0.62984		0.26337		0.027872		0.023283		0.055635		0
353	0.6297		0.26356		0.02786		0.023248		0.055631		0
354	0.62933		0.26394		0.027858		0.023222		0.055648		0
355	0.62917		0.26415		0.027847		0.023189		0.055646		0
356	0.62879		0.26454		0.027845		0.023164		0.055665		0
357	0.62863		0.26474		0.027835		0.023133		0.055664		0
358	0.62826		0.26512		0.027833		0.023109		0.055683		0
359	0.62807		0.26534		0.027824		0.023079		0.055685		0
360	0.62768		0.26574		0.027824		0.023057		0.055707		0
361	0.62751		0.26594		0.027811		0.023027		0.055705		0
362	0.62715		0.26631		0.027807		0.023004		0.055721		0
363	0.62699		0.26652		0.027795		0.022976		0.05572		0
364	0.6266		0.26691		0.027792		0.022955		0.055739		0
365	0.62642		0.26712		0.027781		0.022929		0.055741		0
366	0.62604		0.26752		0.027779		0.02291		0.055761		0
367	0.62584		0.26774		0.027769		0.022886		0.055765		0
368	0.62544		0.26814		0.027767		0.022868		0.055787		0
369	0.62524		0.26836		0.027758		0.022846		0.055792		0
370	0.62484		0.26876		0.027757		0.02283		0.055816		0
371	0.62463		0.26899		0.027749		0.02281		0.055823		0
372	0.62423		0.26938		0.027749		0.022796		0.055848		0
373	0.62402		0.2696		0.027741		0.022778		0.055855		0
374	0.62362		0.27		0.027741		0.022766		0.055881		0
375	0.6234		0.27023		0.027734		0.022749		0.055891		0
376	0.62299		0.27062		0.027735		0.02274		0.055918		0
377	0.62277		0.27085		0.027729		0.022725		0.055929		0
378	0.62236		0.27123		0.02773		0.022717		0.055956		0
379	0.62214		0.27147		0.027725		0.022705		0.055969		0
380	0.62171		0.27186		0.027727		0.022699		0.055999		0
381	0.62148		0.27209		0.027722		0.022689		0.056013		0
382	0.62106		0.27249		0.027725		0.022686		0.056044		0
383	0.62082		0.27273		0.027721		0.022678		0.056059		0
384	0.62039		0.27312		0.027724		0.022676		0.056091		0
385	0.62015		0.27335		0.027721		0.02267		0.056107		0
386	0.61972		0.27375		0.027725		0.022671		0.05614		0
387	0.61947		0.27398		0.027722		0.022667		0.056158		0
388	0.61903		0.27438		0.027727		0.022669		0.056192		0
389	0.61878		0.27461		0.027725		0.022667		0.05621		0
390	0.61835		0.27501		0.027729		0.022671		0.056245		0
391	0.61809		0.27524		0.027728		0.02267		0.056264		0
392	0.61766		0.27563		0.027732		0.022675		0.056299		0
393	0.6174		0.27587		0.027731		0.022676		0.056319		0
394	0.61697		0.27626		0.027736		0.022682		0.056354		0
395	0.61671		0.2765		0.027735		0.022684		0.056375		0
396	0.61627		0.27688		0.02774		0.022691		0.056411		0
397	0.61601		0.27712		0.02774		0.022694		0.056432		0
398	0.61558		0.27751		0.027745		0.022702		0.056468		0
399	0.61532		0.27774		0.027744		0.022706		0.056489		0
400	0.61489		0.27812		0.02775		0.022714		0.056525		0
401	0.61462		0.27836		0.027749		0.022718		0.056546		0
402	0.6142		0.27874		0.027754		0.022727		0.056582		0
403	0.61393		0.27898		0.027754		0.022731		0.056603		0
404	0.61352		0.27935		0.027759		0.02274		0.056638		0
405	0.61325		0.27958		0.027759		0.022745		0.05666		0
406	0.61283		0.27995		0.027764		0.022754		0.056695		0
407	0.61258		0.28019		0.027763		0.022759		0.056716		0
408	0.61216		0.28055		0.027768		0.022769		0.056751		0
409	0.6119		0.28078		0.027767		0.022773		0.056772		0
410	0.61149		0.28115		0.027772		0.022783		0.056806		0
411	0.61124		0.28138		0.027771		0.022788		0.056827		0
412	0.61083		0.28174		0.027776		0.022797		0.056861		0
413	0.61057		0.28197		0.027775		0.022802		0.056882		0
414	0.61018		0.28232		0.027779		0.022811		0.056915		0
415	0.60992		0.28255		0.027778		0.022816		0.056936		0
416	0.60953		0.2829		0.027783		0.022825		0.056969		0
417	0.60928		0.28312		0.027781		0.02283		0.056989		0
418	0.60888		0.28347		0.027785		0.022839		0.057022		0
419	0.60864		0.28369		0.027784		0.022844		0.057042		0
420	0.60825		0.28404		0.027788		0.022853		0.057074		0
421	0.608		0.28426		0.027787		0.022857		0.057093		0
422	0.60762		0.2846		0.02779		0.022866		0.057125		0
423	0.60737		0.28482		0.027789		0.022871		0.057145		0
424	0.60699		0.28516		0.027792		0.022879		0.057175		0
425	0.60675		0.28538		0.02779		0.022884		0.057195		0
426	0.60637		0.28572		0.027794		0.022892		0.057226		0
427	0.60613		0.28594		0.027792		0.022897		0.057245		0
428	0.60575		0.28628		0.027795		0.022905		0.057276		0
429	0.60551		0.28649		0.027793		0.02291		0.057295		0
430	0.60514		0.28682		0.027796		0.022918		0.057325		0
431	0.6049		0.28704		0.027794		0.022923		0.057344		0
432	0.60453		0.28737		0.027797		0.022931		0.057373		0
433	0.60429		0.28759		0.027795		0.022935		0.057392		0
434	0.60393		0.28791		0.027797		0.022943		0.05742		0
435	0.6037		0.28812		0.027795		0.022947		0.057439		0
436	0.60334		0.28844		0.027797		0.022955		0.057467		0
437	0.6031		0.28866		0.027795		0.022959		0.057485		0
438	0.60275		0.28897		0.027797		0.022967		0.057513		0
439	0.60252		0.28918		0.027795		0.022971		0.057531		0
440	0.60217		0.2895		0.027797		0.022978		0.057559		0
441	0.60194		0.28971		0.027794		0.022982		0.057576		0
442	0.60159		0.29002		0.027796		0.02299		0.057604		0
443	0.60136		0.29023		0.027793		0.022994		0.057621		0
444	0.60102		0.29053		0.027795		0.023001		0.057647		0
445	0.6008		0.29074		0.027792		0.023005		0.057665		0
446	0.60046		0.29105		0.027793		0.023012		0.057691		0
447	0.60024		0.29125		0.02779		0.023015		0.057708		0
448	0.5999		0.29155		0.027791		0.023022		0.057733		0
449	0.59968		0.29175		0.027789		0.023026		0.05775		0
450	0.59935		0.29205		0.027789		0.023033		0.057775		0
451	0.59913		0.29226		0.027786		0.023036		0.057791		0
452	0.5988		0.29255		0.027787		0.023043		0.057816		0
453	0.59858		0.29275		0.027784		0.023046		0.057833		0
454	0.59824		0.29306		0.027788		0.023054		0.05786		0
455	0.59771		0.29352		0.027798		0.023068		0.05791		0
456	0.59733		0.29385		0.027803		0.023076		0.057939		0
457	0.59681		0.2943		0.027813		0.02309		0.057989		0
458	0.59625		0.29478		0.027825		0.023103		0.058037		0
459	0.59595		0.29505		0.027828		0.023109		0.058062		0
460	0.59565		0.29532		0.02783		0.023115		0.058086		0
461	0.59545		0.2955		0.027829		0.023118		0.058102		0
462	0.59515		0.29577		0.027831		0.023124		0.058125		0
463	0.59495		0.29596		0.027829		0.023127		0.05814		0
464	0.59464		0.29624		0.027831		0.023132		0.058163		0
465	0.59443		0.29643		0.027829		0.023135		0.058177		0
466	0.59412		0.29671		0.027828		0.023139		0.058197		0
467	0.5939		0.29692		0.027826		0.023142		0.058211		0
468	0.59358		0.29722		0.027825		0.023146		0.058229		0
469	0.5928		0.29785		0.027858		0.023173		0.058321		0
470	0.59022		0.30001		0.027949		0.02325		0.058574		0
471	0.58831		0.3017		0.027996		0.023291		0.05871		0
472	0.58714		0.30263		0.028049		0.023334		0.058856		0
473	0.5861		0.30354		0.028077		0.023356		0.058929		0
474	0.58544		0.30412		0.028092		0.023369		0.058974		0
475	0.58524		0.30431		0.028093		0.023371		0.058986		0
476	0.58501		0.30453		0.028095		0.023373		0.059		0
477	0.58487		0.30466		0.028093		0.023373		0.059007		0
478	0.5847		0.30482		0.028093		0.023374		0.059015		0
479	0.58465		0.30488		0.028087		0.023371		0.059012		0
480	0.58455		0.30498		0.028084		0.023369		0.059012		0
481	0.58457		0.30499		0.028078		0.023363		0.059004		0
482	0.58454		0.30503		0.028072		0.023359		0.058999		0
483	0.58463		0.30497		0.028063		0.023352		0.058986		0
484	0.58469		0.30494		0.028055		0.023345		0.058974		0
485	0.58489		0.30479		0.028042		0.023334		0.05895		0
486	0.58503		0.30468		0.028031		0.023325		0.058932		0
487	0.58529		0.30447		0.028016		0.023312		0.058906		0
488	0.5855		0.30431		0.028003		0.023302		0.058884		0
489	0.58583		0.30404		0.027987		0.023288		0.058854		0
490	0.58609		0.30383		0.027973		0.023276		0.058828		0
491	0.58647		0.30352		0.027955		0.023261		0.058793		0
492	0.58677		0.30328		0.027939		0.023247		0.058764		0
493	0.58713		0.30299		0.027922		0.023233		0.058731		0
494	0.58735		0.30281		0.02791		0.023222		0.058711		0
495	0.58761		0.30259		0.027897		0.023211		0.058688		0
496	0.58777		0.30247		0.027887		0.023202		0.058673		0
497	0.58789		0.30238		0.027877		0.023194		0.05866		0
498	0.58787		0.30241		0.027872		0.02319		0.058657		0
499	0.58792		0.30239		0.027865		0.023184		0.05865		0
500	0.58786		0.30245		0.027861		0.023181		0.058649		0
501	0.58785		0.30248		0.027854		0.023175		0.058641		0
502	0.58769		0.30264		0.027852		0.023173		0.058643		0
503	0.5875		0.30283		0.027851		0.023173		0.058649		0
504	0.58716		0.30314		0.027857		0.023178		0.058672		0
505	0.58694		0.30334		0.027859		0.02318		0.058684		0
506	0.58663		0.30362		0.027863		0.023184		0.058702		0
507	0.58639		0.30384		0.027865		0.023186		0.058715		0
508	0.58609		0.30412		0.027871		0.023192		0.058736		0
509	0.58586		0.30432		0.027875		0.023196		0.058752		0
510	0.58564		0.30453		0.027874		0.023199		0.058759		0
511	0.58563		0.30463		0.02785		0.023183		0.058702		0
512	0.58535		0.30497		0.027833		0.023174		0.058671		0
513	0.58516		0.30522		0.027817		0.023165		0.058644		0
514	0.58482		0.30558		0.027807		0.023161		0.058638		0
515	0.58486		0.30563		0.02778		0.023143		0.058592		0
516	0.58473		0.30581		0.02776		0.023132		0.058569		0
517	0.58456		0.30602		0.027741		0.023122		0.058554		0
518	0.58434		0.30627		0.027725		0.023116		0.058549		0
519	0.58398		0.30663		0.027716		0.023114		0.058556		0
520	0.58355		0.30706		0.02771		0.023115		0.058571		0
521	0.58304		0.30754		0.027707		0.023119		0.058594		0
522	0.5825		0.30805		0.027708		0.023125		0.05862		0
523	0.58194		0.30857		0.027709		0.023133		0.05865		0
524	0.58134		0.30913		0.027713		0.023141		0.058683		0
525	0.58075		0.30968		0.027711		0.023148		0.058708		0
526	0.58018		0.31022		0.027709		0.023155		0.058731		0
527	0.57969		0.31069		0.027704		0.023159		0.058748		0
528	0.5792		0.31117		0.027701		0.023164		0.058768		0
529	0.57874		0.31161		0.027696		0.023169		0.058787		0
530	0.5783		0.31203		0.027692		0.023174		0.058804		0
531	0.5779		0.31242		0.027686		0.023178		0.05882		0
532	0.5775		0.3128		0.027681		0.023182		0.058837		0
533	0.57711		0.31318		0.027676		0.023186		0.058854		0
534	0.57673		0.31354		0.02767		0.02319		0.05887		0
535	0.57636		0.31389		0.027664		0.023193		0.058886		0
536	0.57602		0.31423		0.027658		0.023197		0.058902		0
537	0.57571		0.31453		0.027651		0.023199		0.058916		0
538	0.57541		0.31482		0.027644		0.023202		0.058929		0
539	0.57511		0.3151		0.027636		0.023204		0.058942		0
540	0.57484		0.31537		0.027628		0.023205		0.058953		0
541	0.57449		0.31572		0.027624		0.023208		0.058967		0
542	0.5735		0.31657		0.027644		0.023232		0.059052		0
543	0.57287		0.31714		0.02765		0.023243		0.059094		0
544	0.57229		0.31768		0.027653		0.023252		0.059127		0
545	0.57204		0.31792		0.027648		0.023254		0.059139		0
546	0.57177		0.31818		0.027644		0.023256		0.059152		0
547	0.5715		0.31843		0.02764		0.023259		0.059167		0
548	0.57123		0.31869		0.027636		0.023261		0.059182		0
549	0.57096		0.31895		0.027632		0.023264		0.059197		0
550	0.57068		0.31921		0.027629		0.023268		0.059213		0
551	0.57041		0.31946		0.027625		0.023271		0.059228		0
552	0.57014		0.31972		0.027622		0.023274		0.059244		0
553	0.56981		0.32002		0.027623		0.023277		0.059265		0
554	0.56967		0.32024		0.027601		0.023263		0.059223		0
555	0.56812		0.32149		0.027662		0.023317		0.059408		0
556	0.56701		0.32243		0.027694		0.023348		0.05951		0
557	0.56698		0.32252		0.027678		0.023341		0.059482		0
558	0.56609		0.32321		0.02772		0.023375		0.05961		0
559	0.56478		0.32439		0.027744		0.023398		0.059689		0
560	0.56366		0.32539		0.027771		0.02342		0.059764		0
561	0.5634		0.32564		0.027771		0.023421		0.05977		0
562	0.56314		0.32589		0.02777		0.023421		0.059774		0
563	0.56295		0.32609		0.027767		0.023419		0.059772		0
564	0.56275		0.3263		0.027762		0.023417		0.05977		0
565	0.5626		0.32647		0.027756		0.023414		0.059764		0
566	0.56238		0.32668		0.027754		0.023414		0.059771		0
567	0.56227		0.3268		0.027751		0.023413		0.059773		0
568	0.5621		0.32697		0.027749		0.023413		0.059775		0
569	0.56204		0.32705		0.027743		0.023408		0.059762		0
570	0.56197		0.32715		0.027735		0.023402		0.059745		0
571	0.5619		0.32725		0.027728		0.023396		0.05973		0
572	0.56181		0.32735		0.027722		0.023391		0.059719		0
573	0.56177		0.32742		0.027716		0.023386		0.059707		0
574	0.56172		0.32749		0.027712		0.023382		0.0597		0
575	0.56172		0.32751		0.027708		0.023378		0.059692		0
576	0.56172		0.32752		0.027704		0.023373		0.059683		0
577	0.56176		0.3275		0.027698		0.023368		0.059669		0
578	0.56182		0.32748		0.027691		0.023361		0.059651		0
579	0.56193		0.32741		0.027682		0.023353		0.059627		0
580	0.56205		0.32734		0.027671		0.023343		0.059598		0
581	0.56224		0.32721		0.027655		0.023329		0.059557		0
582	0.56252		0.32704		0.027633		0.02331		0.059498		0
583	0.563		0.32669		0.027603		0.023285		0.059424		0
584	0.56343		0.32636		0.027579		0.023264		0.059369		0
585	0.56389		0.326		0.027552		0.023241		0.05931		0
586	0.56435		0.32566		0.027524		0.023218		0.059249		0
587	0.56503		0.32513		0.027487		0.023187		0.059165		0
588	0.56569		0.32461		0.027452		0.023157		0.059087		0
589	0.5663		0.32412		0.027421		0.023132		0.059022		0
590	0.56684		0.32369		0.027395		0.02311		0.058969		0
591	0.56726		0.32337		0.027366		0.023087		0.058914		0
592	0.56792		0.3229		0.027317		0.023049		0.058812		0
593	0.56856		0.3225		0.027257		0.023003		0.058686		0
594	0.5689		0.32231		0.027213		0.02297		0.058602		0
595	0.56938		0.32209		0.027142		0.022917		0.058463		0
596	0.57016		0.32165		0.027053		0.02285		0.058281		0
597	0.57077		0.32127		0.02699		0.022804		0.058163		0
598	0.57108		0.32106		0.026958		0.022784		0.058117		0
599	0.57124		0.32096		0.026935		0.022772		0.058092		0
600	0.57118		0.321		0.026934		0.022776		0.058111		0
601	0.57113		0.321		0.026937		0.022786		0.058144		0
602	0.57142		0.3207		0.026936		0.022793		0.058158		0
603	0.5733		0.31905		0.02688		0.022754		0.058017		0
604	0.57345		0.31907		0.026841		0.02273		0.057907		0
605	0.5735		0.3192		0.026799		0.022704		0.057792		0
606	0.57347		0.3194		0.02676		0.022678		0.057689		0
607	0.574		0.31912		0.026702		0.022638		0.057548		0
608	0.57449		0.31884		0.026646		0.022598		0.057422		0
609	0.57481		0.31868		0.026602		0.022569		0.057339		0
610	0.57509		0.31851		0.026566		0.022546		0.057281		0
611	0.57525		0.31843		0.026539		0.022531		0.057248		0
612	0.57541		0.31835		0.026512		0.022516		0.057216		0
613	0.57554		0.31828		0.026487		0.022503		0.057188		0
614	0.57568		0.3182		0.026463		0.022491		0.057162		0
615	0.57575		0.31815		0.026451		0.022485		0.057156		0
616	0.57591		0.31803		0.026436		0.022477		0.057138		0
617	0.57602		0.31798		0.026421		0.022469		0.057119		0
618	0.57609		0.31794		0.026407		0.022462		0.057099		0
619	0.57609		0.31798		0.026393		0.022455		0.057081		0
620	0.57609		0.31802		0.026379		0.022449		0.05706		0
621	0.57602		0.31812		0.026367		0.022444		0.057044		0
622	0.57597		0.31821		0.026354		0.022438		0.057025		0
623	0.57586		0.31835		0.026342		0.022433		0.05701		0
624	0.57579		0.31846		0.02633		0.022427		0.056993		0
625	0.57571		0.31858		0.026313		0.022421		0.056974		0
626	0.57567		0.31867		0.026294		0.022413		0.056953		0
627	0.57556		0.31882		0.026277		0.022407		0.056936		0
628	0.57548		0.31894		0.02626		0.0224		0.056918		0
629	0.57535		0.31911		0.026245		0.022394		0.056905		0
630	0.57526		0.31923		0.026228		0.022388		0.056891		0
631	0.57511		0.31941		0.026214		0.022384		0.056883		0
632	0.57497		0.31958		0.0262		0.022379		0.056876		0
633	0.57479		0.31977		0.026187		0.022376		0.056872		0
634	0.57466		0.31992		0.026174		0.022372		0.056868		0
635	0.57448		0.32012		0.026162		0.022369		0.056868		0
636	0.57434		0.32028		0.02615		0.022365		0.056866		0
637	0.57414		0.32049		0.02614		0.022364		0.05687		0
638	0.57397		0.32067		0.026129		0.022361		0.056873		0
639	0.57377		0.32088		0.026119		0.02236		0.056878		0
640	0.57358		0.32107		0.026109		0.022358		0.056883		0
641	0.57337		0.32128		0.0261		0.022357		0.05689		0
642	0.57321		0.32145		0.026091		0.022356		0.056895		0
643	0.57298		0.32168		0.026083		0.022356		0.056905		0
644	0.57279		0.32187		0.026074		0.022355		0.056913		0
645	0.57258		0.32208		0.026067		0.022355		0.056922		0
646	0.57241		0.32225		0.026058		0.022354		0.056929		0
647	0.57218		0.32247		0.026051		0.022355		0.05694		0
648	0.57199		0.32266		0.026043		0.022354		0.056948		0
649	0.57175		0.32289		0.02604		0.022356		0.056963		0
650	0.5712		0.32338		0.026046		0.022367		0.057007		0
651	0.57102		0.32356		0.026038		0.022367		0.057014		0
652	0.57068		0.32387		0.026041		0.022373		0.057044		0
653	0.57028		0.32424		0.026043		0.022378		0.057068		0
654	0.57002		0.32447		0.026041		0.022383		0.057091		0
655	0.56879		0.32555		0.026068		0.022409		0.057183		0
656	0.56787		0.32638		0.026082		0.022425		0.05724		0
657	0.56758		0.32666		0.026081		0.022428		0.057257		0
658	0.56737		0.32686		0.026077		0.02243		0.057267		0
659	0.56713		0.32708		0.026074		0.022431		0.057279		0
660	0.56693		0.32728		0.02607		0.022432		0.057287		0
661	0.5667		0.32751		0.026066		0.022433		0.057297		0
662	0.56649		0.32771		0.02606		0.022433		0.057304		0
663	0.56627		0.32793		0.026054		0.022433		0.057309		0
664	0.56609		0.32813		0.026046		0.02243		0.057308		0
665	0.56542		0.32866		0.026075		0.022455		0.057392		0
666	0.5645		0.3295		0.026092		0.02247		0.057438		0
667	0.56402		0.32995		0.026095		0.022476		0.057461		0
668	0.56383		0.33012		0.026098		0.022477		0.057472		0
669	0.56378		0.33018		0.026094		0.022475		0.057467		0
670	0.56373		0.33024		0.02609		0.022472		0.057461		0
671	0.56368		0.33031		0.026086		0.022469		0.057457		0
672	0.56366		0.33034		0.026081		0.022466		0.057452		0
673	0.56365		0.33037		0.026076		0.022463		0.057448		0
674	0.56369		0.33034		0.02607		0.022459		0.057441		0
675	0.56373		0.33033		0.026062		0.022454		0.057428		0
676	0.56381		0.33027		0.026054		0.022447		0.057413		0
677	0.56391		0.3302		0.026045		0.02244		0.057398		0
678	0.56406		0.33009		0.026036		0.022433		0.05738		0
679	0.56424		0.32995		0.026025		0.022424		0.057359		0
680	0.5645		0.32974		0.026013		0.022413		0.057333		0
681	0.56474		0.32955		0.026001		0.022403		0.057311		0
682	0.56504		0.3293		0.025988		0.022391		0.057284		0
683	0.56535		0.32904		0.025974		0.02238		0.057258		0
684	0.56572		0.32873		0.02596		0.022368		0.057228		0
685	0.56608		0.32842		0.025945		0.022355		0.057199		0
686	0.56652		0.32805		0.025929		0.022341		0.057165		0
687	0.56693		0.3277		0.025913		0.022327		0.057132		0
688	0.56731		0.32737		0.025899		0.022315		0.057104		0
689	0.56765		0.32708		0.025886		0.022303		0.057078		0
690	0.56798		0.3268		0.025874		0.022292		0.057053		0
691	0.56824		0.32658		0.025863		0.022282		0.057032		0
692	0.56848		0.32638		0.025853		0.022273		0.057014		0
693	0.56863		0.32626		0.025844		0.022266		0.057001		0
694	0.56876		0.32615		0.025837		0.02226		0.056991		0
695	0.56886		0.32607		0.025831		0.022255		0.056983		0
696	0.56897		0.32598		0.025825		0.02225		0.056975		0
697	0.569		0.32596		0.02582		0.022247		0.056971		0
698	0.56902		0.32595		0.025816		0.022244		0.056967		0
699	0.56896		0.32602		0.025813		0.022242		0.056967		0
700	0.56895		0.32603		0.02581		0.02224		0.056967		0
701	0.56897		0.32603		0.025805		0.022238		0.056962		0
702	0.56896		0.32604		0.025802		0.022237		0.056963		0
703	0.56899		0.32601		0.025799		0.022236		0.056962		0
704	0.56905		0.32597		0.025794		0.022234		0.056959		0
705	0.56905		0.32597		0.025791		0.022233		0.056958		0
706	0.56908		0.32595		0.025787		0.022231		0.056955		0
707	0.56908		0.32596		0.025783		0.02223		0.056955		0
708	0.56911		0.32593		0.025778		0.022227		0.056951		0
709	0.56907		0.32598		0.025776		0.022227		0.056953		0
710	0.56905		0.326		0.025772		0.022226		0.056952		0
711	0.56902		0.32604		0.025766		0.022225		0.056953		0
712	0.56904		0.32603		0.025758		0.022222		0.056949		0
713	0.56901		0.32607		0.025751		0.02222		0.056947		0
714	0.569		0.32609		0.025743		0.022218		0.056943		0
715	0.56893		0.32617		0.025737		0.022216		0.056942		0
716	0.5689		0.32621		0.025729		0.022214		0.05694		0
717	0.56883		0.3263		0.025723		0.022213		0.05694		0
718	0.56879		0.32635		0.025716		0.02221		0.056939		0
719	0.5687		0.32644		0.02571		0.022209		0.05694		0
720	0.56865		0.3265		0.025703		0.022208		0.05694		0
721	0.56856		0.32659		0.025697		0.022207		0.056942		0
722	0.56849		0.32667		0.025691		0.022205		0.056943		0
723	0.56841		0.32676		0.025682		0.022203		0.056941		0
724	0.56835		0.32684		0.025673		0.022201		0.056939		0
725	0.56825		0.32694		0.025665		0.022199		0.056938		0
726	0.56819		0.32702		0.025656		0.022197		0.056936		0
727	0.5681		0.32713		0.025648		0.022195		0.056935		0
728	0.56803		0.3272		0.025639		0.022193		0.056934		0
729	0.56793		0.32731		0.025631		0.022191		0.056935		0
730	0.56785		0.3274		0.025623		0.02219		0.056935		0
731	0.56775		0.32751		0.025615		0.022188		0.056936		0
732	0.56767		0.3276		0.025607		0.022187		0.056937		0
733	0.56757		0.3277		0.025599		0.022186		0.056939		0
734	0.56751		0.32777		0.025591		0.022184		0.056939		0
735	0.56743		0.32787		0.025583		0.022182		0.05694		0
736	0.56736		0.32794		0.025575		0.02218		0.056941		0
737	0.56727		0.32804		0.025568		0.022179		0.056943		0
738	0.56719		0.32812		0.02556		0.022178		0.056945		0
739	0.56709		0.32823		0.025553		0.022177		0.056948		0
740	0.56702		0.32831		0.025545		0.022176		0.05695		0
741	0.56691		0.32842		0.025538		0.022175		0.056953		0
742	0.56684		0.3285		0.02553		0.022173		0.056955		0
743	0.56674		0.32861		0.025523		0.022173		0.056959		0
744	0.56667		0.32869		0.025515		0.022171		0.05696		0
745	0.56657		0.32879		0.025508		0.02217		0.056964		0
746	0.5665		0.32886		0.0255		0.022169		0.056965		0
747	0.5664		0.32897		0.025493		0.022168		0.056969		0
748	0.56633		0.32904		0.025485		0.022167		0.056971		0
749	0.56624		0.32914		0.025478		0.022166		0.056974		0
750	0.56618		0.32921		0.02547		0.022165		0.056976		0
751	0.56608		0.32931		0.025463		0.022164		0.056979		0
752	0.56602		0.32938		0.025455		0.022163		0.056981		0
753	0.56592		0.32948		0.025448		0.022162		0.056984		0
