0	0.2		0.2		0.2		0.2		0.2		0
1	0.2		0.19972		0.2007		0.19974		0.19983		2
2	0.2		0.19942		0.20149		0.19944		0.19965		2
3	0.19997		0.19907		0.20242		0.1991		0.19943		2
4	0.19992		0.19867		0.20354		0.1987		0.19917		2
5	0.19983		0.19818		0.20493		0.19822		0.19884		2
6	0.19967		0.19759		0.2067		0.19763		0.19841		2
7	0.19942		0.19686		0.20898		0.19689		0.19786		2
8	0.19907		0.19596		0.21182		0.19598		0.19716		2
9	0.19869		0.19493		0.21506		0.19495		0.19637		2
10	0.19835		0.19383		0.21847		0.19383		0.19552		2
11	0.19812		0.19264		0.22198		0.19262		0.19464		2
12	0.19806		0.19138		0.22551		0.19133		0.19373		2
13	0.19831		0.19		0.22898		0.18992		0.19279		2
14	0.19906		0.18848		0.23227		0.18837		0.19182		2
15	0.20051		0.18678		0.23527		0.18662		0.19082		2
16	0.20253		0.18493		0.23796		0.18472		0.18987		2
17	0.20479		0.18298		0.24042		0.18271		0.1891		2
18	0.20729		0.18095		0.24261		0.18061		0.18853		2
19	0.21018		0.17885		0.24452		0.17841		0.18803		2
20	0.21351		0.17672		0.24616		0.17616		0.18746		2
21	0.21709		0.1746		0.24761		0.17389		0.1868		2
22	0.22072		0.17258		0.24896		0.17167		0.18607		2
23	0.22438		0.17067		0.25019		0.1695		0.18527		2
24	0.22803		0.16892		0.25128		0.16738		0.18439		2
25	0.23164		0.16739		0.25221		0.16532		0.18343		2
26	0.23518		0.16617		0.25293		0.16335		0.18237		2
27	0.23861		0.1653		0.25342		0.16147		0.18121		2
28	0.24193		0.16469		0.25369		0.15973		0.17995		2
29	0.24519		0.16418		0.25382		0.15817		0.17864		2
30	0.24844		0.16366		0.25384		0.15677		0.17729		2
31	0.25169		0.16311		0.25378		0.1555		0.17592		2
32	0.25498		0.16253		0.25367		0.15429		0.17453		0
33	0.25831		0.16194		0.25354		0.15308		0.17313		0
34	0.26169		0.16132		0.25338		0.15187		0.17173		0
35	0.26512		0.16069		0.25322		0.15065		0.17032		0
36	0.26861		0.16003		0.25304		0.14942		0.16889		0
37	0.27215		0.15935		0.25288		0.14817		0.16745		0
38	0.27572		0.15864		0.25276		0.14689		0.16599		0
39	0.2793		0.1579		0.25272		0.14559		0.16449		0
40	0.28287		0.1571		0.25283		0.14424		0.16296		0
41	0.28633		0.15624		0.25324		0.14284		0.16135		0
42	0.28951		0.15527		0.25425		0.14134		0.15964		0
43	0.29212		0.15412		0.25632		0.13969		0.15775		0
44	0.29415		0.15283		0.2594		0.13791		0.1557		0
45	0.29604		0.15154		0.26264		0.13613		0.15366		0
46	0.29786		0.15029		0.26586		0.13435		0.15163		0
47	0.2996		0.14911		0.26906		0.13259		0.14964		0
48	0.30124		0.148		0.27225		0.13084		0.14767		0
49	0.30275		0.147		0.2754		0.12912		0.14573		0
50	0.30414		0.14613		0.2785		0.12741		0.14383		0
51	0.3054		0.1454		0.28153		0.12571		0.14196		0
52	0.30652		0.14482		0.2845		0.12404		0.14012		0
53	0.30752		0.14433		0.28743		0.12239		0.13833		0
54	0.30844		0.14388		0.29034		0.12077		0.13657		0
55	0.30929		0.14343		0.29324		0.11917		0.13487		0
56	0.31009		0.14297		0.29614		0.1176		0.1332		0
57	0.31084		0.1425		0.29903		0.11605		0.13158		0
58	0.31152		0.14201		0.30193		0.11453		0.13001		0
59	0.31216		0.1415		0.30483		0.11303		0.12848		0
60	0.31275		0.14099		0.30773		0.11155		0.12698		0
61	0.3133		0.14046		0.31062		0.1101		0.12552		0
62	0.31381		0.13991		0.31351		0.10868		0.12409		0
63	0.31428		0.13936		0.3164		0.10728		0.12269		2
64	0.31471		0.13879		0.3193		0.1059		0.12131		2
65	0.31511		0.13821		0.32219		0.10454		0.11996		2
66	0.31549		0.13761		0.32507		0.1032		0.11862		2
67	0.31584		0.13701		0.32795		0.10189		0.11731		2
68	0.31618		0.13639		0.33083		0.10059		0.11601		2
69	0.3165		0.13576		0.33369		0.099318		0.11473		2
70	0.31682		0.13512		0.33653		0.098061		0.11346		2
71	0.31716		0.13447		0.33934		0.096823		0.11221		2
72	0.31752		0.1338		0.34211		0.095602		0.11097		2
73	0.31792		0.13312		0.34483		0.094397		0.10974		2
74	0.31838		0.13241		0.34747		0.093206		0.10853		2
75	0.31895		0.13169		0.35001		0.092027		0.10732		2
76	0.31967		0.13094		0.35242		0.090858		0.10611		2
77	0.32058		0.13016		0.35465		0.089698		0.10491		2
78	0.32168		0.12936		0.3567		0.088546		0.10371		2
79	0.32294		0.12853		0.35861		0.087406		0.10252		2
80	0.32425		0.12769		0.36043		0.086282		0.10135		2
81	0.32556		0.12686		0.36221		0.08518		0.10019		2
82	0.32685		0.12602		0.36397		0.084099		0.099057		2
83	0.32812		0.12519		0.36571		0.083038		0.097943		2
84	0.32937		0.12436		0.36743		0.081997		0.096849		2
85	0.3306		0.12353		0.36913		0.080976		0.095775		2
86	0.3318		0.1227		0.3708		0.079975		0.094719		2
87	0.33299		0.12188		0.37246		0.078993		0.093683		2
88	0.33416		0.12105		0.3741		0.078028		0.092664		2
89	0.3353		0.12023		0.37572		0.077082		0.091664		2
90	0.33643		0.11942		0.37731		0.076154		0.090681		2
91	0.33754		0.11861		0.37889		0.075244		0.089715		2
92	0.33863		0.1178		0.38045		0.07435		0.088766		2
93	0.3397		0.117		0.38199		0.073473		0.087832		2
94	0.34076		0.1162		0.38351		0.072612		0.086914		2
95	0.34175		0.11548		0.38495		0.071796		0.08603		2
96	0.34276		0.11473		0.38639		0.070978		0.085138		2
97	0.34374		0.114		0.38782		0.070179		0.084266		2
98	0.34469		0.11328		0.38922		0.069397		0.083411		2
99	0.34563		0.11256		0.39061		0.068631		0.082572		2
100	0.34655		0.11185		0.39198		0.067881		0.081747		2
101	0.34745		0.11114		0.39333		0.067144		0.080935		2
102	0.34834		0.11044		0.39466		0.066422		0.080135		2
103	0.34922		0.10974		0.39598		0.065711		0.079347		2
104	0.35008		0.10905		0.39728		0.065015		0.078572		2
105	0.35093		0.10837		0.39856		0.064335		0.077808		2
106	0.3517		0.10785		0.39963		0.063724		0.077101		2
107	0.35255		0.10722		0.40083		0.063072		0.076331		2
108	0.35335		0.10666		0.40192		0.062461		0.075603		2
109	0.35411		0.10615		0.40296		0.061881		0.074905		2
110	0.35484		0.1056		0.40397		0.061328		0.07426		2
111	0.35549		0.10508		0.40488		0.060849		0.073707		2
112	0.35609		0.10463		0.40571		0.060402		0.073168		2
113	0.35669		0.10418		0.40656		0.059954		0.072621		2
114	0.35729		0.10373		0.40738		0.059513		0.072085		2
115	0.35786		0.10331		0.40819		0.059085		0.071561		2
116	0.35842		0.1029		0.40898		0.058665		0.071047		2
117	0.35895		0.1025		0.40974		0.058259		0.070546		2
118	0.35945		0.10212		0.41051		0.057863		0.070052		2
119	0.35996		0.10176		0.41126		0.057474		0.069559		2
120	0.36044		0.1014		0.41199		0.057093		0.069073		2
121	0.36091		0.10108		0.41267		0.056731		0.0686		2
122	0.36136		0.10078		0.41334		0.056378		0.068134		2
123	0.3618		0.1005		0.414		0.056036		0.067675		2
124	0.36223		0.10021		0.41464		0.055699		0.067223		2
125	0.36267		0.099926		0.41526		0.055364		0.066776		2
126	0.36311		0.099639		0.41588		0.055034		0.066334		2
127	0.36354		0.099357		0.41649		0.05471		0.065899		2
128	0.36397		0.099079		0.41709		0.054391		0.065469		2
129	0.3644		0.098811		0.41767		0.05408		0.065046		2
130	0.36482		0.098548		0.41823		0.053775		0.064627		2
131	0.36525		0.098276		0.41879		0.053469		0.064211		2
132	0.36571		0.097995		0.41933		0.053166		0.063801		2
133	0.36617		0.097705		0.41987		0.052864		0.063394		2
134	0.36664		0.097412		0.4204		0.052565		0.06299		2
135	0.36711		0.097116		0.42092		0.052268		0.06259		2
136	0.36759		0.096819		0.42143		0.051974		0.062195		2
137	0.36807		0.096507		0.42195		0.051679		0.061801		2
138	0.36856		0.096174		0.42248		0.051381		0.061409		2
139	0.36905		0.095824		0.42303		0.051081		0.061017		2
140	0.36955		0.095455		0.42359		0.050778		0.060624		2
141	0.37006		0.09507		0.42416		0.050473		0.060233		2
142	0.37057		0.094678		0.42474		0.05017		0.059842		2
143	0.37111		0.094275		0.42529		0.049867		0.059451		2
144	0.37169		0.093877		0.42579		0.049573		0.05907		2
145	0.37226		0.093471		0.4263		0.04928		0.058691		2
146	0.37278		0.093066		0.42684		0.048992		0.058316		2
147	0.37326		0.092665		0.42742		0.048709		0.057946		2
148	0.3737		0.092269		0.42802		0.048432		0.057583		2
149	0.3741		0.091826		0.42872		0.048144		0.057209		2
150	0.37458		0.091273		0.42961		0.047792		0.056748		2
151	0.37503		0.090759		0.43046		0.047454		0.0563		2
152	0.37544		0.090275		0.43129		0.047131		0.055867		2
153	0.37583		0.089808		0.43211		0.046817		0.055439		2
154	0.37622		0.089351		0.4329		0.046513		0.055018		2
155	0.3766		0.088903		0.43368		0.04622		0.054602		2
156	0.37698		0.088418		0.43448		0.045929		0.054191		2
157	0.37737		0.087931		0.43527		0.045647		0.053783		2
158	0.37775		0.087438		0.43607		0.045367		0.05337		2
159	0.37816		0.086954		0.43682		0.045102		0.052969		2
160	0.37854		0.08648		0.43755		0.044853		0.052579		2
161	0.37891		0.086015		0.43826		0.044618		0.052198		2
162	0.37926		0.085558		0.43896		0.044396		0.051827		2
163	0.37962		0.08506		0.43969		0.04417		0.051451		2
164	0.37998		0.084566		0.44042		0.043953		0.051081		2
165	0.38032		0.084078		0.44113		0.043745		0.050718		2
166	0.38067		0.083596		0.44183		0.043544		0.050362		2
167	0.381		0.08312		0.44252		0.043349		0.050011		2
168	0.38133		0.082649		0.4432		0.043159		0.049666		2
169	0.38165		0.082183		0.44387		0.042973		0.049327		2
170	0.38196		0.081724		0.44453		0.042791		0.048993		2
171	0.38227		0.081268		0.44519		0.042611		0.048663		2
172	0.38257		0.080817		0.44584		0.042434		0.048338		2
173	0.38287		0.08037		0.44648		0.042258		0.048017		2
174	0.38316		0.079926		0.44713		0.042084		0.047699		2
175	0.38345		0.079488		0.44777		0.041912		0.047386		2
176	0.38373		0.079052		0.4484		0.041741		0.047077		2
177	0.38401		0.078622		0.44902		0.041572		0.046771		2
178	0.38429		0.078194		0.44965		0.041404		0.046469		2
179	0.38455		0.07777		0.45027		0.041237		0.04617		2
180	0.38479		0.077379		0.45087		0.04108		0.045879		2
181	0.3851		0.076975		0.45142		0.040916		0.045582		2
182	0.38536		0.076577		0.45202		0.040754		0.045289		2
183	0.3856		0.076186		0.45262		0.040595		0.045002		2
184	0.38584		0.075802		0.4532		0.040438		0.044719		2
185	0.38607		0.075423		0.45379		0.040284		0.04444		2
186	0.38629		0.075049		0.45436		0.040131		0.044166		2
187	0.38652		0.074679		0.45493		0.039981		0.043896		2
188	0.38673		0.074312		0.45549		0.039832		0.043629		2
189	0.38695		0.073949		0.45605		0.039684		0.043365		2
190	0.38716		0.073591		0.4566		0.039539		0.043106		2
191	0.38739		0.073275		0.45709		0.039402		0.042848		2
192	0.38763		0.072895		0.45768		0.039238		0.042559		2
193	0.38805		0.072712		0.45769		0.039171		0.042384		2
194	0.38839		0.072436		0.45794		0.039065		0.042165		2
195	0.38862		0.072061		0.4585		0.038916		0.0419		2
196	0.38882		0.071924		0.45868		0.038857		0.04172		2
197	0.38926		0.071657		0.45881		0.03875		0.04152		2
198	0.38958		0.071383		0.45907		0.038641		0.041331		2
199	0.38983		0.071179		0.45927		0.038558		0.041161		2
200	0.39004		0.070952		0.45956		0.038466		0.04098		2
201	0.39027		0.070727		0.45983		0.038374		0.0408		2
202	0.39049		0.070505		0.4601		0.038282		0.040621		2
203	0.3907		0.070287		0.46038		0.038192		0.040443		2
204	0.39089		0.070086		0.46065		0.038107		0.04027		2
205	0.39105		0.069903		0.46091		0.038031		0.040105		2
206	0.3912		0.069729		0.46118		0.037957		0.039942		2
207	0.39133		0.06956		0.46144		0.037886		0.039781		2
208	0.39145		0.069393		0.46172		0.037815		0.039619		2
209	0.39156		0.06923		0.46201		0.037745		0.039456		2
210	0.39166		0.069076		0.46229		0.037676		0.039294		2
211	0.39174		0.068941		0.46256		0.037615		0.03914		2
212	0.3918		0.068817		0.46283		0.037558		0.038991		2
213	0.39184		0.0687		0.46311		0.037505		0.038844		2
214	0.39187		0.068587		0.46339		0.037453		0.0387		2
215	0.39188		0.068477		0.46368		0.037402		0.038557		2
216	0.39188		0.068368		0.46398		0.037352		0.038414		2
217	0.39187		0.068261		0.4643		0.037301		0.038271		2
218	0.39185		0.068153		0.46462		0.037249		0.038126		2
219	0.39181		0.068036		0.46498		0.037192		0.037976		2
220	0.39177		0.067907		0.46537		0.037129		0.037821		2
221	0.39173		0.067782		0.46578		0.037064		0.037645		2
222	0.3917		0.067688		0.4661		0.037013		0.037501		2
223	0.39158		0.067595		0.46648		0.036964		0.037378		2
224	0.39147		0.067511		0.46682		0.036922		0.037282		2
225	0.39127		0.06742		0.46723		0.036877		0.037202		2
226	0.39109		0.067337		0.46761		0.036836		0.037127		2
227	0.3909		0.067262		0.46798		0.036798		0.037055		2
228	0.39074		0.06719		0.46832		0.036762		0.036983		2
229	0.39063		0.067106		0.46859		0.036724		0.036951		2
230	0.39045		0.066962		0.469		0.03666		0.036922		2
231	0.39035		0.066814		0.46935		0.036592		0.036895		2
232	0.39031		0.066685		0.46961		0.036533		0.036869		2
233	0.39027		0.066479		0.46996		0.036439		0.036846		2
234	0.3902		0.066284		0.47035		0.036348		0.036815		2
235	0.39012		0.066184		0.4706		0.036306		0.036788		2
236	0.39004		0.066098		0.47084		0.036272		0.036758		2
237	0.38996		0.066034		0.47103		0.036249		0.036729		2
238	0.38988		0.066002		0.47118		0.036242		0.036699		2
239	0.38974		0.065958		0.47142		0.036234		0.036649		2
240	0.38935		0.065841		0.47206		0.036196		0.036554		2
241	0.38854		0.06555		0.47346		0.036082		0.036369		2
242	0.38853		0.065252		0.47408		0.035962		0.036175		2
243	0.3884		0.064962		0.47483		0.035838		0.035976		2
244	0.38814		0.064672		0.47571		0.035709		0.03577		2
245	0.38785		0.064403		0.4766		0.035582		0.035566		2
246	0.38754		0.064172		0.47744		0.035471		0.035378		2
247	0.38721		0.063959		0.47826		0.035369		0.035199		2
248	0.38689		0.06375		0.47907		0.035269		0.035023		2
249	0.38657		0.063544		0.47987		0.035171		0.03485		2
250	0.38624		0.063337		0.48068		0.035074		0.034677		2
251	0.38596		0.06318		0.48134		0.034998		0.034522		2
252	0.38567		0.063008		0.48204		0.034916		0.034363		2
253	0.38538		0.062826		0.48276		0.034831		0.034202		2
254	0.38509		0.062635		0.48349		0.034743		0.034041		2
255	0.38482		0.062435		0.48421		0.034653		0.033879		2
256	0.3846		0.06223		0.48489		0.034561		0.033717		2
257	0.38441		0.062017		0.48555		0.034466		0.033555		2
258	0.38422		0.0618		0.48622		0.03437		0.033392		2
259	0.38405		0.061577		0.48687		0.034272		0.03323		2
260	0.38388		0.06135		0.48753		0.034173		0.033067		2
261	0.38373		0.06112		0.48817		0.034073		0.032906		2
262	0.38358		0.060887		0.48882		0.033972		0.032744		2
263	0.38344		0.060622		0.4895		0.03386		0.032578		2
264	0.3833		0.060353		0.49019		0.033745		0.032411		2
265	0.38317		0.060082		0.49088		0.033631		0.032245		2
266	0.38305		0.059813		0.49154		0.033517		0.03208		2
267	0.38294		0.059543		0.49219		0.033402		0.031917		2
268	0.38284		0.059273		0.49284		0.033288		0.031755		2
269	0.38274		0.059005		0.49348		0.033175		0.031595		2
270	0.38263		0.058738		0.49414		0.033062		0.031436		2
271	0.38253		0.058472		0.49477		0.032949		0.031278		2
272	0.38244		0.058208		0.49539		0.032837		0.031122		2
273	0.38236		0.057945		0.496		0.032725		0.030968		2
274	0.38228		0.057684		0.49661		0.032614		0.030815		2
275	0.38221		0.057424		0.4972		0.032504		0.030664		2
276	0.38213		0.057167		0.49779		0.032394		0.030514		2
277	0.38206		0.056911		0.49838		0.032285		0.030366		2
278	0.38199		0.056656		0.49896		0.032177		0.030219		2
279	0.38193		0.056402		0.49953		0.032069		0.030073		2
280	0.38186		0.056151		0.5001		0.031961		0.029929		2
281	0.38178		0.055901		0.50068		0.031855		0.029786		2
282	0.38172		0.055653		0.50124		0.031749		0.029644		2
283	0.38165		0.055407		0.50179		0.031643		0.029504		2
284	0.38158		0.055163		0.50236		0.031538		0.029365		2
285	0.3815		0.05492		0.50291		0.031434		0.029228		2
286	0.38144		0.05468		0.50345		0.031331		0.029092		2
287	0.38139		0.054442		0.50399		0.031229		0.028957		2
288	0.38134		0.054203		0.50451		0.031126		0.028823		2
289	0.3813		0.053966		0.50503		0.031024		0.028689		2
290	0.38126		0.053729		0.50553		0.030923		0.028556		2
291	0.38122		0.053531		0.50598		0.030837		0.028436		2
292	0.38158		0.053348		0.50599		0.03076		0.028324		2
293	0.38182		0.053171		0.50611		0.030684		0.028212		2
294	0.38204		0.052979		0.50628		0.030601		0.028095		2
295	0.38201		0.052779		0.50672		0.030514		0.027974		2
296	0.38199		0.05258		0.50715		0.030428		0.027853		2
297	0.38196		0.052383		0.50758		0.030342		0.027734		2
298	0.38194		0.052187		0.508		0.030256		0.027615		2
299	0.38192		0.051993		0.50842		0.030171		0.027498		2
300	0.3819		0.051801		0.50883		0.030087		0.027381		2
301	0.38192		0.051663		0.50911		0.030027		0.027283		2
302	0.38208		0.051482		0.50933		0.029946		0.027165		2
303	0.38223		0.051323		0.50952		0.029874		0.027055		2
304	0.38236		0.05118		0.5097		0.029809		0.026951		2
305	0.38243		0.051028		0.50994		0.029743		0.026859		2
306	0.38247		0.050901		0.51017		0.029687		0.026773		2
307	0.38249		0.050767		0.51043		0.029628		0.026684		2
308	0.3825		0.050634		0.5107		0.029569		0.026596		2
309	0.38249		0.050505		0.51099		0.029511		0.026509		2
310	0.38244		0.050379		0.5113		0.029455		0.026423		2
311	0.38236		0.050255		0.51165		0.0294		0.026338		2
312	0.38225		0.050142		0.512		0.029349		0.026256		2
313	0.38208		0.050024		0.51243		0.029295		0.026171		2
314	0.3819		0.049911		0.51286		0.029243		0.026087		2
315	0.38168		0.049803		0.51332		0.029194		0.026004		2
316	0.38143		0.049701		0.51381		0.029146		0.025922		2
317	0.38113		0.049603		0.51432		0.0291		0.02584		2
318	0.38078		0.049508		0.5149		0.029055		0.025759		2
319	0.3804		0.049412		0.5155		0.029009		0.025677		2
320	0.37999		0.049314		0.51614		0.028963		0.025596		2
321	0.37953		0.049214		0.51683		0.028916		0.025515		2
322	0.37904		0.049115		0.51754		0.028869		0.025434		2
323	0.37851		0.049015		0.5183		0.028822		0.025352		2
324	0.37792		0.048914		0.51913		0.028774		0.02527		2
325	0.37731		0.048815		0.51996		0.028727		0.025188		2
326	0.37672		0.048711		0.52078		0.028677		0.025106		2
327	0.37617		0.048606		0.52157		0.028628		0.025025		2
328	0.37563		0.048501		0.52234		0.028578		0.024945		2
329	0.37514		0.048397		0.52307		0.028529		0.024865		2
330	0.37468		0.048294		0.52376		0.028481		0.024786		2
331	0.37431		0.048195		0.52435		0.028434		0.02471		2
332	0.37396		0.048091		0.52493		0.028386		0.024634		2
333	0.3736		0.047983		0.52552		0.028336		0.024557		2
334	0.37326		0.047871		0.5261		0.028284		0.024481		2
335	0.37294		0.047755		0.52667		0.02823		0.024404		2
336	0.37262		0.047637		0.52723		0.028176		0.024328		2
337	0.37233		0.047517		0.52778		0.02812		0.024252		2
338	0.37204		0.047397		0.52832		0.028064		0.024177		2
339	0.37175		0.047274		0.52887		0.028006		0.024101		2
340	0.37146		0.047148		0.52941		0.027948		0.024026		2
341	0.3712		0.04702		0.52995		0.027888		0.02395		2
342	0.37093		0.04689		0.53048		0.027827		0.023874		2
343	0.37066		0.046759		0.53101		0.027766		0.023799		2
344	0.37041		0.046625		0.53154		0.027704		0.023723		2
345	0.37016		0.046491		0.53206		0.027641		0.023648		2
346	0.36993		0.046356		0.53257		0.027578		0.023573		2
347	0.3697		0.04622		0.53307		0.027515		0.023498		2
348	0.36945		0.046083		0.53359		0.027451		0.023423		2
349	0.36922		0.045936		0.53412		0.027384		0.023346		2
350	0.36898		0.045787		0.53464		0.027317		0.02327		2
351	0.36875		0.045636		0.53517		0.027248		0.023194		2
352	0.36853		0.045486		0.53569		0.02718		0.023117		2
353	0.36832		0.045335		0.53619		0.027111		0.023041		2
354	0.36814		0.045184		0.53667		0.027043		0.022966		2
355	0.36794		0.045034		0.53716		0.026974		0.022891		2
356	0.36776		0.044883		0.53763		0.026906		0.022816		2
357	0.36757		0.044733		0.53812		0.026838		0.022741		2
358	0.36738		0.044583		0.53861		0.02677		0.022667		2
359	0.36721		0.044434		0.53906		0.026702		0.022593		2
360	0.36704		0.044286		0.53952		0.026634		0.02252		2
361	0.36685		0.044131		0.54001		0.026564		0.022446		2
362	0.36666		0.043975		0.5405		0.026494		0.022371		2
363	0.36649		0.04382		0.54097		0.026424		0.022297		2
364	0.36631		0.043667		0.54144		0.026355		0.022224		2
365	0.36614		0.043514		0.54191		0.026286		0.022151		2
366	0.36597		0.043362		0.54238		0.026217		0.022079		2
367	0.3658		0.043211		0.54283		0.026149		0.022007		2
368	0.36563		0.043062		0.54329		0.026081		0.021936		2
369	0.36547		0.042913		0.54374		0.026013		0.021865		2
370	0.36532		0.042764		0.54418		0.025946		0.021794		2
371	0.36515		0.042617		0.54463		0.025879		0.021724		2
372	0.36498		0.042471		0.54508		0.025813		0.021654		2
373	0.36481		0.042325		0.54554		0.025746		0.021585		2
374	0.36464		0.04218		0.54599		0.02568		0.021516		2
375	0.36447		0.042037		0.54643		0.025615		0.021448		2
376	0.3643		0.041894		0.54687		0.02555		0.02138		2
377	0.36413		0.041752		0.54732		0.025485		0.021312		2
378	0.36394		0.04161		0.54778		0.02542		0.021245		2
379	0.36377		0.04147		0.54822		0.025356		0.021178		2
380	0.36361		0.04133		0.54866		0.025292		0.021112		2
381	0.36344		0.041191		0.54909		0.025228		0.021046		2
382	0.36327		0.041053		0.54953		0.025165		0.02098		2
383	0.3631		0.040916		0.54996		0.025102		0.020915		2
384	0.36293		0.040779		0.5504		0.025039		0.02085		2
385	0.36276		0.040644		0.55083		0.024977		0.020785		2
386	0.36259		0.040509		0.55126		0.024915		0.020721		2
387	0.36242		0.040375		0.55169		0.024854		0.020657		2
388	0.36225		0.040242		0.55212		0.024792		0.020594		2
389	0.36208		0.040109		0.55255		0.024731		0.020531		2
390	0.36191		0.039978		0.55298		0.024671		0.020468		2
391	0.36173		0.039847		0.5534		0.02461		0.020406		2
392	0.36156		0.039717		0.55383		0.02455		0.020344		2
393	0.36138		0.039587		0.55426		0.02449		0.020282		2
394	0.36121		0.039459		0.55468		0.024431		0.020221		2
395	0.36103		0.039331		0.5551		0.024371		0.02016		2
396	0.36086		0.039204		0.55553		0.024313		0.020099		2
397	0.36068		0.039077		0.55595		0.024254		0.020039		2
398	0.3605		0.038952		0.55637		0.024196		0.019979		2
399	0.36032		0.038826		0.55679		0.024137		0.019919		2
400	0.36015		0.038703		0.55721		0.02408		0.01986		2
401	0.35997		0.038579		0.55763		0.024022		0.019801		2
402	0.35979		0.038456		0.55805		0.023965		0.019742		2
403	0.35961		0.038334		0.55846		0.023908		0.019684		2
404	0.35943		0.038212		0.55888		0.023852		0.019626		2
405	0.35925		0.038092		0.5593		0.023795		0.019568		2
406	0.35907		0.037972		0.55971		0.023739		0.019511		2
407	0.35889		0.037853		0.56012		0.023684		0.019454		2
408	0.3587		0.037734		0.56054		0.023628		0.019397		2
409	0.35852		0.037616		0.56095		0.023573		0.019341		2
410	0.35834		0.037499		0.56136		0.023518		0.019285		2
411	0.35816		0.037382		0.56177		0.023463		0.019229		2
412	0.35797		0.037266		0.56218		0.023409		0.019173		2
413	0.35779		0.037151		0.56259		0.023355		0.019118		2
414	0.3576		0.037036		0.563		0.023301		0.019063		2
415	0.35742		0.036922		0.5634		0.023247		0.019008		2
416	0.35723		0.036809		0.56381		0.023194		0.018954		2
417	0.35705		0.036696		0.56422		0.02314		0.0189		2
418	0.35686		0.036584		0.56462		0.023087		0.018846		2
419	0.35667		0.036472		0.56503		0.023035		0.018793		2
420	0.35649		0.036361		0.56543		0.022982		0.018739		2
421	0.3563		0.036251		0.56583		0.02293		0.018686		2
422	0.35611		0.036141		0.56623		0.022878		0.018634		2
423	0.35593		0.036032		0.56663		0.022826		0.018581		2
424	0.35574		0.035923		0.56703		0.022775		0.018529		2
425	0.35556		0.035815		0.56743		0.022724		0.018477		2
426	0.35537		0.035708		0.56782		0.022673		0.018426		2
427	0.35519		0.035601		0.56821		0.022622		0.018374		2
428	0.355		0.035495		0.56861		0.022572		0.018323		2
429	0.35482		0.035389		0.569		0.022521		0.018273		2
430	0.35464		0.035284		0.56939		0.022471		0.018222		2
431	0.35445		0.03518		0.56978		0.022422		0.018172		2
432	0.35427		0.035076		0.57016		0.022372		0.018122		2
433	0.35408		0.034973		0.57055		0.022323		0.018072		2
434	0.35389		0.03487		0.57094		0.022274		0.018022		2
435	0.35371		0.034768		0.57132		0.022225		0.017973		2
436	0.35352		0.034666		0.57171		0.022176		0.017924		2
437	0.35334		0.034565		0.57209		0.022128		0.017876		2
438	0.35315		0.034464		0.57248		0.022079		0.017827		2
439	0.35297		0.034364		0.57286		0.022031		0.017779		2
440	0.35278		0.034265		0.57324		0.021984		0.017731		2
441	0.3526		0.034166		0.57361		0.021936		0.017683		2
442	0.35242		0.034068		0.57399		0.021889		0.017635		2
443	0.35224		0.03397		0.57437		0.021842		0.017588		2
444	0.35205		0.033872		0.57474		0.021795		0.017541		2
445	0.35187		0.033775		0.57511		0.021748		0.017494		2
446	0.3517		0.033679		0.57548		0.021702		0.017448		2
447	0.35152		0.033584		0.57584		0.021655		0.017402		2
448	0.35135		0.033488		0.5762		0.021609		0.017356		2
449	0.35118		0.033394		0.57655		0.021564		0.01731		2
450	0.35102		0.0333		0.5769		0.021518		0.017265		2
451	0.35086		0.033207		0.57724		0.021473		0.017219		2
452	0.35071		0.033115		0.57757		0.021429		0.017175		2
453	0.35057		0.033023		0.5779		0.021384		0.01713		2
454	0.35044		0.032936		0.57819		0.021341		0.017087		2
455	0.35059		0.032858		0.5782		0.021305		0.017049		2
456	0.35056		0.032775		0.5784		0.021264		0.017007		2
457	0.35074		0.032699		0.57836		0.021229		0.016969		2
458	0.35092		0.032626		0.57833		0.021193		0.016931		2
459	0.35099		0.032548		0.57842		0.021155		0.016891		2
460	0.351		0.032469		0.57856		0.021117		0.016851		2
461	0.35101		0.032391		0.57871		0.021078		0.016811		2
462	0.35106		0.032315		0.57881		0.021041		0.016772		2
463	0.3511		0.03224		0.57892		0.021004		0.016732		2
464	0.35121		0.032166		0.57897		0.020969		0.016694		2
465	0.35128		0.032092		0.57903		0.020933		0.016656		2
466	0.35142		0.03202		0.57904		0.020898		0.016618		2
467	0.35154		0.031948		0.57907		0.020863		0.01658		2
468	0.35174		0.031878		0.57901		0.020829		0.016543		2
469	0.35226		0.031846		0.57856		0.020814		0.01652		2
470	0.35426		0.03186		0.57653		0.020829		0.016518		2
471	0.35603		0.031837		0.57481		0.020822		0.016501		2
472	0.35689		0.031831		0.57397		0.020821		0.016487		2
473	0.35789		0.0318		0.57304		0.020808		0.016463		2
474	0.3585		0.03176		0.57251		0.020788		0.016435		2
475	0.35868		0.031709		0.57244		0.020761		0.016402		2
476	0.35885		0.031658		0.57239		0.020736		0.016369		2
477	0.35894		0.031607		0.57241		0.020709		0.016335		2
478	0.35902		0.031558		0.57243		0.020684		0.016302		2
479	0.35904		0.031507		0.57253		0.020658		0.016268		2
480	0.35907		0.03146		0.5726		0.020633		0.016235		2
481	0.35902		0.031413		0.57275		0.020608		0.016202		2
482	0.35899		0.03137		0.57289		0.020584		0.016169		2
483	0.35887		0.031325		0.57311		0.02056		0.016135		2
484	0.35875		0.031284		0.57332		0.020537		0.016102		2
485	0.35852		0.03124		0.57366		0.020513		0.016068		2
486	0.35831		0.031197		0.57397		0.020489		0.016034		2
487	0.35801		0.031151		0.57437		0.020464		0.015999		2
488	0.35774		0.031106		0.57475		0.020439		0.015965		2
489	0.35738		0.031059		0.57522		0.020413		0.015929		2
490	0.35705		0.031014		0.57565		0.020388		0.015895		2
491	0.35664		0.030968		0.57617		0.020362		0.015859		2
492	0.35628		0.030922		0.57664		0.020337		0.015824		2
493	0.35587		0.030874		0.57716		0.02031		0.015789		2
494	0.35557		0.030828		0.57756		0.020284		0.015755		2
495	0.35526		0.03078		0.57798		0.020258		0.015721		2
496	0.35503		0.030735		0.57831		0.020233		0.015687		2
497	0.35486		0.03069		0.57858		0.020209		0.015655		2
498	0.3548		0.030648		0.57874		0.020187		0.015624		2
499	0.35471		0.030602		0.57894		0.020162		0.015592		2
500	0.3547		0.030554		0.57905		0.020137		0.01556		2
501	0.35466		0.030503		0.5792		0.020109		0.015527		2
502	0.35477		0.030453		0.5792		0.020082		0.015496		2
503	0.35491		0.030404		0.57917		0.020056		0.015465		2
504	0.35517		0.030359		0.579		0.020034		0.015436		2
505	0.35534		0.030311		0.57894		0.020009		0.015407		2
506	0.35558		0.030265		0.5788		0.019985		0.015378		2
507	0.35575		0.030218		0.57872		0.01996		0.015349		2
508	0.35598		0.030173		0.57859		0.019936		0.015321		2
509	0.35614		0.030127		0.57853		0.019912		0.015292		2
510	0.3563		0.030078		0.57847		0.019887		0.015264		2
511	0.35645		0.030005		0.57848		0.019849		0.015223		2
512	0.35677		0.029937		0.5783		0.019814		0.015185		2
513	0.35699		0.029867		0.57822		0.019778		0.015145		2
514	0.35734		0.029803		0.57801		0.019744		0.015107		2
515	0.35732		0.029722		0.5782		0.0197		0.015062		2
516	0.35744		0.029648		0.57824		0.01966		0.01502		2
517	0.35761		0.029573		0.57822		0.019621		0.014978		2
518	0.35785		0.029501		0.57813		0.019584		0.014938		2
519	0.35822		0.029435		0.5779		0.01955		0.014901		2
520	0.35867		0.029374		0.57757		0.019519		0.014865		2
521	0.3592		0.029315		0.57716		0.01949		0.014831		2
522	0.35977		0.02926		0.57671		0.019462		0.014798		2
523	0.36037		0.029207		0.57622		0.019436		0.014766		2
524	0.36101		0.029155		0.57569		0.019411		0.014735		2
525	0.36167		0.029098		0.57515		0.019384		0.014703		2
526	0.36232		0.029041		0.57461		0.019358		0.014671		2
527	0.36289		0.028983		0.57416		0.01933		0.014639		2
528	0.36346		0.028925		0.5737		0.019303		0.014607		2
529	0.36401		0.028867		0.57328		0.019276		0.014575		2
530	0.36452		0.028808		0.57288		0.019249		0.014543		2
531	0.36499		0.028749		0.57253		0.019221		0.014511		2
532	0.36547		0.02869		0.57217		0.019194		0.014479		2
533	0.36592		0.028631		0.57183		0.019166		0.014447		2
534	0.36637		0.028572		0.5715		0.019138		0.014416		2
535	0.3668		0.028513		0.5712		0.01911		0.014384		2
536	0.36721		0.028453		0.57091		0.019082		0.014352		2
537	0.36757		0.028392		0.57067		0.019053		0.01432		2
538	0.36792		0.028332		0.57044		0.019024		0.014288		2
539	0.36826		0.028271		0.57022		0.018995		0.014256		2
540	0.36858		0.028209		0.57002		0.018965		0.014224		2
541	0.36901		0.028152		0.5697		0.018937		0.014193		2
542	0.36996		0.028112		0.56883		0.018921		0.01417		2
543	0.37057		0.028062		0.56833		0.018897		0.014142		2
544	0.37122		0.028011		0.56778		0.018873		0.014114		2
545	0.37152		0.027954		0.5676		0.018844		0.014082		2
546	0.37183		0.027897		0.56741		0.018815		0.014051		2
547	0.37213		0.027841		0.56722		0.018787		0.01402		2
548	0.37244		0.027785		0.56702		0.018759		0.01399		2
549	0.37274		0.02773		0.56684		0.018732		0.013959		2
550	0.37305		0.027675		0.56665		0.018704		0.013929		2
551	0.37334		0.027621		0.56646		0.018677		0.013899		2
552	0.37365		0.027567		0.56626		0.01865		0.013869		2
553	0.37399		0.027517		0.56603		0.018623		0.013839		2
554	0.37431		0.02745		0.56585		0.018586		0.013803		2
555	0.37556		0.027446		0.56461		0.018589		0.013793		2
556	0.3766		0.027423		0.56362		0.018581		0.013775		2
557	0.3768		0.027366		0.56353		0.018552		0.013744		2
558	0.37736		0.027351		0.56302		0.018545		0.013726		2
559	0.37873		0.027327		0.5617		0.018536		0.013711		2
560	0.37986		0.027309		0.56061		0.018528		0.013697		2
561	0.38015		0.027273		0.5604		0.018508		0.013674		2
562	0.38045		0.027236		0.56017		0.018489		0.013652		2
563	0.38067		0.027199		0.56003		0.018469		0.013629		2
564	0.3809		0.027162		0.55988		0.018449		0.013607		2
565	0.38108		0.027125		0.55978		0.01843		0.013584		2
566	0.38131		0.027093		0.55962		0.018412		0.013563		2
567	0.38145		0.027061		0.55956		0.018395		0.013541		2
568	0.38164		0.027032		0.55943		0.018379		0.01352		2
569	0.38173		0.027		0.55941		0.018362		0.013498		2
570	0.38185		0.026969		0.55936		0.018344		0.013476		2
571	0.38196		0.026939		0.55932		0.018326		0.013453		2
572	0.38207		0.026912		0.55928		0.01831		0.013432		2
573	0.38214		0.026886		0.55927		0.018295		0.01341		2
574	0.38221		0.026862		0.55926		0.01828		0.01339		2
575	0.38223		0.02684		0.55929		0.018267		0.01337		2
576	0.38225		0.026819		0.55932		0.018253		0.01335		2
577	0.38225		0.026798		0.55939		0.01824		0.01333		2
578	0.38223		0.026777		0.55946		0.018227		0.01331		2
579	0.38218		0.026756		0.55956		0.018214		0.013289		2
580	0.38211		0.026735		0.55969		0.0182		0.013268		2
581	0.38199		0.02671		0.55987		0.018185		0.013246		2
582	0.38183		0.026681		0.5601		0.018166		0.013223		2
583	0.38145		0.026645		0.56057		0.018143		0.013193		2
584	0.38104		0.026614		0.56106		0.018123		0.013167		2
585	0.38067		0.026584		0.56149		0.018103		0.013145		2
586	0.38031		0.026555		0.56192		0.018085		0.013126		2
587	0.37976		0.026523		0.56254		0.018064		0.013107		2
588	0.37921		0.02649		0.56317		0.018044		0.013089		2
589	0.37866		0.02646		0.56378		0.018024		0.013071		2
590	0.37818		0.026431		0.56433		0.018006		0.013055		2
591	0.37784		0.026403		0.56473		0.017988		0.013042		2
592	0.3774		0.02636		0.56525		0.017964		0.01303		2
593	0.37704		0.02631		0.56569		0.017934		0.013018		2
594	0.3769		0.02627		0.56592		0.017911		0.013007		2
595	0.37678		0.026213		0.56613		0.017879		0.012996		2
596	0.37645		0.026143		0.56659		0.017839		0.01298		2
597	0.37612		0.026091		0.56701		0.017811		0.012967		2
598	0.37595		0.026064		0.56723		0.017797		0.012959		2
599	0.37587		0.026046		0.56735		0.017789		0.012952		2
600	0.37588		0.026043		0.56734		0.01779		0.012948		2
601	0.37586		0.026044		0.56736		0.017795		0.012944		2
602	0.37553		0.026041		0.5677		0.017797		0.012935		2
603	0.37393		0.025997		0.56939		0.017775		0.012907		2
604	0.37438		0.025965		0.56901		0.017761		0.012886		2
605	0.3746		0.025927		0.56887		0.017744		0.012863		2
606	0.37491		0.025889		0.56863		0.017726		0.01284		2
607	0.37468		0.025835		0.56897		0.017698		0.012811		2
608	0.37444		0.025778		0.56934		0.017667		0.01278		2
609	0.37429		0.025727		0.56959		0.01764		0.012751		2
610	0.37412		0.025679		0.56986		0.017615		0.012724		2
611	0.37405		0.025637		0.57002		0.017594		0.012699		2
612	0.37399		0.025594		0.57017		0.017572		0.012674		2
613	0.37394		0.025551		0.57032		0.017549		0.012649		2
614	0.37389		0.025507		0.57045		0.017526		0.012624		2
615	0.37387		0.025472		0.57055		0.017507		0.012602		2
616	0.3738		0.025434		0.57071		0.017486		0.012578		2
617	0.3738		0.025395		0.57079		0.017464		0.012554		2
618	0.37382		0.025356		0.57085		0.017443		0.012531		2
619	0.37393		0.025317		0.57083		0.017421		0.012508		2
620	0.37402		0.025277		0.57082		0.017399		0.012484		2
621	0.37417		0.025237		0.57075		0.017378		0.012461		2
622	0.3743		0.025196		0.57071		0.017355		0.012438		2
623	0.37448		0.025156		0.57062		0.017333		0.012415		2
624	0.37462		0.025114		0.57056		0.01731		0.012391		2
625	0.37479		0.025067		0.57049		0.017286		0.012367		2
626	0.37492		0.025018		0.57046		0.017262		0.012342		2
627	0.37512		0.02497		0.57036		0.017237		0.012318		2
628	0.37528		0.024922		0.57029		0.017212		0.012293		2
629	0.3755		0.024874		0.57017		0.017188		0.012269		2
630	0.37568		0.024825		0.57009		0.017163		0.012245		2
631	0.37592		0.024777		0.56994		0.017139		0.012221		2
632	0.37613		0.024729		0.56983		0.017114		0.012197		2
633	0.37639		0.024682		0.56966		0.01709		0.012174		2
634	0.3766		0.024633		0.56955		0.017065		0.01215		2
635	0.37686		0.024586		0.56939		0.017041		0.012126		2
636	0.37708		0.024537		0.56927		0.017016		0.012102		2
637	0.37735		0.02449		0.56908		0.016992		0.012079		2
638	0.3776		0.024442		0.56894		0.016967		0.012056		2
639	0.37787		0.024395		0.56876		0.016943		0.012032		2
640	0.37812		0.024348		0.5686		0.016919		0.012009		2
641	0.3784		0.024301		0.56841		0.016895		0.011986		2
642	0.37864		0.024253		0.56828		0.01687		0.011963		2
643	0.37894		0.024207		0.56807		0.016846		0.01194		2
644	0.37919		0.02416		0.56791		0.016822		0.011917		2
645	0.37947		0.024113		0.56772		0.016798		0.011895		2
646	0.37971		0.024066		0.56758		0.016774		0.011872		2
647	0.38001		0.02402		0.56737		0.01675		0.01185		2
648	0.38026		0.023973		0.56721		0.016726		0.011827		2
649	0.38056		0.02393		0.567		0.016703		0.011805		2
650	0.3811		0.023892		0.56654		0.016684		0.011786		2
651	0.38137		0.023846		0.56636		0.016661		0.011764		2
652	0.38169		0.023807		0.56612		0.01664		0.011744		2
653	0.38215		0.023768		0.56574		0.01662		0.011723		2
654	0.38243		0.023727		0.56554		0.016599		0.011703		2
655	0.38364		0.023705		0.56437		0.016589		0.01169		2
656	0.38466		0.023676		0.56341		0.016576		0.011674		2
657	0.38503		0.023637		0.56312		0.016555		0.011654		2
658	0.3853		0.023597		0.56293		0.016534		0.011634		2
659	0.3856		0.023557		0.56271		0.016513		0.011613		2
660	0.38587		0.023517		0.56253		0.016492		0.011593		2
661	0.38617		0.023478		0.56231		0.016472		0.011572		2
662	0.38644		0.023438		0.56211		0.016451		0.011552		2
663	0.38674		0.023399		0.5619		0.01643		0.011531		2
664	0.38701		0.023358		0.56171		0.016409		0.01151		2
665	0.38757		0.023344		0.56119		0.016401		0.011498		2
666	0.38846		0.023323		0.56034		0.01639		0.011483		2
667	0.38896		0.023294		0.5599		0.016376		0.011467		2
668	0.38915		0.023267		0.55978		0.01636		0.01145		2
669	0.38924		0.023237		0.55975		0.016342		0.011432		2
670	0.38933		0.023207		0.55972		0.016325		0.011414		2
671	0.38943		0.023178		0.55968		0.016309		0.011397		2
672	0.38952		0.02315		0.55966		0.016293		0.011379		2
673	0.38961		0.023123		0.55963		0.016278		0.011362		2
674	0.38966		0.023096		0.55964		0.016262		0.011345		2
675	0.38974		0.02307		0.55961		0.016247		0.011327		2
676	0.38978		0.023044		0.55964		0.016232		0.01131		2
677	0.38981		0.02302		0.55966		0.016218		0.011293		2
678	0.38981		0.022996		0.55972		0.016204		0.011276		2
679	0.38979		0.022974		0.55979		0.01619		0.011259		2
680	0.38971		0.02295		0.55992		0.016176		0.011242		2
681	0.38964		0.022927		0.56004		0.016162		0.011225		2
682	0.38952		0.022902		0.56022		0.016148		0.011208		2
683	0.3894		0.022878		0.5604		0.016133		0.01119		2
684	0.38923		0.022853		0.56063		0.016118		0.011172		2
685	0.38907		0.022829		0.56084		0.016103		0.011155		2
686	0.38886		0.022804		0.56111		0.016088		0.011137		2
687	0.38868		0.022779		0.56134		0.016073		0.011119		2
688	0.38853		0.022755		0.56155		0.016059		0.011102		2
689	0.38844		0.02273		0.5617		0.016044		0.011084		2
690	0.38837		0.022705		0.56183		0.016029		0.011067		2
691	0.38836		0.022681		0.56189		0.016015		0.01105		2
692	0.38838		0.022657		0.56193		0.016		0.011033		2
693	0.38848		0.022634		0.56188		0.015987		0.011017		2
694	0.38859		0.02261		0.56183		0.015973		0.011001		2
695	0.38873		0.022585		0.56174		0.015959		0.010985		2
696	0.38886		0.022559		0.56167		0.015944		0.010968		2
697	0.38905		0.022533		0.56154		0.015929		0.010952		2
698	0.38923		0.022506		0.56141		0.015913		0.010936		2
699	0.38946		0.022479		0.56125		0.015898		0.01092		2
700	0.38963		0.022452		0.56113		0.015882		0.010904		2
701	0.38981		0.022423		0.56101		0.015866		0.010888		2
702	0.39		0.022395		0.56089		0.01585		0.010872		2
703	0.39017		0.022366		0.56077		0.015833		0.010856		2
704	0.39033		0.022337		0.56068		0.015815		0.010839		2
705	0.39053		0.022307		0.56054		0.015798		0.010823		2
706	0.3907		0.022276		0.56044		0.01578		0.010806		2
707	0.39089		0.022245		0.56031		0.015762		0.01079		2
708	0.39106		0.022213		0.56021		0.015743		0.010773		2
709	0.39127		0.022182		0.56007		0.015725		0.010756		2
710	0.39144		0.022149		0.55996		0.015706		0.01074		2
711	0.39164		0.022114		0.55984		0.015687		0.010723		2
712	0.39179		0.022079		0.55975		0.015667		0.010706		2
713	0.39198		0.022043		0.55964		0.015647		0.010688		2
714	0.39214		0.022006		0.55956		0.015627		0.010671		2
715	0.39233		0.02197		0.55944		0.015607		0.010654		2
716	0.3925		0.021933		0.55934		0.015587		0.010637		2
717	0.39271		0.021897		0.55921		0.015567		0.010619		2
718	0.39288		0.02186		0.55911		0.015546		0.010602		2
719	0.39308		0.021823		0.55899		0.015526		0.010585		2
720	0.39325		0.021786		0.55889		0.015505		0.010568		2
721	0.39344		0.02175		0.55877		0.015485		0.01055		2
722	0.39361		0.021713		0.55868		0.015465		0.010533		2
723	0.3938		0.021674		0.55856		0.015444		0.010516		2
724	0.39396		0.021635		0.55848		0.015423		0.010498		2
725	0.39415		0.021597		0.55837		0.015402		0.010481		2
726	0.39431		0.021558		0.55828		0.01538		0.010463		2
727	0.3945		0.02152		0.55817		0.01536		0.010446		2
728	0.39466		0.021481		0.55809		0.015338		0.010429		2
729	0.39485		0.021443		0.55798		0.015318		0.010412		2
730	0.39501		0.021404		0.5579		0.015297		0.010394		2
731	0.39519		0.021366		0.55779		0.015276		0.010377		2
732	0.39535		0.021328		0.55771		0.015255		0.01036		2
733	0.39553		0.02129		0.5576		0.015234		0.010343		2
734	0.39569		0.021252		0.55752		0.015214		0.010326		2
735	0.39587		0.021214		0.55742		0.015193		0.010309		2
736	0.39602		0.021176		0.55734		0.015172		0.010292		2
737	0.3962		0.021139		0.55723		0.015152		0.010275		2
738	0.39635		0.021101		0.55716		0.015131		0.010259		2
739	0.39653		0.021064		0.55705		0.015111		0.010242		2
740	0.39668		0.021027		0.55698		0.01509		0.010225		2
741	0.39685		0.02099		0.55688		0.01507		0.010209		2
742	0.397		0.020952		0.5568		0.015049		0.010192		2
743	0.39718		0.020916		0.5567		0.015029		0.010176		2
744	0.39732		0.020879		0.55663		0.015009		0.010159		2
745	0.3975		0.020842		0.55653		0.014989		0.010143		2
746	0.39764		0.020805		0.55646		0.014969		0.010126		2
747	0.39781		0.020769		0.55636		0.014949		0.01011		2
748	0.39796		0.020733		0.55629		0.014929		0.010094		2
749	0.39812		0.020696		0.55619		0.014909		0.010078		2
750	0.39827		0.02066		0.55612		0.014889		0.010062		2
751	0.39843		0.020624		0.55603		0.014869		0.010045		2
752	0.39858		0.020588		0.55596		0.014849		0.010029		2
753	0.39874		0.020553		0.55587		0.014829		0.010013		2
754	0.39888		0.020517		0.5558		0.014809		0.0099974		2
755	0.39904		0.020481		0.55571		0.01479		0.0099816		2
