0	0.2		0.2		0.2		0.2		0.2		0
1	0.19985		0.20015		0.19989		0.2002		0.19991		3
2	0.19969		0.20033		0.19976		0.20039		0.19983		3
3	0.19951		0.20053		0.19962		0.2006		0.19974		3
4	0.1993		0.20078		0.19945		0.20084		0.19963		3
5	0.19904		0.20108		0.19924		0.20112		0.19952		3
6	0.19874		0.20145		0.19898		0.20143		0.19939		1
7	0.19837		0.20192		0.19867		0.2018		0.19924		1
8	0.19791		0.20254		0.19826		0.20224		0.19905		1
9	0.19732		0.20338		0.19772		0.20277		0.19882		1
10	0.19654		0.20451		0.197		0.20344		0.19851		1
11	0.19555		0.20591		0.19607		0.20434		0.19813		1
12	0.19436		0.2074		0.19494		0.20552		0.19778		1
13	0.19302		0.20881		0.19366		0.20691		0.19759		1
14	0.19159		0.21014		0.19228		0.20829		0.19769		1
15	0.19009		0.21141		0.19084		0.2096		0.19805		1
16	0.18857		0.2127		0.18936		0.21087		0.1985		1
17	0.18704		0.21406		0.18786		0.21212		0.19892		1
18	0.18551		0.21557		0.18635		0.21332		0.19925		1
19	0.18397		0.21732		0.18479		0.21445		0.19948		1
20	0.18239		0.2195		0.18314		0.21543		0.19954		1
21	0.18072		0.22241		0.18135		0.21617		0.19935		1
22	0.17894		0.22628		0.17936		0.21657		0.19884		1
23	0.17715		0.23067		0.17727		0.21677		0.19813		1
24	0.17549		0.23517		0.17515		0.21688		0.19732		1
25	0.17398		0.23972		0.173		0.21692		0.19639		1
26	0.17266		0.24431		0.17081		0.21688		0.19533		1
27	0.17153		0.24895		0.16858		0.21679		0.19415		1
28	0.17054		0.25364		0.16631		0.21668		0.19283		1
29	0.16958		0.25841		0.16399		0.21664		0.19137		1
30	0.16856		0.26325		0.16162		0.21681		0.18976		1
31	0.16741		0.26807		0.15918		0.21738		0.18797		1
32	0.1661		0.27268		0.15664		0.21862		0.18596		1
33	0.16466		0.27703		0.15404		0.22052		0.18375		1
34	0.16319		0.28131		0.15145		0.22254		0.18149		1
35	0.16174		0.28559		0.14892		0.22452		0.17922		1
36	0.16029		0.28986		0.14645		0.22645		0.17694		1
37	0.15886		0.29412		0.14403		0.22833		0.17466		1
38	0.15743		0.29838		0.14168		0.23014		0.17238		1
39	0.15599		0.30263		0.13939		0.23189		0.1701		1
40	0.15456		0.30686		0.13717		0.23358		0.16783		1
41	0.1531		0.31106		0.13504		0.23522		0.16557		1
42	0.15164		0.31525		0.13299		0.2368		0.16332		1
43	0.15016		0.3194		0.13104		0.23831		0.16109		1
44	0.14868		0.32352		0.12919		0.23974		0.15887		1
45	0.14718		0.32759		0.12745		0.24111		0.15667		1
46	0.14567		0.33159		0.12583		0.24241		0.1545		1
47	0.14416		0.33554		0.12431		0.24365		0.15234		1
48	0.14264		0.33946		0.12287		0.24482		0.15022		1
49	0.14113		0.34334		0.12148		0.24593		0.14812		1
50	0.13962		0.34721		0.12012		0.24699		0.14606		1
51	0.13811		0.35107		0.11878		0.24802		0.14402		1
52	0.1366		0.35492		0.11745		0.249		0.14203		1
53	0.1351		0.35877		0.11613		0.24994		0.14006		1
54	0.13361		0.36262		0.11482		0.25083		0.13812		1
55	0.13213		0.36646		0.11351		0.25169		0.13622		1
56	0.13065		0.37028		0.11222		0.25251		0.13436		1
57	0.12918		0.37409		0.11093		0.25329		0.13252		1
58	0.12772		0.37789		0.10965		0.25402		0.13073		1
59	0.12626		0.38168		0.10838		0.25471		0.12896		1
60	0.12482		0.38545		0.10713		0.25536		0.12723		1
61	0.12339		0.3892		0.10588		0.25599		0.12554		1
62	0.12197		0.39292		0.10465		0.25658		0.12388		1
63	0.12056		0.39663		0.10342		0.25712		0.12226		1
64	0.11917		0.40031		0.10221		0.25763		0.12068		1
65	0.11779		0.40396		0.10102		0.25811		0.11913		1
66	0.11642		0.40756		0.099831		0.25857		0.11761		1
67	0.11506		0.41114		0.098659		0.25901		0.11613		1
68	0.11372		0.41468		0.097499		0.25941		0.11468		1
69	0.11239		0.41819		0.096352		0.2598		0.11327		1
70	0.11108		0.42165		0.095218		0.26018		0.11188		1
71	0.10978		0.42505		0.094099		0.26055		0.11052		1
72	0.10849		0.4284		0.092993		0.26093		0.10918		1
73	0.10722		0.4317		0.091899		0.26132		0.10786		1
74	0.10596		0.43493		0.090817		0.26173		0.10656		1
75	0.10472		0.43808		0.089748		0.26217		0.10528		1
76	0.10349		0.44111		0.088693		0.26269		0.10402		1
77	0.10227		0.44402		0.08765		0.26329		0.10277		1
78	0.10106		0.44679		0.086617		0.26399		0.10154		1
79	0.099869		0.44938		0.085597		0.26483		0.10032		1
80	0.098689		0.45179		0.084589		0.26582		0.099113		1
81	0.097523		0.45402		0.083596		0.26694		0.097923		1
82	0.096373		0.45614		0.082616		0.26812		0.096749		1
83	0.095239		0.45819		0.08165		0.26933		0.095593		1
84	0.094123		0.4602		0.080698		0.27053		0.094454		1
85	0.093024		0.46216		0.079762		0.27172		0.093333		1
86	0.091941		0.46409		0.07884		0.2729		0.09223		1
87	0.090875		0.46598		0.077933		0.27407		0.091143		1
88	0.089826		0.46783		0.077039		0.27523		0.090074		1
89	0.088792		0.46965		0.076158		0.27638		0.089021		1
90	0.087774		0.47144		0.075291		0.27751		0.087985		1
91	0.086772		0.47319		0.074439		0.27864		0.086965		1
92	0.085786		0.4749		0.073599		0.27975		0.08596		1
93	0.084814		0.47659		0.072772		0.28085		0.084971		1
94	0.083857		0.47826		0.071957		0.28193		0.083997		1
95	0.082913		0.4802		0.071131		0.28272		0.083038		1
96	0.081974		0.48202		0.07031		0.28361		0.082084		1
97	0.081046		0.48392		0.0695		0.28439		0.081142		1
98	0.080136		0.4858		0.068707		0.28514		0.080218		1
99	0.079243		0.48764		0.067928		0.28588		0.079312		1
100	0.078365		0.48947		0.067162		0.28659		0.07842		1
101	0.077499		0.49127		0.06641		0.28727		0.077542		1
102	0.076647		0.49307		0.065669		0.28793		0.076677		1
103	0.075806		0.49487		0.064938		0.28856		0.075824		1
104	0.074977		0.49668		0.064218		0.28914		0.074983		1
105	0.074158		0.49855		0.063506		0.28964		0.074152		1
106	0.073391		0.50053		0.06281		0.28989		0.073374		1
107	0.072569		0.50271		0.062073		0.2901		0.072541		1
108	0.071793		0.50477		0.061377		0.2903		0.071754		1
109	0.071045		0.50682		0.060708		0.29043		0.070994		1
110	0.070344		0.50869		0.060098		0.29059		0.070281		1
111	0.069744		0.51037		0.059572		0.29065		0.069668		1
112	0.06916		0.5122		0.059045		0.29052		0.069074		1
113	0.068568		0.51404		0.058519		0.2904		0.068473		1
114	0.067985		0.51581		0.058006		0.29032		0.067881		1
115	0.06741		0.51755		0.057506		0.29023		0.067299		1
116	0.066842		0.51928		0.057017		0.29014		0.066724		1
117	0.066285		0.52098		0.056541		0.29003		0.066162		1
118	0.065734		0.52272		0.056072		0.28987		0.065606		1
119	0.065186		0.52444		0.055607		0.28972		0.065055		1
120	0.064643		0.52615		0.05515		0.28955		0.06451		1
121	0.064115		0.52782		0.054708		0.28938		0.06398		1
122	0.06359		0.52951		0.054272		0.28918		0.063454		1
123	0.063071		0.5312		0.053843		0.28895		0.062934		1
124	0.062555		0.53291		0.053418		0.2887		0.062418		1
125	0.062045		0.53463		0.052996		0.28843		0.061907		1
126	0.061538		0.53636		0.052577		0.28813		0.0614		1
127	0.061034		0.53811		0.052161		0.2878		0.060896		1
128	0.060535		0.53986		0.05175		0.28745		0.060398		1
129	0.060042		0.54162		0.051345		0.28709		0.059904		1
130	0.059553		0.54337		0.050943		0.28671		0.059415		1
131	0.059069		0.54513		0.050542		0.28633		0.058932		1
132	0.058595		0.54685		0.050148		0.28595		0.058458		1
133	0.058126		0.54858		0.049755		0.28555		0.057989		1
134	0.057666		0.55028		0.049368		0.28516		0.057527		1
135	0.057211		0.55196		0.048986		0.28477		0.057072		1
136	0.056764		0.55361		0.04861		0.28439		0.056623		1
137	0.056323		0.55525		0.048237		0.28401		0.05618		1
138	0.055886		0.55689		0.047864		0.28362		0.05574		1
139	0.055454		0.55852		0.047491		0.28323		0.055306		1
140	0.055025		0.56016		0.047117		0.28283		0.054875		1
141	0.054602		0.56177		0.046746		0.28243		0.054449		1
142	0.054186		0.56336		0.046378		0.28205		0.05403		1
143	0.053771		0.565		0.046008		0.28161		0.053611		1
144	0.05337		0.5666		0.045649		0.28118		0.053204		1
145	0.052968		0.56823		0.045289		0.28071		0.052797		1
146	0.052572		0.56981		0.044935		0.28029		0.052396		1
147	0.052184		0.5713		0.044589		0.27993		0.052004		1
148	0.051803		0.57274		0.044248		0.27959		0.051618		1
149	0.051406		0.57426		0.043899		0.27922		0.051217		1
150	0.050942		0.57576		0.0435		0.27905		0.050748		1
151	0.050496		0.57704		0.043116		0.27905		0.050297		1
152	0.050058		0.57831		0.042738		0.27903		0.049855		1
153	0.049628		0.57952		0.042366		0.27907		0.049421		1
154	0.049204		0.58069		0.041999		0.27911		0.048992		1
155	0.048791		0.58176		0.041641		0.27924		0.048575		1
156	0.048372		0.58291		0.041284		0.27929		0.048151		1
157	0.047961		0.58396		0.040935		0.27941		0.047735		1
158	0.047521		0.58539		0.040561		0.27923		0.047291		1
159	0.047102		0.58659		0.040204		0.27924		0.046867		1
160	0.0467		0.58766		0.039862		0.27932		0.046461		1
161	0.046311		0.58864		0.039531		0.27945		0.046067		1
162	0.045935		0.58952		0.039211		0.27965		0.045687		1
163	0.045553		0.5904		0.03889		0.27986		0.0453		1
164	0.045181		0.59118		0.038578		0.28014		0.044924		1
165	0.04482		0.59187		0.038275		0.28048		0.044558		1
166	0.044467		0.59249		0.037979		0.28087		0.044201		1
167	0.044124		0.59302		0.037692		0.28131		0.043853		1
168	0.04379		0.59346		0.037412		0.28182		0.043515		1
169	0.043465		0.59384		0.037139		0.28237		0.043185		1
170	0.043144		0.59421		0.03687		0.28292		0.04286		1
171	0.042834		0.59445		0.036609		0.28356		0.042546		1
172	0.042524		0.59475		0.036349		0.28414		0.042232		1
173	0.042222		0.59496		0.036096		0.2848		0.041927		1
174	0.041921		0.59523		0.035842		0.28538		0.041621		1
175	0.041628		0.5954		0.035596		0.28605		0.041325		1
176	0.041332		0.5957		0.035347		0.28659		0.041025		1
177	0.041044		0.59593		0.035104		0.28719		0.040733		1
178	0.040754		0.59623		0.03486		0.28771		0.04044		1
179	0.040473		0.59643		0.034623		0.28831		0.040155		1
180	0.040233		0.59601		0.034416		0.28943		0.039912		1
181	0.03998		0.59574		0.034198		0.29043		0.039655		1
182	0.03969		0.5963		0.033949		0.29069		0.039362		1
183	0.039403		0.59691		0.033703		0.29092		0.039072		1
184	0.039122		0.59748		0.033462		0.29115		0.038788		1
185	0.038845		0.59804		0.033224		0.29138		0.038509		1
186	0.038574		0.59858		0.032991		0.29162		0.038236		1
187	0.038308		0.59911		0.032761		0.29186		0.037966		1
188	0.038046		0.5996		0.032536		0.29211		0.037702		1
189	0.037788		0.6001		0.032313		0.29236		0.037442		1
190	0.037537		0.60056		0.032096		0.29262		0.037188		1
191	0.037293		0.6009		0.031878		0.29298		0.036941		1
192	0.037024		0.6015		0.031641		0.29316		0.03667		1
193	0.036883		0.60057		0.031515		0.29451		0.036525		1
194	0.0367		0.60019		0.031354		0.29542		0.036338		1
195	0.036445		0.60099		0.031136		0.29535		0.036081		1
196	0.036268		0.60105		0.030974		0.2958		0.0359		1
197	0.036124		0.60029		0.030846		0.29699		0.035753		1
198	0.035966		0.60023		0.030707		0.2975		0.035591		1
199	0.035805		0.60069		0.03056		0.29751		0.035426		1
200	0.035635		0.60123		0.030409		0.29747		0.035253		1
201	0.03546		0.60182		0.030255		0.29739		0.035075		1
202	0.03529		0.60229		0.030107		0.29741		0.034902		1
203	0.035115		0.60285		0.029957		0.29736		0.034725		1
204	0.034951		0.60322		0.029816		0.29746		0.034558		1
205	0.034785		0.60376		0.029674		0.2974		0.034389		1
206	0.034631		0.60408		0.029541		0.29752		0.034232		1
207	0.034469		0.60459		0.029404		0.29747		0.034068		1
208	0.034315		0.60491		0.029273		0.29759		0.033911		1
209	0.034154		0.60539		0.029136		0.29757		0.033748		1
210	0.034001		0.60571		0.029006		0.29769		0.033592		1
211	0.033848		0.60609		0.028878		0.29774		0.033438		1
212	0.033704		0.60634		0.028757		0.29791		0.033293		1
213	0.033558		0.60671		0.028635		0.29795		0.033145		1
214	0.033419		0.60692		0.028519		0.29814		0.033005		1
215	0.033276		0.60725		0.028401		0.29821		0.032861		1
216	0.03314		0.60744		0.028289		0.29841		0.032723		1
217	0.032997		0.60776		0.028172		0.29849		0.03258		1
218	0.032859		0.60794		0.02806		0.2987		0.032442		1
219	0.032711		0.60831		0.027939		0.29875		0.032294		1
220	0.032563		0.60855		0.02782		0.29892		0.032146		1
221	0.032373		0.60933		0.027666		0.29868		0.031956		1
222	0.03221		0.61004		0.027535		0.29842		0.031794		1
223	0.032086		0.61038		0.027436		0.29843		0.03167		1
224	0.031984		0.61079		0.027355		0.2983		0.031568		1
225	0.031911		0.61097		0.027297		0.29833		0.031495		1
226	0.031839		0.61114		0.027241		0.29836		0.031423		1
227	0.031767		0.61135		0.027184		0.29835		0.031351		1
228	0.031702		0.61142		0.027131		0.29846		0.031285		1
229	0.031693		0.61105		0.027126		0.29885		0.031275		1
230	0.031695		0.61086		0.027128		0.29904		0.031275		1
231	0.031706		0.61041		0.027139		0.29946		0.031284		1
232	0.031717		0.60981		0.027152		0.30003		0.031294		1
233	0.031739		0.60943		0.027176		0.30034		0.031312		1
234	0.031747		0.60911		0.027189		0.30064		0.031319		1
235	0.031742		0.60861		0.027194		0.30115		0.031311		1
236	0.031734		0.60801		0.027199		0.30175		0.031301		1
237	0.031724		0.60735		0.027202		0.30244		0.031287		1
238	0.031711		0.60656		0.027202		0.30325		0.031271		1
239	0.031667		0.60603		0.027179		0.3039		0.031224		1
240	0.031558		0.60651		0.027102		0.30371		0.031112		1
241	0.031364		0.60815		0.026953		0.30262		0.030917		1
242	0.031177		0.60873		0.02681		0.30255		0.030729		1
243	0.031		0.60889		0.026675		0.30288		0.030552		1
244	0.030793		0.60976		0.026513		0.30259		0.030345		1
245	0.03058		0.61077		0.026345		0.30217		0.030132		1
246	0.030379		0.61165		0.026187		0.30185		0.029932		1
247	0.030185		0.61252		0.026034		0.30152		0.029737		1
248	0.029996		0.61331		0.025885		0.30126		0.029547		1
249	0.029812		0.61402		0.025739		0.30106		0.029362		1
250	0.029632		0.61465		0.025596		0.30095		0.029182		1
251	0.029475		0.61504		0.025467		0.30099		0.029024		1
252	0.029319		0.61539		0.025339		0.30108		0.028867		1
253	0.029168		0.61563		0.025214		0.30128		0.028714		1
254	0.029018		0.61581		0.02509		0.30152		0.028564		1
255	0.028873		0.61588		0.024969		0.30186		0.028418		1
256	0.02873		0.61593		0.024849		0.30222		0.028273		1
257	0.028589		0.61589		0.024731		0.30266		0.028131		1
258	0.028448		0.61586		0.024612		0.30309		0.027988		1
259	0.02831		0.61576		0.024496		0.30359		0.027849		1
260	0.028171		0.61567		0.024379		0.30407		0.027709		1
261	0.028036		0.61552		0.024265		0.30461		0.027573		1
262	0.027901		0.6154		0.024149		0.30511		0.027436		1
263	0.027761		0.61528		0.024032		0.30563		0.027294		1
264	0.027619		0.61525		0.023914		0.30607		0.02715		1
265	0.027481		0.61515		0.023797		0.30657		0.02701		1
266	0.027343		0.61507		0.023681		0.30703		0.02687		1
267	0.027208		0.61494		0.023566		0.30755		0.026733		1
268	0.027073		0.61486		0.023452		0.30802		0.026596		1
269	0.026941		0.61471		0.02334		0.30854		0.026462		1
270	0.026809		0.61461		0.023227		0.30902		0.026328		1
271	0.026681		0.61445		0.023117		0.30955		0.026198		1
272	0.026552		0.61434		0.023007		0.31003		0.026067		1
273	0.026427		0.61417		0.022899		0.31057		0.02594		1
274	0.026302		0.61404		0.022791		0.31106		0.025812		1
275	0.026179		0.61385		0.022686		0.3116		0.025688		1
276	0.026057		0.6137		0.02258		0.3121		0.025564		1
277	0.025938		0.6135		0.022476		0.31265		0.025442		1
278	0.025819		0.61335		0.022372		0.31314		0.02532		1
279	0.025702		0.61314		0.022271		0.31368		0.025201		1
280	0.025585		0.61298		0.022169		0.31418		0.025082		1
281	0.025471		0.61276		0.022069		0.31473		0.024966		1
282	0.025357		0.61259		0.021969		0.31523		0.02485		1
283	0.025246		0.61236		0.021871		0.31578		0.024736		1
284	0.025135		0.61218		0.021773		0.31629		0.024622		1
285	0.025026		0.61194		0.021677		0.31684		0.02451		1
286	0.024917		0.61174		0.021582		0.31736		0.024399		1
287	0.024811		0.61151		0.021487		0.31791		0.02429		1
288	0.024704		0.61131		0.021393		0.31841		0.024181		1
289	0.024598		0.61108		0.0213		0.31895		0.024073		1
290	0.024493		0.61088		0.021207		0.31945		0.023964		1
291	0.024399		0.61059		0.021122		0.32002		0.023867		1
292	0.024323		0.60945		0.021054		0.32139		0.023788		1
293	0.024245		0.60853		0.020982		0.32254		0.023707		1
294	0.024164		0.6076		0.020909		0.32371		0.023623		1
295	0.024069		0.60734		0.020824		0.32425		0.023525		1
296	0.023973		0.60713		0.020738		0.32473		0.023426		1
297	0.023879		0.60687		0.020654		0.32527		0.023329		1
298	0.023784		0.60666		0.02057		0.32575		0.023232		1
299	0.023691		0.6064		0.020487		0.32629		0.023135		1
300	0.023597		0.60618		0.020405		0.32678		0.023039		1
301	0.023519		0.60586		0.020333		0.32733		0.022958		1
302	0.023433		0.60532		0.020254		0.32813		0.022868		1
303	0.023352		0.60472		0.020181		0.32897		0.022784		1
304	0.023273		0.60422		0.020109		0.3297		0.022702		1
305	0.023193		0.60438		0.020038		0.32977		0.022619		1
306	0.023121		0.60451		0.019972		0.32985		0.022544		1
307	0.023051		0.60444		0.019908		0.33013		0.022472		1
308	0.02298		0.60444		0.019844		0.33034		0.022397		1
309	0.022912		0.60428		0.019783		0.3307		0.022327		1
310	0.022842		0.60425		0.019722		0.33093		0.022254		1
311	0.022776		0.60404		0.019664		0.33133		0.022185		1
312	0.022709		0.60401		0.019605		0.33156		0.022115		1
313	0.022644		0.60383		0.019548		0.33194		0.022047		1
314	0.022576		0.60377		0.019489		0.33219		0.021977		1
315	0.022513		0.60354		0.019435		0.3326		0.02191		1
316	0.022447		0.60348		0.019378		0.33285		0.021842		1
317	0.022384		0.60327		0.019326		0.33325		0.021777		1
318	0.022319		0.60321		0.019271		0.33349		0.021709		1
319	0.022256		0.60302		0.019218		0.33386		0.021644		1
320	0.022191		0.60299		0.019164		0.33408		0.021576		1
321	0.022129		0.60281		0.019112		0.33444		0.021511		1
322	0.022064		0.6028		0.019057		0.33463		0.021444		1
323	0.022003		0.60264		0.019006		0.33497		0.02138		1
324	0.021938		0.60265		0.018952		0.33515		0.021312		1
325	0.021876		0.60249		0.018901		0.33549		0.021248		1
326	0.021813		0.60246		0.018847		0.3357		0.021182		1
327	0.021754		0.60225		0.018797		0.33608		0.02112		1
328	0.021693		0.60218		0.018745		0.33632		0.021056		1
329	0.021635		0.60195		0.018696		0.33672		0.020995		1
330	0.021576		0.60186		0.018645		0.33699		0.020932		1
331	0.021521		0.60159		0.018598		0.33742		0.020874		1
332	0.021463		0.60148		0.018548		0.33769		0.020813		1
333	0.021409		0.60122		0.018501		0.33811		0.020755		1
334	0.021353		0.60112		0.018451		0.33838		0.020694		1
335	0.021299		0.60087		0.018403		0.33879		0.020637		1
336	0.021244		0.60076		0.018353		0.33907		0.020577		1
337	0.021191		0.6005		0.018306		0.33948		0.020521		1
338	0.021137		0.60039		0.018256		0.33976		0.020462		1
339	0.021085		0.60012		0.018209		0.34018		0.020406		1
340	0.021031		0.60001		0.018159		0.34045		0.020348		1
341	0.02098		0.59976		0.018112		0.34086		0.020292		1
342	0.020927		0.59965		0.018063		0.34113		0.020234		1
343	0.020876		0.5994		0.018016		0.34153		0.020179		1
344	0.020824		0.59929		0.017967		0.34179		0.020121		1
345	0.020774		0.59905		0.01792		0.34219		0.020066		1
346	0.020722		0.59894		0.017872		0.34246		0.020009		1
347	0.020673		0.59869		0.017825		0.34285		0.019955		1
348	0.020622		0.59858		0.017777		0.34312		0.019898		1
349	0.020572		0.59834		0.017731		0.34351		0.019843		1
350	0.02052		0.59826		0.017683		0.34375		0.019784		1
351	0.02047		0.59804		0.017637		0.34412		0.019728		1
352	0.020419		0.59795		0.017589		0.34437		0.019671		1
353	0.020371		0.5977		0.017544		0.34477		0.019616		1
354	0.020321		0.59759		0.017497		0.34503		0.019559		1
355	0.020274		0.59734		0.017453		0.34543		0.019505		1
356	0.020226		0.59721		0.017407		0.3457		0.01945		1
357	0.02018		0.59695		0.017363		0.34611		0.019397		1
358	0.020133		0.59682		0.017319		0.34639		0.019342		1
359	0.020088		0.59655		0.017276		0.34679		0.01929		1
360	0.020043		0.59642		0.017232		0.34707		0.019236		1
361	0.019998		0.59616		0.01719		0.34747		0.019184		1
362	0.019952		0.59604		0.017147		0.34774		0.019129		1
363	0.019909		0.59577		0.017105		0.34814		0.019077		1
364	0.019864		0.59563		0.017063		0.34842		0.019024		1
365	0.019823		0.59536		0.017023		0.34882		0.018973		1
366	0.01978		0.59522		0.016982		0.3491		0.01892		1
367	0.01974		0.59495		0.016943		0.3495		0.018871		1
368	0.019698		0.5948		0.016903		0.34978		0.018819		1
369	0.01966		0.59453		0.016865		0.35018		0.018771		1
370	0.01962		0.59437		0.016826		0.35046		0.01872		1
371	0.019583		0.59409		0.01679		0.35086		0.018672		1
372	0.019546		0.59394		0.016753		0.35114		0.018623		1
373	0.01951		0.59365		0.016717		0.35154		0.018577		1
374	0.019474		0.59349		0.016681		0.35183		0.018529		1
375	0.019441		0.5932		0.016647		0.35223		0.018483		1
376	0.019407		0.59303		0.016613		0.35251		0.018436		1
377	0.019375		0.59274		0.01658		0.35291		0.018391		1
378	0.019342		0.59257		0.016546		0.3532		0.018345		1
379	0.019312		0.59227		0.016515		0.3536		0.018302		1
380	0.019282		0.59209		0.016483		0.35389		0.018257		1
381	0.019253		0.59179		0.016453		0.35429		0.018214		1
382	0.019224		0.59161		0.016422		0.35458		0.01817		1
383	0.019198		0.59131		0.016393		0.35497		0.018129		1
384	0.019171		0.59112		0.016364		0.35526		0.018086		1
385	0.019146		0.59081		0.016336		0.35566		0.018045		1
386	0.01912		0.59062		0.016308		0.35595		0.018003		1
387	0.019097		0.59031		0.016281		0.35635		0.017963		1
388	0.019073		0.59011		0.016254		0.35664		0.017922		1
389	0.019051		0.5898		0.016229		0.35703		0.017883		1
390	0.019029		0.5896		0.016203		0.35732		0.017843		1
391	0.019008		0.58929		0.016179		0.35772		0.017805		1
392	0.018987		0.58909		0.016154		0.35801		0.017766		1
393	0.018968		0.58878		0.016131		0.3584		0.017728		1
394	0.018948		0.58857		0.016107		0.35869		0.01769		1
395	0.01893		0.58826		0.016085		0.35908		0.017653		1
396	0.018911		0.58805		0.016062		0.35936		0.017615		1
397	0.018895		0.58774		0.01604		0.35975		0.017579		1
398	0.018877		0.58752		0.016018		0.36004		0.017542		1
399	0.018861		0.58721		0.015998		0.36042		0.017506		1
400	0.018844		0.587		0.015976		0.36071		0.01747		1
401	0.018828		0.58669		0.015956		0.36109		0.017435		1
402	0.018812		0.58648		0.015936		0.36137		0.017399		1
403	0.018797		0.58617		0.015916		0.36175		0.017364		1
404	0.018782		0.58596		0.015896		0.36204		0.017328		1
405	0.018768		0.58565		0.015877		0.36241		0.017294		1
406	0.018752		0.58544		0.015857		0.36269		0.017259		1
407	0.018739		0.58514		0.015839		0.36306		0.017225		1
408	0.018724		0.58493		0.01582		0.36334		0.017191		1
409	0.01871		0.58462		0.015801		0.36371		0.017157		1
410	0.018696		0.58441		0.015783		0.36398		0.017123		1
411	0.018683		0.58412		0.015765		0.36435		0.01709		1
412	0.018669		0.58391		0.015746		0.36462		0.017056		1
413	0.018656		0.58361		0.015729		0.36498		0.017023		1
414	0.018642		0.58341		0.01571		0.36525		0.016989		1
415	0.018629		0.58311		0.015693		0.36561		0.016957		1
416	0.018616		0.58291		0.015675		0.36588		0.016923		1
417	0.018603		0.58262		0.015658		0.36623		0.016891		1
418	0.018589		0.58242		0.01564		0.36649		0.016858		1
419	0.018577		0.58213		0.015623		0.36684		0.016826		1
420	0.018563		0.58193		0.015605		0.36711		0.016793		1
421	0.018551		0.58165		0.015588		0.36745		0.016761		1
422	0.018538		0.58145		0.015571		0.36771		0.016729		1
423	0.018525		0.58118		0.015554		0.36805		0.016697		1
424	0.018512		0.58098		0.015536		0.36831		0.016664		1
425	0.0185		0.58071		0.01552		0.36864		0.016633		1
426	0.018487		0.58051		0.015503		0.3689		0.016601		1
427	0.018474		0.58024		0.015486		0.36923		0.01657		1
428	0.018461		0.58005		0.015469		0.36948		0.016538		1
429	0.018449		0.57979		0.015452		0.36981		0.016507		1
430	0.018436		0.5796		0.015435		0.37006		0.016475		1
431	0.018424		0.57933		0.015419		0.37038		0.016444		1
432	0.018411		0.57915		0.015402		0.37063		0.016413		1
433	0.018399		0.57889		0.015385		0.37095		0.016382		1
434	0.018386		0.5787		0.015368		0.37119		0.016351		1
435	0.018374		0.57845		0.015352		0.37151		0.01632		1
436	0.018361		0.57826		0.015335		0.37175		0.016289		1
437	0.018349		0.57801		0.015319		0.37206		0.016259		1
438	0.018336		0.57783		0.015302		0.3723		0.016228		1
439	0.018324		0.57759		0.015286		0.37261		0.016198		1
440	0.018311		0.57741		0.015269		0.37284		0.016167		1
441	0.0183		0.57716		0.015253		0.37315		0.016137		1
442	0.018287		0.57699		0.015237		0.37338		0.016107		1
443	0.018275		0.57675		0.01522		0.37368		0.016077		1
444	0.018262		0.57658		0.015204		0.37391		0.016046		1
445	0.01825		0.57634		0.015188		0.37421		0.016017		1
446	0.018238		0.57617		0.015171		0.37444		0.015987		1
447	0.018226		0.57593		0.015155		0.37473		0.015957		1
448	0.018213		0.57577		0.015139		0.37495		0.015927		1
449	0.018201		0.57554		0.015123		0.37524		0.015898		1
450	0.018189		0.57537		0.015106		0.37547		0.015868		1
451	0.018177		0.57514		0.015091		0.37575		0.015839		1
452	0.018164		0.57498		0.015074		0.37597		0.01581		1
453	0.018153		0.57476		0.015058		0.37625		0.015781		1
454	0.018142		0.57458		0.015043		0.37648		0.015753		1
455	0.018135		0.5741		0.015031		0.377		0.015728		1
456	0.018124		0.57388		0.015016		0.37728		0.0157		1
457	0.018117		0.57341		0.015004		0.3778		0.015676		1
458	0.018109		0.57303		0.014991		0.37822		0.015651		1
459	0.0181		0.57272		0.014977		0.37858		0.015624		1
460	0.018089		0.57256		0.014961		0.37879		0.015597		1
461	0.018078		0.57237		0.014946		0.37904		0.015569		1
462	0.018067		0.57222		0.014931		0.37924		0.015542		1
463	0.018056		0.57202		0.014916		0.37949		0.015514		1
464	0.018044		0.57188		0.014901		0.37969		0.015487		1
465	0.018033		0.57168		0.014887		0.37994		0.015459		1
466	0.018021		0.57154		0.014871		0.38013		0.015431		1
467	0.01801		0.57135		0.014856		0.38038		0.015404		1
468	0.017997		0.57121		0.014841		0.38058		0.015375		1
469	0.017999		0.57065		0.014836		0.38116		0.015359		1
470	0.018018		0.56884		0.014845		0.38295		0.015356		1
471	0.018022		0.56713		0.014843		0.38467		0.015341		1
472	0.018032		0.5664		0.014844		0.38539		0.015331		1
473	0.018032		0.56541		0.014839		0.3864		0.015314		1
474	0.018027		0.56486		0.01483		0.38699		0.015292		1
475	0.018018		0.56467		0.014818		0.38723		0.015268		1
476	0.018008		0.56455		0.014806		0.38739		0.015242		1
477	0.017999		0.5644		0.014794		0.38759		0.015217		1
478	0.017989		0.56429		0.014782		0.38775		0.015193		1
479	0.01798		0.56414		0.014771		0.38794		0.015168		1
480	0.01797		0.56403		0.01476		0.3881		0.015143		1
481	0.01796		0.5639		0.014749		0.38827		0.015119		1
482	0.01795		0.5638		0.014738		0.38842		0.015094		1
483	0.01794		0.56368		0.014728		0.38858		0.015069		1
484	0.01793		0.5636		0.014717		0.3887		0.015045		1
485	0.017919		0.56351		0.014707		0.38885		0.01502		1
486	0.017908		0.56345		0.014697		0.38895		0.014995		1
487	0.017897		0.56337		0.014686		0.38907		0.01497		1
488	0.017886		0.56333		0.014675		0.38916		0.014945		1
489	0.017875		0.56327		0.014664		0.38927		0.01492		1
490	0.017863		0.56324		0.014653		0.38935		0.014895		1
491	0.017851		0.56317		0.014642		0.38946		0.01487		1
492	0.017839		0.56313		0.014631		0.38956		0.014844		1
493	0.017828		0.56304		0.01462		0.3897		0.014819		1
494	0.017817		0.56296		0.014609		0.38982		0.014795		1
495	0.017807		0.56284		0.014598		0.38998		0.014771		1
496	0.017796		0.56275		0.014588		0.39012		0.014747		1
497	0.017786		0.56263		0.014577		0.39028		0.014723		1
498	0.017776		0.56254		0.014567		0.39041		0.0147		1
499	0.017766		0.56244		0.014555		0.39056		0.014676		1
500	0.017756		0.56237		0.014544		0.39068		0.014652		1
501	0.017745		0.56229		0.014531		0.39081		0.014628		1
502	0.017734		0.56223		0.014518		0.39091		0.014604		1
503	0.017724		0.56214		0.014505		0.39105		0.014581		1
504	0.017715		0.56207		0.014493		0.39116		0.014558		1
505	0.017706		0.56201		0.014481		0.39127		0.014535		1
506	0.017697		0.56194		0.014469		0.39138		0.014512		1
507	0.017688		0.56185		0.014457		0.39151		0.01449		1
508	0.017679		0.56178		0.014444		0.39163		0.014467		1
509	0.01767		0.56169		0.014433		0.39176		0.014445		1
510	0.01766		0.56167		0.01442		0.39182		0.014422		1
511	0.017646		0.56111		0.014405		0.39245		0.014393		1
512	0.017632		0.56054		0.01439		0.39307		0.014364		1
513	0.017617		0.55998		0.014374		0.39369		0.014334		1
514	0.017603		0.55944		0.014358		0.3943		0.014304		1
515	0.017582		0.55926		0.014337		0.39456		0.01427		1
516	0.017563		0.55902		0.014317		0.39487		0.014236		1
517	0.017543		0.55878		0.014298		0.39518		0.014202		1
518	0.017523		0.55855		0.014278		0.39548		0.014168		1
519	0.017505		0.55828		0.014259		0.39582		0.014135		1
520	0.017488		0.55801		0.014241		0.39616		0.014103		1
521	0.017472		0.55771		0.014224		0.39653		0.014071		1
522	0.017457		0.55742		0.014208		0.39687		0.014041		1
523	0.017442		0.55713		0.014192		0.39723		0.014011		1
524	0.017428		0.55684		0.014176		0.39758		0.013981		1
525	0.017413		0.55653		0.01416		0.39795		0.013951		1
526	0.017398		0.55625		0.014144		0.39829		0.013921		1
527	0.017384		0.55597		0.014128		0.39863		0.013891		1
528	0.017369		0.55572		0.014112		0.39894		0.013861		1
529	0.017355		0.55545		0.014097		0.39927		0.013831		1
530	0.017341		0.55522		0.014081		0.39956		0.013802		1
531	0.017328		0.55497		0.014066		0.39986		0.013773		1
532	0.017314		0.55474		0.014051		0.40015		0.013745		1
533	0.017301		0.5545		0.014036		0.40045		0.013716		1
534	0.017288		0.55427		0.014021		0.40073		0.013688		1
535	0.017275		0.55403		0.014006		0.40102		0.01366		1
536	0.017262		0.55381		0.013991		0.4013		0.013633		1
537	0.017249		0.55359		0.013977		0.40158		0.013605		1
538	0.017237		0.55339		0.013962		0.40184		0.013577		1
539	0.017224		0.55317		0.013947		0.40211		0.01355		1
540	0.017211		0.55297		0.013932		0.40236		0.013522		1
541	0.017199		0.55272		0.013918		0.40267		0.013496		1
542	0.017194		0.55207		0.013909		0.40335		0.013475		1
543	0.017186		0.55155		0.013898		0.40391		0.013451		1
544	0.017177		0.55104		0.013886		0.40447		0.013427		1
545	0.017165		0.55085		0.013871		0.40471		0.013401		1
546	0.017154		0.55067		0.013857		0.40495		0.013375		1
547	0.017142		0.55049		0.013843		0.40518		0.013349		1
548	0.01713		0.55031		0.013828		0.40541		0.013323		1
549	0.017119		0.55013		0.013814		0.40564		0.013298		1
550	0.017107		0.54996		0.0138		0.40586		0.013272		1
551	0.017096		0.54979		0.013787		0.40608		0.013247		1
552	0.017085		0.54962		0.013773		0.4063		0.013222		1
553	0.017073		0.54942		0.013759		0.40655		0.013197		1
554	0.017054		0.54926		0.013739		0.40678		0.013167		1
555	0.017064		0.54832		0.013741		0.40772		0.013157		1
556	0.017065		0.54757		0.013736		0.40849		0.01314		1
557	0.017051		0.54753		0.013721		0.40858		0.013113		1
558	0.017052		0.54729		0.013716		0.40885		0.013098		1
559	0.017045		0.54695		0.013706		0.40922		0.013078		1
560	0.017041		0.54654		0.013698		0.40965		0.013063		1
561	0.017031		0.54657		0.013687		0.40967		0.013044		1
562	0.017021		0.54661		0.013675		0.40967		0.013025		1
563	0.017011		0.54664		0.013664		0.40968		0.013005		1
564	0.017001		0.54667		0.013652		0.40969		0.012986		1
565	0.016991		0.5467		0.013641		0.40971		0.012966		1
566	0.016981		0.5467		0.01363		0.40974		0.012947		1
567	0.016972		0.54675		0.01362		0.40973		0.012928		1
568	0.016963		0.54676		0.01361		0.40976		0.012909		1
569	0.016953		0.54682		0.0136		0.40973		0.01289		1
570	0.016942		0.54687		0.013589		0.40973		0.012871		1
571	0.016931		0.54691		0.013578		0.40973		0.012851		1
572	0.016921		0.54695		0.013568		0.40973		0.012832		1
573	0.016911		0.54699		0.013558		0.40973		0.012813		1
574	0.016901		0.54702		0.01355		0.40973		0.012795		1
575	0.016892		0.54707		0.013541		0.40972		0.012778		1
576	0.016884		0.54711		0.013533		0.40971		0.01276		1
577	0.016875		0.54715		0.013525		0.40971		0.012743		1
578	0.016866		0.54719		0.013517		0.4097		0.012725		1
579	0.016857		0.54723		0.01351		0.40969		0.012708		1
580	0.016847		0.54728		0.013501		0.40969		0.01269		1
581	0.016836		0.54733		0.013493		0.40967		0.012671		1
582	0.016823		0.54742		0.013482		0.40963		0.012651		1
583	0.016808		0.54739		0.013471		0.4097		0.012628		1
584	0.016798		0.5471		0.013463		0.41003		0.01261		1
585	0.016786		0.54695		0.013454		0.41022		0.012593		1
586	0.016776		0.54673		0.013447		0.41047		0.012579		1
587	0.016762		0.54682		0.013437		0.41042		0.012566		1
588	0.016748		0.54692		0.013427		0.41035		0.012552		1
589	0.016735		0.54703		0.013417		0.41028		0.012539		1
590	0.016723		0.54714		0.013408		0.41021		0.012527		1
591	0.016711		0.54721		0.013398		0.41016		0.012517		1
592	0.016693		0.54742		0.013385		0.41		0.012508		1
593	0.016671		0.5476		0.013368		0.40987		0.012498		1
594	0.016652		0.54769		0.013354		0.40981		0.012489		1
595	0.016624		0.54794		0.013333		0.40963		0.012477		1
596	0.01659		0.54832		0.013307		0.40932		0.012463		1
597	0.016565		0.54862		0.013289		0.40908		0.012449		1
598	0.016551		0.54874		0.013279		0.40899		0.01244		1
599	0.016541		0.54875		0.013273		0.409		0.012431		1
600	0.016539		0.54866		0.013273		0.4091		0.012425		1
601	0.016541		0.54857		0.013275		0.40919		0.012419		1
602	0.016543		0.5487		0.013278		0.40907		0.012409		1
603	0.016528		0.54985		0.013268		0.40797		0.012386		1
604	0.016516		0.54933		0.01326		0.40853		0.012366		1
605	0.016502		0.54895		0.013251		0.40895		0.012344		1
606	0.016488		0.54849		0.013241		0.40945		0.012323		1
607	0.016469		0.54835		0.013228		0.40966		0.012299		1
608	0.016448		0.54816		0.013213		0.4099		0.012273		1
609	0.016431		0.54796		0.0132		0.41016		0.012249		1
610	0.016414		0.54779		0.013187		0.41038		0.012226		1
611	0.0164		0.54762		0.013176		0.4106		0.012204		1
612	0.016386		0.54747		0.013165		0.4108		0.012182		1
613	0.016372		0.54734		0.013153		0.41098		0.012159		1
614	0.016358		0.54725		0.01314		0.41111		0.012137		1
615	0.016347		0.54717		0.01313		0.41123		0.012117		1
616	0.016335		0.54714		0.013119		0.41131		0.012096		1
617	0.016323		0.54708		0.013107		0.41141		0.012076		1
618	0.016311		0.547		0.013095		0.41153		0.012055		1
619	0.016299		0.54689		0.013083		0.41169		0.012034		1
620	0.016287		0.54679		0.013071		0.41184		0.012014		1
621	0.016276		0.54667		0.013059		0.412		0.011993		1
622	0.016264		0.54656		0.013046		0.41216		0.011973		1
623	0.016252		0.54643		0.013034		0.41233		0.011952		1
624	0.016241		0.54633		0.013022		0.41248		0.011932		1
625	0.016228		0.54622		0.013009		0.41263		0.01191		1
626	0.016215		0.54614		0.012995		0.41276		0.011889		1
627	0.016202		0.54604		0.012982		0.41291		0.011867		1
628	0.01619		0.54594		0.012969		0.41305		0.011845		1
629	0.016177		0.54584		0.012955		0.4132		0.011824		1
630	0.016165		0.54575		0.012942		0.41334		0.011803		1
631	0.016152		0.54565		0.012929		0.41349		0.011782		1
632	0.01614		0.54556		0.012915		0.41362		0.011761		1
633	0.016128		0.54546		0.012902		0.41377		0.01174		1
634	0.016116		0.54538		0.012889		0.4139		0.011719		1
635	0.016104		0.54528		0.012875		0.41404		0.011698		1
636	0.016092		0.54519		0.012862		0.41418		0.011678		1
637	0.016081		0.54509		0.012849		0.41432		0.011657		1
638	0.016069		0.54501		0.012836		0.41445		0.011637		1
639	0.016058		0.54492		0.012823		0.41458		0.011617		1
640	0.016047		0.54484		0.012809		0.41471		0.011596		1
641	0.016035		0.54475		0.012796		0.41484		0.011576		1
642	0.016024		0.54468		0.012783		0.41496		0.011556		1
643	0.016013		0.54459		0.01277		0.41509		0.011536		1
644	0.016002		0.54451		0.012757		0.41522		0.011517		1
645	0.015991		0.54443		0.012744		0.41534		0.011497		1
646	0.01598		0.54435		0.012731		0.41546		0.011477		1
647	0.01597		0.54427		0.012718		0.41558		0.011458		1
648	0.015959		0.5442		0.012706		0.4157		0.011438		1
649	0.015949		0.54413		0.012693		0.41581		0.011419		1
650	0.015942		0.54385		0.012683		0.41612		0.011403		1
651	0.015932		0.54381		0.01267		0.4162		0.011383		1
652	0.015924		0.54372		0.012659		0.41633		0.011366		1
653	0.015915		0.54354		0.012648		0.41655		0.011348		1
654	0.015907		0.54348		0.012637		0.41664		0.011331		1
655	0.015905		0.54272		0.012631		0.41742		0.011318		1
656	0.015901		0.54209		0.012622		0.41809		0.011303		1
657	0.015892		0.54199		0.012611		0.41822		0.011285		1
658	0.015883		0.54195		0.012599		0.4183		0.011268		1
659	0.015874		0.54189		0.012588		0.4184		0.01125		1
660	0.015864		0.54184		0.012576		0.41848		0.011232		1
661	0.015855		0.5418		0.012565		0.41857		0.011214		1
662	0.015846		0.54175		0.012553		0.41865		0.011196		1
663	0.015836		0.54171		0.012542		0.41873		0.011178		1
664	0.015825		0.54169		0.01253		0.4188		0.01116		1
665	0.015825		0.54145		0.012525		0.41905		0.011149		1
666	0.015821		0.54095		0.012518		0.41958		0.011135		1
667	0.015814		0.54076		0.012509		0.4198		0.011121		1
668	0.015807		0.54078		0.0125		0.41981		0.011106		1
669	0.015799		0.54086		0.01249		0.41976		0.011091		1
670	0.01579		0.54092		0.01248		0.41973		0.011075		1
671	0.015782		0.54097		0.012471		0.41972		0.01106		1
672	0.015774		0.54101		0.012462		0.41971		0.011045		1
673	0.015767		0.54105		0.012453		0.4197		0.011031		1
674	0.015759		0.54108		0.012445		0.4197		0.011016		1
675	0.015751		0.5411		0.012437		0.41971		0.011001		1
676	0.015743		0.54113		0.012429		0.41971		0.010987		1
677	0.015735		0.54117		0.012421		0.4197		0.010972		1
678	0.015728		0.5412		0.012413		0.4197		0.010958		1
679	0.015719		0.54124		0.012405		0.41969		0.010943		1
680	0.015711		0.54129		0.012398		0.41967		0.010929		1
681	0.015703		0.54135		0.01239		0.41965		0.010914		1
682	0.015694		0.54141		0.012382		0.41962		0.010899		1
683	0.015685		0.54147		0.012374		0.41958		0.010885		1
684	0.015676		0.54155		0.012366		0.41954		0.01087		1
685	0.015667		0.54162		0.012358		0.4195		0.010855		1
686	0.015658		0.5417		0.01235		0.41946		0.01084		1
687	0.015649		0.54177		0.012342		0.41942		0.010825		1
688	0.01564		0.54182		0.012334		0.4194		0.010811		1
689	0.015631		0.54185		0.012326		0.41939		0.010797		1
690	0.015623		0.5419		0.012318		0.41938		0.010782		1
691	0.015614		0.54193		0.01231		0.41937		0.010768		1
692	0.015606		0.54197		0.012302		0.41937		0.010754		1
693	0.015598		0.542		0.012294		0.41937		0.010739		1
694	0.01559		0.54203		0.012287		0.41937		0.010725		1
695	0.015582		0.54206		0.012278		0.41937		0.010712		1
696	0.015574		0.54209		0.01227		0.41936		0.010698		1
697	0.015567		0.54213		0.012261		0.41935		0.010684		1
698	0.015559		0.54218		0.012253		0.41934		0.01067		1
699	0.015551		0.54222		0.012244		0.41933		0.010656		1
700	0.015544		0.54226		0.012235		0.41932		0.010642		1
701	0.015536		0.54233		0.012226		0.41928		0.010628		1
702	0.015529		0.54236		0.012217		0.41928		0.010614		1
703	0.015521		0.54242		0.012208		0.41925		0.0106		1
704	0.015513		0.54247		0.012198		0.41923		0.010586		1
705	0.015505		0.54251		0.012189		0.41922		0.010572		1
706	0.015497		0.54256		0.012179		0.4192		0.010558		1
707	0.015489		0.5426		0.012169		0.41919		0.010544		1
708	0.015481		0.54265		0.012159		0.41918		0.01053		1
709	0.015473		0.5427		0.012149		0.41917		0.010516		1
710	0.015465		0.54274		0.012139		0.41916		0.010502		1
711	0.015456		0.54279		0.012128		0.41914		0.010487		1
712	0.015448		0.54284		0.012118		0.41912		0.010473		1
713	0.015439		0.5429		0.012107		0.4191		0.010458		1
714	0.01543		0.54295		0.012096		0.41908		0.010443		1
715	0.015421		0.543		0.012085		0.41907		0.010428		1
716	0.015413		0.54304		0.012075		0.41906		0.010414		1
717	0.015404		0.54308		0.012064		0.41906		0.010399		1
718	0.015395		0.54312		0.012053		0.41905		0.010384		1
719	0.015386		0.54316		0.012042		0.41905		0.01037		1
720	0.015378		0.54319		0.012031		0.41904		0.010355		1
721	0.015369		0.54323		0.01202		0.41904		0.010341		1
722	0.01536		0.54327		0.012009		0.41903		0.010326		1
723	0.015351		0.54331		0.011998		0.41903		0.010311		1
724	0.015342		0.54336		0.011987		0.41902		0.010296		1
725	0.015333		0.5434		0.011976		0.41901		0.010282		1
726	0.015324		0.54344		0.011964		0.41901		0.010267		1
727	0.015315		0.54348		0.011953		0.419		0.010252		1
728	0.015306		0.54352		0.011942		0.419		0.010237		1
729	0.015297		0.54356		0.011931		0.41899		0.010222		1
730	0.015288		0.54359		0.011919		0.41899		0.010208		1
731	0.015279		0.54363		0.011908		0.41899		0.010193		1
732	0.01527		0.54367		0.011897		0.41898		0.010179		1
733	0.015262		0.54371		0.011886		0.41898		0.010164		1
734	0.015253		0.54375		0.011875		0.41898		0.01015		1
735	0.015244		0.54378		0.011864		0.41897		0.010135		1
736	0.015236		0.54382		0.011853		0.41897		0.010121		1
737	0.015227		0.54386		0.011842		0.41897		0.010107		1
738	0.015218		0.54389		0.011831		0.41897		0.010093		1
739	0.01521		0.54393		0.01182		0.41896		0.010079		1
740	0.015201		0.54396		0.011809		0.41896		0.010064		1
741	0.015193		0.544		0.011798		0.41896		0.01005		1
742	0.015184		0.54403		0.011788		0.41896		0.010036		1
743	0.015176		0.54407		0.011777		0.41896		0.010022		1
744	0.015167		0.5441		0.011766		0.41896		0.010008		1
745	0.015159		0.54414		0.011755		0.41896		0.0099944		1
746	0.015151		0.54417		0.011744		0.41896		0.0099805		1
747	0.015142		0.5442		0.011734		0.41896		0.0099667		1
748	0.015134		0.54423		0.011723		0.41896		0.009953		1
749	0.015126		0.54427		0.011712		0.41896		0.0099392		1
750	0.015117		0.5443		0.011702		0.41896		0.0099255		1
751	0.015109		0.54433		0.011691		0.41896		0.0099119		1
752	0.015101		0.54436		0.01168		0.41896		0.0098983		1
753	0.015093		0.54439		0.01167		0.41896		0.0098847		1
